Time_us	Excitation
0.000000000000000000e+00	0.000000000000000000e+00
1.666666666666666644e-02	8.997076092646346171e-06
3.333333333333333287e-02	7.186561075651082676e-05
4.999999999999999584e-02	2.419229477695494389e-04
6.666666666666666574e-02	5.713822792533235348e-04
8.333333333333334259e-02	1.110810737662855114e-03
9.999999999999999167e-02	1.908599613709570332e-03
1.166666666666666685e-01	3.010450616961500570e-03
1.333333333333333315e-01	4.458881989547218948e-03
1.499999999999999944e-01	6.292758151765972044e-03
1.666666666666666852e-01	8.546846402314315846e-03
1.833333333333333204e-01	1.125140401627330693e-02
1.999999999999999833e-01	1.443179888209934932e-02
2.166666666666666741e-01	1.810816659591807376e-02
2.333333333333333370e-01	2.229510668884648536e-02
2.500000000000000000e-01	2.700142040241601538e-02
2.666666666666666630e-01	3.222989215009570974e-02
2.833333333333333814e-01	3.797711651118838849e-02
2.999999999999999889e-01	4.423337229885732080e-02
3.166666666666666519e-01	5.098254492867359405e-02
3.333333333333333703e-01	5.820209798988173339e-02
3.499999999999999778e-01	6.586309459062318628e-02
3.666666666666666408e-01	7.393026871276045520e-02
3.833333333333333592e-01	8.236214647385699250e-02
3.999999999999999667e-01	9.111121685545243987e-02
4.166666666666666852e-01	1.001241511202114465e-01
4.333333333333333481e-01	1.093420698079675540e-01
4.500000000000000111e-01	1.187008558742861930e-01
4.666666666666666741e-01	1.281315122170277876e-01
4.833333333333332815e-01	1.375605615285607486e-01
5.000000000000000000e-01	1.469104861157533581e-01
5.166666666666666075e-01	1.561002050485722492e-01
5.333333333333333259e-01	1.650455857328794462e-01
5.500000000000000444e-01	1.736599867555589649e-01
5.666666666666667629e-01	1.818548286220772470e-01
5.833333333333333703e-01	1.895401887994515033e-01
5.999999999999999778e-01	1.966254172927797972e-01
6.166666666666666963e-01	2.030197688221839492e-01
6.333333333333333037e-01	2.086330475303421472e-01
6.500000000000000222e-01	2.133762600396691966e-01
6.666666666666667407e-01	2.171622725934168052e-01
6.833333333333333481e-01	2.199064679571462455e-01
6.999999999999999556e-01	2.215273977265882488e-01
7.166666666666666741e-01	2.219474256851611538e-01
7.333333333333332815e-01	2.210933578794392618e-01
7.500000000000000000e-01	2.188970551335995829e-01
7.666666666666667185e-01	2.152960238040775853e-01
7.833333333333334370e-01	2.102339806828994739e-01
7.999999999999999334e-01	2.036613880918739794e-01
8.166666666666666519e-01	1.955359553692245789e-01
8.333333333333333703e-01	1.858231031344586281e-01
8.499999999999999778e-01	1.744963869251769661e-01
8.666666666666666963e-01	1.615378770299500666e-01
8.833333333333334147e-01	1.469384915929263236e-01
9.000000000000000222e-01	1.306982803370173585e-01
9.166666666666666297e-01	1.128266565416760070e-01
9.333333333333333481e-01	9.334257521673225422e-02
9.499999999999999556e-01	7.227465573360333795e-02
9.666666666666665630e-01	4.966124750753283384e-02
9.833333333333333925e-01	2.555043766729976629e-02
1.000000000000000000e+00	2.840197994307997950e-16
1.016666666666666829e+00	-2.692271518413733716e-02
1.033333333333333215e+00	-5.514095026052706627e-02
1.050000000000000044e+00	-8.456876820303742270e-02
1.066666666666666652e+00	-1.151113384684877422e-01
1.083333333333333259e+00	-1.466652797604038327e-01
1.100000000000000089e+00	-1.791190582243954998e-01
1.116666666666666696e+00	-2.123534392794188264e-01
1.133333333333333526e+00	-2.462419909503668347e-01
1.149999999999999911e+00	-2.806516362399642528e-01
1.166666666666666741e+00	-3.154432517639265687e-01
1.183333333333333348e+00	-3.504723095746969386e-01
1.199999999999999956e+00	-3.855895588177106759e-01
1.216666666666666785e+00	-4.206417436018317635e-01
1.233333333333333393e+00	-4.554723532239702832e-01
1.250000000000000000e+00	-4.899224006685697907e-01
1.266666666666666607e+00	-5.238312251069160430e-01
1.283333333333333215e+00	-5.570373139504742888e-01
1.300000000000000044e+00	-5.893791398677007409e-01
1.316666666666666652e+00	-6.206960080560403048e-01
1.333333333333333481e+00	-6.508289089708778619e-01
1.350000000000000089e+00	-6.796213716516600334e-01
1.366666666666666696e+00	-7.069203127527691199e-01
1.383333333333333304e+00	-7.325768763832154473e-01
1.399999999999999911e+00	-7.564472598849697471e-01
1.416666666666666741e+00	-7.783935207347000285e-01
1.433333333333333348e+00	-7.982843598375485294e-01
1.450000000000000178e+00	-8.159958765939432368e-01
1.466666666666666563e+00	-8.314122912607196936e-01
1.483333333333333393e+00	-8.444266302952139203e-01
1.500000000000000000e+00	-8.549413705645735329e-01
1.516666666666666607e+00	-8.628690385211899017e-01
1.533333333333333437e+00	-8.681327606876634295e-01
1.550000000000000044e+00	-8.706667620596331147e-01
1.566666666666666874e+00	-8.704168093206285928e-01
1.583333333333333259e+00	-8.673405960681511706e-01
1.599999999999999867e+00	-8.614080675726806247e-01
1.616666666666666696e+00	-8.526016829293396881e-01
1.633333333333333304e+00	-8.409166128135402429e-01
1.650000000000000133e+00	-8.263608714150053602e-01
1.666666666666666741e+00	-8.089553814969793200e-01
1.683333333333333348e+00	-7.887339719069496047e-01
1.699999999999999956e+00	-7.657433072496387938e-01
1.716666666666666563e+00	-7.400427498200050636e-01
1.733333333333333393e+00	-7.117041542812855281e-01
1.750000000000000000e+00	-6.808115959583970200e-01
1.766666666666666829e+00	-6.474610339979480766e-01
1.783333333333333437e+00	-6.117599110205047541e-01
1.800000000000000044e+00	-5.738266912562872690e-01
1.816666666666666652e+00	-5.337903395100341841e-01
1.833333333333333259e+00	-4.917897436421643786e-01
1.850000000000000089e+00	-4.479730835796290056e-01
1.866666666666666696e+00	-4.024971501789824657e-01
1.883333333333333526e+00	-3.555266175543211893e-01
1.899999999999999911e+00	-3.072332727522310569e-01
1.916666666666666741e+00	-2.577952069029572635e-01
1.933333333333333126e+00	-2.073959722003616557e-01
1.949999999999999956e+00	-1.562237092613740497e-01
1.966666666666666785e+00	-1.044702495875080295e-01
1.983333333333333615e+00	-5.233595624294348075e-02
2.000000000000000000e+00	-1.133107779529595923e-15
2.016666666666666607e+00	5.233595624294388321e-02
2.033333333333333659e+00	1.045284632676538178e-01
2.049999999999999822e+00	1.564344650402297310e-01
2.066666666666666430e+00	2.079116908177585099e-01
2.083333333333333481e+00	2.588190451025202399e-01
2.100000000000000089e+00	3.090169943749463410e-01
2.116666666666666696e+00	3.583679495452994912e-01
2.133333333333333304e+00	4.067366430757997087e-01
2.150000000000000355e+00	4.539904997395465824e-01
2.166666666666666519e+00	4.999999999999992784e-01
2.183333333333333126e+00	5.446390350150266402e-01
2.200000000000000178e+00	5.877852522924729151e-01
2.216666666666666785e+00	6.293203910498368359e-01
2.233333333333333393e+00	6.691306063588577935e-01
2.250000000000000000e+00	7.071067811865473507e-01
2.266666666666667052e+00	7.431448254773942441e-01
2.283333333333333215e+00	7.771459614569705687e-01
2.299999999999999822e+00	8.090169943749472292e-01
2.316666666666666874e+00	8.386705679454240503e-01
2.333333333333333481e+00	8.660254037844379305e-01
2.350000000000000089e+00	8.910065241883677878e-01
2.366666666666666696e+00	9.135454576426008666e-01
2.383333333333333304e+00	9.335804264972018540e-01
2.399999999999999911e+00	9.510565162951531981e-01
2.416666666666666519e+00	9.659258262890680902e-01
2.433333333333333570e+00	9.781476007338056888e-01
2.450000000000000178e+00	9.876883405951375483e-01
2.466666666666666785e+00	9.945218953682732899e-01
2.483333333333333393e+00	9.986295347545738332e-01
2.500000000000000000e+00	1.000000000000000000e+00
2.516666666666666607e+00	9.986295347545739443e-01
2.533333333333333215e+00	9.945218953682734009e-01
2.550000000000000266e+00	9.876883405951376593e-01
2.566666666666666430e+00	9.781476007338057999e-01
2.583333333333333481e+00	9.659258262890684232e-01
2.600000000000000089e+00	9.510565162951536422e-01
2.616666666666666696e+00	9.335804264972024091e-01
2.633333333333333304e+00	9.135454576426015327e-01
2.649999999999999911e+00	8.910065241883684539e-01
2.666666666666666963e+00	8.660254037844391517e-01
2.683333333333333126e+00	8.386705679454243834e-01
2.700000000000000178e+00	8.090169943749476733e-01
2.716666666666666785e+00	7.771459614569709018e-01
2.733333333333333393e+00	7.431448254773952433e-01
2.750000000000000000e+00	7.071067811865484609e-01
2.766666666666666607e+00	6.691306063588589037e-01
2.783333333333333659e+00	6.293203910498379461e-01
2.799999999999999822e+00	5.877852522924733591e-01
2.816666666666666874e+00	5.446390350150270843e-01
2.833333333333333481e+00	4.999999999999997780e-01
2.850000000000000089e+00	4.539904997395479147e-01
2.866666666666666696e+00	4.067366430758010409e-01
2.883333333333333304e+00	3.583679495453008790e-01
2.900000000000000355e+00	3.090169943749477843e-01
2.916666666666666519e+00	2.588190451025225158e-01
2.933333333333333126e+00	2.079116908177591205e-01
2.950000000000000178e+00	1.564344650402303416e-01
2.966666666666666785e+00	1.045284632676544284e-01
2.983333333333333393e+00	5.233595624294449383e-02
3.000000000000000000e+00	3.673940397442059375e-16
3.016666666666667052e+00	-5.233595624294375831e-02
3.033333333333333215e+00	-1.045284632676519304e-01
3.049999999999999822e+00	-1.564344650402296200e-01
3.066666666666666874e+00	-2.079116908177583989e-01
3.083333333333333481e+00	-2.588190451025201289e-01
3.100000000000000089e+00	-3.090169943749470627e-01
3.116666666666666696e+00	-3.583679495453002128e-01
3.133333333333333748e+00	-4.067366430758003748e-01
3.149999999999999911e+00	-4.539904997395456387e-01
3.166666666666666519e+00	-4.999999999999991673e-01
3.183333333333333570e+00	-5.446390350150265292e-01
3.199999999999999734e+00	-5.877852522924728040e-01
3.216666666666666785e+00	-6.293203910498373910e-01
3.233333333333333393e+00	-6.691306063588583486e-01
3.250000000000000444e+00	-7.071067811865465735e-01
3.266666666666666607e+00	-7.431448254773935780e-01
3.283333333333333215e+00	-7.771459614569704577e-01
3.300000000000000266e+00	-8.090169943749472292e-01
3.316666666666666430e+00	-8.386705679454230511e-01
3.333333333333333481e+00	-8.660254037844378194e-01
3.350000000000000089e+00	-8.910065241883681209e-01
3.366666666666666696e+00	-9.135454576426005335e-01
3.383333333333333304e+00	-9.335804264972015210e-01
3.399999999999999911e+00	-9.510565162951534202e-01
3.416666666666666963e+00	-9.659258262890682012e-01
3.433333333333333126e+00	-9.781476007338053558e-01
3.450000000000000178e+00	-9.876883405951375483e-01
3.466666666666666785e+00	-9.945218953682731788e-01
3.483333333333333393e+00	-9.986295347545738332e-01
3.500000000000000000e+00	-1.000000000000000000e+00
3.516666666666666607e+00	-9.986295347545738332e-01
3.533333333333333659e+00	-9.945218953682732899e-01
3.549999999999999822e+00	-9.876883405951378814e-01
3.566666666666666874e+00	-9.781476007338057999e-01
3.583333333333333481e+00	-9.659258262890685343e-01
3.600000000000000089e+00	-9.510565162951537532e-01
3.616666666666666696e+00	-9.335804264972018540e-01
3.633333333333333304e+00	-9.135454576426008666e-01
3.650000000000000355e+00	-8.910065241883676768e-01
3.666666666666666519e+00	-8.660254037844391517e-01
3.683333333333333570e+00	-8.386705679454243834e-01
3.700000000000000178e+00	-8.090169943749476733e-01
3.716666666666666785e+00	-7.771459614569721230e-01
3.733333333333333393e+00	-7.431448254773953543e-01
3.750000000000000000e+00	-7.071067811865484609e-01
3.766666666666667052e+00	-6.691306063588590147e-01
3.783333333333333215e+00	-6.293203910498380571e-01
3.799999999999999822e+00	-5.877852522924734702e-01
3.816666666666666874e+00	-5.446390350150271953e-01
3.833333333333333481e+00	-4.999999999999998890e-01
3.850000000000000533e+00	-4.539904997395464159e-01
3.866666666666666252e+00	-4.067366430758011520e-01
3.883333333333333304e+00	-3.583679495453009900e-01
3.899999999999999911e+00	-3.090169943749478954e-01
3.916666666666666519e+00	-2.588190451025209615e-01
3.933333333333333570e+00	-2.079116908177592316e-01
3.950000000000000178e+00	-1.564344650402304804e-01
3.966666666666667229e+00	-1.045284632676527770e-01
3.983333333333332948e+00	-5.233595624294638815e-02
4.000000000000000000e+00	-2.266215559059191846e-15
4.016666666666666607e+00	5.233595624294364035e-02
4.033333333333333215e+00	1.045284632676535680e-01
4.049999999999999822e+00	1.564344650402312575e-01
4.066666666666667318e+00	2.079116908177600087e-01
4.083333333333333925e+00	2.588190451025182970e-01
4.099999999999999645e+00	3.090169943749452308e-01
4.116666666666666252e+00	3.583679495452984365e-01
4.133333333333332860e+00	4.067366430757986540e-01
4.150000000000000355e+00	4.539904997395455277e-01
4.166666666666666963e+00	4.999999999999990563e-01
4.183333333333333570e+00	5.446390350150264181e-01
4.200000000000000178e+00	5.877852522924712497e-01
4.216666666666666785e+00	6.293203910498358367e-01
4.233333333333333393e+00	6.691306063588569053e-01
4.250000000000000000e+00	7.071067811865465735e-01
4.266666666666666607e+00	7.431448254773934670e-01
4.283333333333333215e+00	7.771459614569703467e-01
4.300000000000000711e+00	8.090169943749471182e-01
4.316666666666667318e+00	8.386705679454229401e-01
4.333333333333333037e+00	8.660254037844378194e-01
4.349999999999999645e+00	8.910065241883672327e-01
4.366666666666666252e+00	9.135454576426004225e-01
4.383333333333333748e+00	9.335804264972014099e-01
4.400000000000000355e+00	9.510565162951534202e-01
4.416666666666666963e+00	9.659258262890682012e-01
4.433333333333333570e+00	9.781476007338052447e-01
4.450000000000000178e+00	9.876883405951375483e-01
4.466666666666666785e+00	9.945218953682731788e-01
4.483333333333333393e+00	9.986295347545738332e-01
4.500000000000000000e+00	1.000000000000000000e+00
4.516666666666666607e+00	9.986295347545738332e-01
4.533333333333334103e+00	9.945218953682732899e-01
4.550000000000000711e+00	9.876883405951379924e-01
4.566666666666666430e+00	9.781476007338059109e-01
4.583333333333333037e+00	9.659258262890685343e-01
4.599999999999999645e+00	9.510565162951537532e-01
4.616666666666667140e+00	9.335804264972018540e-01
4.633333333333333748e+00	9.135454576426008666e-01
4.650000000000000355e+00	8.910065241883676768e-01
4.666666666666666963e+00	8.660254037844401509e-01
4.683333333333332682e+00	8.386705679454254936e-01
4.700000000000000178e+00	8.090169943749477843e-01
4.716666666666666785e+00	7.771459614569711238e-01
4.733333333333333393e+00	7.431448254773942441e-01
4.750000000000000000e+00	7.071067811865472397e-01
4.766666666666666607e+00	6.691306063588577935e-01
4.783333333333334103e+00	6.293203910498395004e-01
4.799999999999999822e+00	5.877852522924750245e-01
4.816666666666666430e+00	5.446390350150288606e-01
4.833333333333333037e+00	5.000000000000015543e-01
4.850000000000000533e+00	4.539904997395481367e-01
4.866666666666667140e+00	4.067366430757996532e-01
4.883333333333333748e+00	3.583679495452994357e-01
4.900000000000000355e+00	3.090169943749496717e-01
4.916666666666666075e+00	2.588190451025227934e-01
4.933333333333333570e+00	2.079116908177610912e-01
4.950000000000000178e+00	1.564344650402323400e-01
4.966666666666666785e+00	1.045284632676546643e-01
4.983333333333333393e+00	5.233595624294473669e-02
5.000000000000000000e+00	6.123233995736766282e-16
5.016666666666666607e+00	-5.233595624294173909e-02
5.033333333333333215e+00	-1.045284632676516806e-01
5.049999999999999822e+00	-1.564344650402293702e-01
5.066666666666666430e+00	-2.079116908177581491e-01
5.083333333333333925e+00	-2.588190451025198513e-01
5.100000000000000533e+00	-3.090169943749485060e-01
5.116666666666667140e+00	-3.583679495453016006e-01
5.133333333333332860e+00	-4.067366430757985429e-01
5.149999999999999467e+00	-4.539904997395454167e-01
5.166666666666666963e+00	-4.999999999999989453e-01
5.183333333333333570e+00	-5.446390350150263071e-01
5.200000000000000178e+00	-5.877852522924725820e-01
5.216666666666666785e+00	-6.293203910498371689e-01
5.233333333333333393e+00	-6.691306063588555730e-01
5.250000000000000000e+00	-7.071067811865452413e-01
5.266666666666666607e+00	-7.431448254773922457e-01
5.283333333333333215e+00	-7.771459614569691254e-01
5.299999999999999822e+00	-8.090169943749460080e-01
5.316666666666666430e+00	-8.386705679454229401e-01
5.333333333333333925e+00	-8.660254037844377084e-01
5.350000000000000533e+00	-8.910065241883671217e-01
5.366666666666666252e+00	-9.135454576426004225e-01
5.383333333333332860e+00	-9.335804264972014099e-01
5.400000000000000355e+00	-9.510565162951534202e-01
5.416666666666666963e+00	-9.659258262890682012e-01
5.433333333333333570e+00	-9.781476007338055778e-01
5.450000000000000178e+00	-9.876883405951377704e-01
5.466666666666666785e+00	-9.945218953682730678e-01
5.483333333333333393e+00	-9.986295347545737222e-01
5.500000000000000000e+00	-1.000000000000000000e+00
5.516666666666666607e+00	-9.986295347545739443e-01
5.533333333333333215e+00	-9.945218953682735119e-01
5.549999999999999822e+00	-9.876883405951379924e-01
5.566666666666667318e+00	-9.781476007338059109e-01
5.583333333333333925e+00	-9.659258262890685343e-01
5.599999999999999645e+00	-9.510565162951537532e-01
5.616666666666666252e+00	-9.335804264972018540e-01
5.633333333333333748e+00	-9.135454576426009776e-01
5.650000000000000355e+00	-8.910065241883677878e-01
5.666666666666666963e+00	-8.660254037844383745e-01
5.683333333333333570e+00	-8.386705679454236062e-01
5.700000000000000178e+00	-8.090169943749488946e-01
5.716666666666666785e+00	-7.771459614569722341e-01
5.733333333333333393e+00	-7.431448254773954654e-01
5.750000000000000000e+00	-7.071067811865486830e-01
5.766666666666666607e+00	-6.691306063588591257e-01
5.783333333333333215e+00	-6.293203910498382792e-01
5.800000000000000711e+00	-5.877852522924736922e-01
5.816666666666667318e+00	-5.446390350150304149e-01
5.833333333333333037e+00	-5.000000000000032196e-01
5.849999999999999645e+00	-4.539904997395498021e-01
5.866666666666666252e+00	-4.067366430757997642e-01
5.883333333333333748e+00	-3.583679495452995467e-01
5.900000000000000355e+00	-3.090169943749463966e-01
5.916666666666666963e+00	-2.588190451025194627e-01
5.933333333333333570e+00	-2.079116908177612022e-01
5.950000000000000178e+00	-1.564344650402324788e-01
5.966666666666666785e+00	-1.045284632676547892e-01
5.983333333333333393e+00	-5.233595624294486159e-02
6.000000000000000000e+00	-7.347880794884118750e-16
6.016666666666666607e+00	5.233595624294339055e-02
6.033333333333334103e+00	1.045284632676533321e-01
6.050000000000000711e+00	1.564344650402275105e-01
6.066666666666666430e+00	2.079116908177562895e-01
6.083333333333333037e+00	2.588190451025180194e-01
6.099999999999999645e+00	3.090169943749450088e-01
6.116666666666667140e+00	3.583679495452982144e-01
6.133333333333333748e+00	4.067366430757984319e-01
6.150000000000000355e+00	4.539904997395453057e-01
6.166666666666666963e+00	4.999999999999988343e-01
6.183333333333333570e+00	5.446390350150261961e-01
6.200000000000000178e+00	5.877852522924724710e-01
6.216666666666666785e+00	6.293203910498370579e-01
6.233333333333333393e+00	6.691306063588581265e-01
6.250000000000000000e+00	7.071067811865476838e-01
6.266666666666667496e+00	7.431448254773944662e-01
6.283333333333334103e+00	7.771459614569691254e-01
6.299999999999999822e+00	8.090169943749458970e-01
6.316666666666666430e+00	8.386705679454228290e-01
6.333333333333333037e+00	8.660254037844377084e-01
6.350000000000000533e+00	8.910065241883671217e-01
6.366666666666667140e+00	9.135454576426003115e-01
6.383333333333333748e+00	9.335804264972014099e-01
6.399999999999999467e+00	9.510565162951533091e-01
6.416666666666666075e+00	9.659258262890682012e-01
6.433333333333333570e+00	9.781476007338055778e-01
6.450000000000000178e+00	9.876883405951377704e-01
6.466666666666666785e+00	9.945218953682734009e-01
6.483333333333333393e+00	9.986295347545739443e-01
6.500000000000000888e+00	1.000000000000000000e+00
6.516666666666666607e+00	9.986295347545739443e-01
6.533333333333333215e+00	9.945218953682735119e-01
6.549999999999999822e+00	9.876883405951379924e-01
6.566666666666666430e+00	9.781476007338059109e-01
6.583333333333333925e+00	9.659258262890685343e-01
6.600000000000000533e+00	9.510565162951538642e-01
6.616666666666667140e+00	9.335804264972031863e-01
6.633333333333332860e+00	9.135454576426024209e-01
6.649999999999999467e+00	8.910065241883694531e-01
6.666666666666666963e+00	8.660254037844402619e-01
6.683333333333333570e+00	8.386705679454256046e-01
6.700000000000000178e+00	8.090169943749468962e-01
6.716666666666666785e+00	7.771459614569701246e-01
6.733333333333333393e+00	7.431448254773955764e-01
6.750000000000000000e+00	7.071067811865487940e-01
6.766666666666666607e+00	6.691306063588592368e-01
6.783333333333333215e+00	6.293203910498382792e-01
6.799999999999999822e+00	5.877852522924738032e-01
6.816666666666667318e+00	5.446390350150275284e-01
6.833333333333333925e+00	5.000000000000002220e-01
6.850000000000000533e+00	4.539904997395499131e-01
6.866666666666666252e+00	4.067366430758031504e-01
6.883333333333332860e+00	3.583679495453029884e-01
6.900000000000000355e+00	3.090169943749498938e-01
6.916666666666666963e+00	2.588190451025230154e-01
6.933333333333333570e+00	2.079116908177613132e-01
6.950000000000000178e+00	1.564344650402325898e-01
6.966666666666666785e+00	1.045284632676549141e-01
6.983333333333333393e+00	5.233595624294497956e-02
7.000000000000000000e+00	8.572527594031472204e-16
7.016666666666666607e+00	-5.233595624294327259e-02
7.033333333333333215e+00	-1.045284632676532072e-01
7.049999999999999822e+00	-1.564344650402308967e-01
7.066666666666667318e+00	-2.079116908177596479e-01
7.083333333333333925e+00	-2.588190451025179084e-01
7.099999999999999645e+00	-3.090169943749448977e-01
7.116666666666666252e+00	-3.583679495452980479e-01
7.133333333333333748e+00	-4.067366430757983209e-01
7.150000000000000355e+00	-4.539904997395451947e-01
7.166666666666666963e+00	-4.999999999999987232e-01
7.183333333333333570e+00	-5.446390350150260851e-01
7.200000000000000178e+00	-5.877852522924724710e-01
7.216666666666666785e+00	-6.293203910498370579e-01
7.233333333333333393e+00	-6.691306063588580155e-01
7.250000000000000000e+00	-7.071067811865475727e-01
7.266666666666666607e+00	-7.431448254773944662e-01
7.283333333333333215e+00	-7.771459614569712349e-01
7.300000000000000711e+00	-8.090169943749478954e-01
7.316666666666667318e+00	-8.386705679454227180e-01
7.333333333333333037e+00	-8.660254037844375974e-01
7.349999999999999645e+00	-8.910065241883670106e-01
7.366666666666667140e+00	-9.135454576426003115e-01
7.383333333333333748e+00	-9.335804264972012989e-01
7.400000000000000355e+00	-9.510565162951533091e-01
7.416666666666666963e+00	-9.659258262890680902e-01
7.433333333333333570e+00	-9.781476007338048007e-01
7.450000000000000178e+00	-9.876883405951372152e-01
7.466666666666666785e+00	-9.945218953682729568e-01
7.483333333333333393e+00	-9.986295347545737222e-01
7.500000000000000000e+00	-1.000000000000000000e+00
7.516666666666666607e+00	-9.986295347545739443e-01
7.533333333333334103e+00	-9.945218953682735119e-01
7.550000000000000711e+00	-9.876883405951379924e-01
7.566666666666666430e+00	-9.781476007338059109e-01
7.583333333333333037e+00	-9.659258262890686453e-01
7.599999999999999645e+00	-9.510565162951538642e-01
7.616666666666667140e+00	-9.335804264972019650e-01
7.633333333333333748e+00	-9.135454576426010886e-01
7.649999999999999467e+00	-8.910065241883694531e-01
7.666666666666666963e+00	-8.660254037844384856e-01
7.683333333333333570e+00	-8.386705679454256046e-01
7.700000000000001066e+00	-8.090169943749468962e-01
7.716666666666666785e+00	-7.771459614569724561e-01
7.733333333333332504e+00	-7.431448254773956874e-01
7.750000000000000000e+00	-7.071067811865487940e-01
7.766666666666666607e+00	-6.691306063588593478e-01
7.783333333333334103e+00	-6.293203910498383902e-01
7.799999999999999822e+00	-5.877852522924739143e-01
7.816666666666667318e+00	-5.446390350150276394e-01
7.833333333333333037e+00	-5.000000000000003331e-01
7.849999999999999645e+00	-4.539904997395500241e-01
7.866666666666667140e+00	-4.067366430757999862e-01
7.883333333333332860e+00	-3.583679495453030994e-01
7.900000000000000355e+00	-3.090169943749466741e-01
7.916666666666666963e+00	-2.588190451025231265e-01
7.933333333333334458e+00	-2.079116908177579826e-01
7.950000000000000178e+00	-1.564344650402327008e-01
7.966666666666665897e+00	-1.045284632676585640e-01
7.983333333333333393e+00	-5.233595624294510446e-02
8.000000000000000000e+00	-4.532431118118383692e-15
8.016666666666667496e+00	5.230680945821496869e-02
8.033333333333333215e+00	1.043876376658073590e-01
8.050000000000000711e+00	1.560464341136995059e-01
8.066666666666666430e+00	2.070892322884395065e-01
8.083333333333332149e+00	2.573250783125876073e-01
8.099999999999999645e+00	3.065669430436616660e-01
8.116666666666667140e+00	3.546326126819764335e-01
8.133333333333334636e+00	4.013455530633909807e-01
8.150000000000000355e+00	4.465357429657777488e-01
8.166666666666667851e+00	4.900404719387235208e-01
8.183333333333333570e+00	5.317050983718454304e-01
8.199999999999999289e+00	5.713837637482965803e-01
8.216666666666666785e+00	6.089400592843267068e-01
8.233333333333332504e+00	6.442476414316827826e-01
8.250000000000000000e+00	6.771907930162153200e-01
8.266666666666665719e+00	7.076649271003734309e-01
8.283333333333334991e+00	7.355770309887421643e-01
8.300000000000000711e+00	7.608460481411544185e-01
8.316666666666666430e+00	7.834031961162298829e-01
8.333333333333333925e+00	8.031922190364843006e-01
8.349999999999999645e+00	8.201695734426990292e-01
8.366666666666667140e+00	8.343045467876142318e-01
8.383333333333332860e+00	8.455793082049161136e-01
8.400000000000000355e+00	8.539888915767288591e-01
8.416666666666666075e+00	8.595411113089546085e-01
8.433333333333333570e+00	8.622564116066607776e-01
8.450000000000001066e+00	8.621676504189595969e-01
8.466666666666666785e+00	8.593198195921500915e-01
8.483333333333334281e+00	8.537697031293385308e-01
8.500000000000000000e+00	8.455854758018377382e-01
8.516666666666667496e+00	8.348462446907478629e-01
8.533333333333333215e+00	8.216415365538434212e-01
8.549999999999998934e+00	8.060707342117918728e-01
8.566666666666666430e+00	7.882424654266687591e-01
8.583333333333332149e+00	7.682739480034574964e-01
8.600000000000001421e+00	7.462902950798910862e-01
8.616666666666667140e+00	7.224237847805713431e-01
8.633333333333334636e+00	6.968130985962931456e-01
8.650000000000000355e+00	6.696025330081313287e-01
8.666666666666666075e+00	6.409411890070086937e-01
8.683333333333333570e+00	6.109821442625269494e-01
8.699999999999999289e+00	5.798816127694180755e-01
8.716666666666666785e+00	5.477980968452299537e-01
8.733333333333332504e+00	5.148915363693278291e-01
8.750000000000001776e+00	4.813224601400752922e-01
8.766666666666667496e+00	4.472511441852392022e-01
8.783333333333333215e+00	4.128367817897448111e-01
8.800000000000000711e+00	3.782366699059788728e-01
8.816666666666666430e+00	3.436054164854173698e-01
8.833333333333333925e+00	3.090941731170303020e-01
8.849999999999999645e+00	2.748498971792547874e-01
8.866666666666667140e+00	2.410146475088009999e-01
8.883333333333332860e+00	2.077249173632049473e-01
8.900000000000000355e+00	1.751110082056317740e-01
8.916666666666667851e+00	1.432964475720678865e-01
8.933333333333333570e+00	1.123974539942146911e-01
8.950000000000001066e+00	8.252245164772081809e-02
8.966666666666666785e+00	5.377163707733066678e-02
8.983333333333334281e+00	2.623660001930682578e-02
9.000000000000000000e+00	5.380858124525472532e-16
9.016666666666665719e+00	-2.486469996089871182e-02
9.033333333333333215e+00	-4.829344157049624692e-02
9.049999999999998934e+00	-7.023172079489156672e-02
9.066666666666668206e+00	-9.063467845498984765e-02
9.083333333333333925e+00	-1.094671319996196462e-01
9.100000000000001421e+00	-1.267035489296582385e-01
9.116666666666667140e+00	-1.423279627017405291e-01
9.133333333333332860e+00	-1.563338322883845444e-01
9.150000000000000355e+00	-1.687238469103317928e-01
9.166666666666666075e+00	-1.795096777848740610e-01
9.183333333333333570e+00	-1.887116790487045892e-01
9.199999999999999289e+00	-1.963585403136304530e-01
9.216666666666666785e+00	-2.024868935963638761e-01
9.233333333333334281e+00	-2.071408776280321273e-01
9.250000000000000000e+00	-2.103716627932182281e-01
9.266666666666667496e+00	-2.122369401711022008e-01
9.283333333333333215e+00	-2.128003783508918556e-01
9.300000000000000711e+00	-2.121310518695574965e-01
9.316666666666666430e+00	-2.103028452703139539e-01
9.333333333333333925e+00	-2.073938369050605524e-01
9.349999999999999645e+00	-2.034856667018344056e-01
9.366666666666665364e+00	-1.986628921891955279e-01
9.383333333333334636e+00	-1.930123371126937493e-01
9.400000000000000355e+00	-1.866224369940240324e-01
9.416666666666667851e+00	-1.795825859713388872e-01
9.433333333333333570e+00	-1.719824892192827748e-01
9.450000000000001066e+00	-1.639115251803446027e-01
9.466666666666666785e+00	-1.554581217452535302e-01
9.483333333333332504e+00	-1.467091504003438240e-01
9.500000000000000000e+00	-1.377493422146467417e-01
9.516666666666665719e+00	-1.286607293701755861e-01
9.533333333333333215e+00	-1.195221157463494527e-01
9.550000000000000711e+00	-1.104085798552803116e-01
9.566666666666668206e+00	-1.013910131899046219e-01
9.583333333333333925e+00	-9.253569679343150167e-02
9.599999999999999645e+00	-8.390391858783571855e-02
9.616666666666667140e+00	-7.555163371291584440e-02
9.633333333333332860e+00	-6.752916982774975763e-02
9.650000000000000355e+00	-5.988097901495684217e-02
9.666666666666666075e+00	-5.264543760725661631e-02
9.683333333333333570e+00	-4.585469492725043061e-02
9.700000000000001066e+00	-3.953457159747504612e-02
9.716666666666666785e+00	-3.370450774053418419e-02
9.733333333333334281e+00	-2.837756105085588454e-02
9.750000000000000000e+00	-2.356045438236340633e-02
9.766666666666667496e+00	-1.925367216237959186e-02
9.783333333333333215e+00	-1.545160461344186401e-02
9.800000000000000711e+00	-1.214273844357726707e-02
9.816666666666666430e+00	-9.309892353956385203e-03
9.833333333333332149e+00	-6.930495412763242914e-03
9.850000000000001421e+00	-4.976906057458410117e-03
9.866666666666667140e+00	-3.416769216225989426e-03
9.883333333333334636e+00	-2.213408785013800967e-03
9.900000000000000355e+00	-1.326252460811132945e-03
9.916666666666667851e+00	-7.112857161768728828e-04
9.933333333333333570e+00	-3.215315058957665304e-04
9.949999999999999289e+00	-1.075521252493552018e-04
9.966666666666666785e+00	-1.796949182510795685e-05
9.983333333333332504e+00	-0.000000000000000000e+00
1.000000000000000000e+01	0.000000000000000000e+00
1.001666666666666750e+01	0.000000000000000000e+00
1.003333333333333321e+01	0.000000000000000000e+00
1.005000000000000071e+01	0.000000000000000000e+00
1.006666666666666643e+01	0.000000000000000000e+00
1.008333333333333393e+01	0.000000000000000000e+00
1.009999999999999964e+01	0.000000000000000000e+00
1.011666666666666714e+01	0.000000000000000000e+00
1.013333333333333286e+01	0.000000000000000000e+00
1.014999999999999858e+01	0.000000000000000000e+00
1.016666666666666785e+01	0.000000000000000000e+00
1.018333333333333357e+01	0.000000000000000000e+00
1.020000000000000107e+01	0.000000000000000000e+00
1.021666666666666679e+01	0.000000000000000000e+00
1.023333333333333428e+01	0.000000000000000000e+00
1.025000000000000000e+01	0.000000000000000000e+00
1.026666666666666572e+01	0.000000000000000000e+00
1.028333333333333321e+01	0.000000000000000000e+00
1.029999999999999893e+01	0.000000000000000000e+00
1.031666666666666643e+01	0.000000000000000000e+00
1.033333333333333393e+01	0.000000000000000000e+00
1.035000000000000142e+01	0.000000000000000000e+00
1.036666666666666714e+01	0.000000000000000000e+00
1.038333333333333286e+01	0.000000000000000000e+00
1.040000000000000036e+01	0.000000000000000000e+00
1.041666666666666607e+01	0.000000000000000000e+00
1.043333333333333357e+01	0.000000000000000000e+00
1.044999999999999929e+01	0.000000000000000000e+00
1.046666666666666679e+01	0.000000000000000000e+00
1.048333333333333428e+01	0.000000000000000000e+00
1.050000000000000000e+01	0.000000000000000000e+00
1.051666666666666750e+01	0.000000000000000000e+00
1.053333333333333321e+01	0.000000000000000000e+00
1.055000000000000071e+01	0.000000000000000000e+00
1.056666666666666643e+01	0.000000000000000000e+00
1.058333333333333393e+01	0.000000000000000000e+00
1.059999999999999964e+01	0.000000000000000000e+00
1.061666666666666536e+01	0.000000000000000000e+00
1.063333333333333286e+01	0.000000000000000000e+00
1.065000000000000036e+01	0.000000000000000000e+00
1.066666666666666785e+01	0.000000000000000000e+00
1.068333333333333357e+01	0.000000000000000000e+00
1.070000000000000107e+01	0.000000000000000000e+00
1.071666666666666679e+01	0.000000000000000000e+00
1.073333333333333250e+01	0.000000000000000000e+00
1.075000000000000000e+01	0.000000000000000000e+00
1.076666666666666572e+01	0.000000000000000000e+00
1.078333333333333321e+01	0.000000000000000000e+00
1.080000000000000071e+01	0.000000000000000000e+00
1.081666666666666821e+01	0.000000000000000000e+00
1.083333333333333393e+01	0.000000000000000000e+00
1.084999999999999964e+01	0.000000000000000000e+00
1.086666666666666714e+01	0.000000000000000000e+00
1.088333333333333286e+01	0.000000000000000000e+00
1.090000000000000036e+01	0.000000000000000000e+00
1.091666666666666607e+01	0.000000000000000000e+00
1.093333333333333357e+01	0.000000000000000000e+00
1.095000000000000107e+01	0.000000000000000000e+00
1.096666666666666679e+01	0.000000000000000000e+00
1.098333333333333428e+01	0.000000000000000000e+00
1.100000000000000000e+01	0.000000000000000000e+00
1.101666666666666750e+01	0.000000000000000000e+00
1.103333333333333321e+01	0.000000000000000000e+00
1.105000000000000071e+01	0.000000000000000000e+00
1.106666666666666643e+01	0.000000000000000000e+00
1.108333333333333215e+01	0.000000000000000000e+00
1.109999999999999964e+01	0.000000000000000000e+00
1.111666666666666714e+01	0.000000000000000000e+00
1.113333333333333464e+01	0.000000000000000000e+00
1.115000000000000036e+01	0.000000000000000000e+00
1.116666666666666785e+01	0.000000000000000000e+00
1.118333333333333357e+01	0.000000000000000000e+00
1.119999999999999929e+01	0.000000000000000000e+00
1.121666666666666679e+01	0.000000000000000000e+00
1.123333333333333250e+01	0.000000000000000000e+00
1.125000000000000000e+01	0.000000000000000000e+00
1.126666666666666750e+01	0.000000000000000000e+00
1.128333333333333499e+01	0.000000000000000000e+00
1.130000000000000071e+01	0.000000000000000000e+00
1.131666666666666643e+01	0.000000000000000000e+00
1.133333333333333393e+01	0.000000000000000000e+00
1.134999999999999964e+01	0.000000000000000000e+00
1.136666666666666714e+01	0.000000000000000000e+00
1.138333333333333286e+01	0.000000000000000000e+00
1.140000000000000036e+01	0.000000000000000000e+00
1.141666666666666607e+01	0.000000000000000000e+00
1.143333333333333357e+01	0.000000000000000000e+00
1.145000000000000107e+01	0.000000000000000000e+00
1.146666666666666679e+01	0.000000000000000000e+00
1.148333333333333428e+01	0.000000000000000000e+00
1.150000000000000000e+01	0.000000000000000000e+00
1.151666666666666750e+01	0.000000000000000000e+00
1.153333333333333321e+01	0.000000000000000000e+00
1.154999999999999893e+01	0.000000000000000000e+00
1.156666666666666643e+01	0.000000000000000000e+00
1.158333333333333393e+01	0.000000000000000000e+00
1.160000000000000142e+01	0.000000000000000000e+00
1.161666666666666714e+01	0.000000000000000000e+00
1.163333333333333464e+01	0.000000000000000000e+00
1.165000000000000036e+01	0.000000000000000000e+00
1.166666666666666607e+01	0.000000000000000000e+00
1.168333333333333357e+01	0.000000000000000000e+00
1.169999999999999929e+01	0.000000000000000000e+00
1.171666666666666679e+01	0.000000000000000000e+00
1.173333333333333250e+01	0.000000000000000000e+00
1.175000000000000178e+01	0.000000000000000000e+00
1.176666666666666750e+01	0.000000000000000000e+00
1.178333333333333321e+01	0.000000000000000000e+00
1.180000000000000071e+01	0.000000000000000000e+00
1.181666666666666643e+01	0.000000000000000000e+00
1.183333333333333393e+01	0.000000000000000000e+00
1.184999999999999964e+01	0.000000000000000000e+00
1.186666666666666714e+01	0.000000000000000000e+00
1.188333333333333286e+01	0.000000000000000000e+00
1.190000000000000036e+01	0.000000000000000000e+00
1.191666666666666785e+01	0.000000000000000000e+00
1.193333333333333357e+01	0.000000000000000000e+00
1.195000000000000107e+01	0.000000000000000000e+00
1.196666666666666679e+01	0.000000000000000000e+00
1.198333333333333428e+01	0.000000000000000000e+00
1.200000000000000000e+01	0.000000000000000000e+00
1.201666666666666572e+01	0.000000000000000000e+00
1.203333333333333321e+01	0.000000000000000000e+00
1.205000000000000071e+01	0.000000000000000000e+00
1.206666666666666821e+01	0.000000000000000000e+00
1.208333333333333393e+01	0.000000000000000000e+00
1.210000000000000142e+01	0.000000000000000000e+00
1.211666666666666714e+01	0.000000000000000000e+00
1.213333333333333286e+01	0.000000000000000000e+00
1.215000000000000036e+01	0.000000000000000000e+00
1.216666666666666607e+01	0.000000000000000000e+00
1.218333333333333357e+01	0.000000000000000000e+00
1.219999999999999929e+01	0.000000000000000000e+00
1.221666666666666856e+01	0.000000000000000000e+00
1.223333333333333428e+01	0.000000000000000000e+00
1.225000000000000000e+01	0.000000000000000000e+00
1.226666666666666750e+01	0.000000000000000000e+00
1.228333333333333321e+01	0.000000000000000000e+00
1.230000000000000071e+01	0.000000000000000000e+00
1.231666666666666643e+01	0.000000000000000000e+00
1.233333333333333393e+01	0.000000000000000000e+00
1.234999999999999964e+01	0.000000000000000000e+00
1.236666666666666714e+01	0.000000000000000000e+00
1.238333333333333464e+01	0.000000000000000000e+00
1.240000000000000036e+01	0.000000000000000000e+00
1.241666666666666785e+01	0.000000000000000000e+00
1.243333333333333357e+01	0.000000000000000000e+00
1.245000000000000107e+01	0.000000000000000000e+00
1.246666666666666679e+01	0.000000000000000000e+00
1.248333333333333250e+01	0.000000000000000000e+00
1.250000000000000000e+01	0.000000000000000000e+00
1.251666666666666572e+01	0.000000000000000000e+00
1.253333333333333499e+01	0.000000000000000000e+00
1.255000000000000071e+01	0.000000000000000000e+00
1.256666666666666821e+01	0.000000000000000000e+00
1.258333333333333393e+01	0.000000000000000000e+00
1.259999999999999964e+01	0.000000000000000000e+00
1.261666666666666714e+01	0.000000000000000000e+00
1.263333333333333286e+01	0.000000000000000000e+00
1.265000000000000036e+01	0.000000000000000000e+00
1.266666666666666607e+01	0.000000000000000000e+00
1.268333333333333357e+01	0.000000000000000000e+00
1.270000000000000107e+01	0.000000000000000000e+00
1.271666666666666679e+01	0.000000000000000000e+00
1.273333333333333428e+01	0.000000000000000000e+00
1.275000000000000000e+01	0.000000000000000000e+00
1.276666666666666750e+01	0.000000000000000000e+00
1.278333333333333321e+01	0.000000000000000000e+00
1.279999999999999893e+01	0.000000000000000000e+00
1.281666666666666643e+01	0.000000000000000000e+00
1.283333333333333215e+01	0.000000000000000000e+00
1.285000000000000142e+01	0.000000000000000000e+00
1.286666666666666714e+01	0.000000000000000000e+00
1.288333333333333464e+01	0.000000000000000000e+00
1.290000000000000036e+01	0.000000000000000000e+00
1.291666666666666607e+01	0.000000000000000000e+00
1.293333333333333357e+01	0.000000000000000000e+00
1.294999999999999929e+01	0.000000000000000000e+00
1.296666666666666679e+01	0.000000000000000000e+00
1.298333333333333250e+01	0.000000000000000000e+00
1.300000000000000178e+01	0.000000000000000000e+00
1.301666666666666750e+01	0.000000000000000000e+00
1.303333333333333321e+01	0.000000000000000000e+00
1.305000000000000071e+01	0.000000000000000000e+00
1.306666666666666643e+01	0.000000000000000000e+00
1.308333333333333393e+01	0.000000000000000000e+00
1.309999999999999964e+01	0.000000000000000000e+00
1.311666666666666714e+01	0.000000000000000000e+00
1.313333333333333286e+01	0.000000000000000000e+00
1.314999999999999858e+01	0.000000000000000000e+00
1.316666666666666785e+01	0.000000000000000000e+00
1.318333333333333357e+01	0.000000000000000000e+00
1.320000000000000107e+01	0.000000000000000000e+00
1.321666666666666679e+01	0.000000000000000000e+00
1.323333333333333428e+01	0.000000000000000000e+00
1.325000000000000000e+01	0.000000000000000000e+00
1.326666666666666572e+01	0.000000000000000000e+00
1.328333333333333321e+01	0.000000000000000000e+00
1.329999999999999893e+01	0.000000000000000000e+00
1.331666666666666821e+01	0.000000000000000000e+00
1.333333333333333393e+01	0.000000000000000000e+00
1.335000000000000142e+01	0.000000000000000000e+00
1.336666666666666714e+01	0.000000000000000000e+00
1.338333333333333286e+01	0.000000000000000000e+00
1.340000000000000036e+01	0.000000000000000000e+00
1.341666666666666607e+01	0.000000000000000000e+00
1.343333333333333357e+01	0.000000000000000000e+00
1.344999999999999929e+01	0.000000000000000000e+00
1.346666666666666679e+01	0.000000000000000000e+00
1.348333333333333428e+01	0.000000000000000000e+00
1.350000000000000000e+01	0.000000000000000000e+00
1.351666666666666750e+01	0.000000000000000000e+00
1.353333333333333321e+01	0.000000000000000000e+00
1.355000000000000071e+01	0.000000000000000000e+00
1.356666666666666643e+01	0.000000000000000000e+00
1.358333333333333393e+01	0.000000000000000000e+00
1.359999999999999964e+01	0.000000000000000000e+00
1.361666666666666536e+01	0.000000000000000000e+00
1.363333333333333464e+01	0.000000000000000000e+00
1.365000000000000036e+01	0.000000000000000000e+00
1.366666666666666785e+01	0.000000000000000000e+00
1.368333333333333357e+01	0.000000000000000000e+00
1.370000000000000107e+01	0.000000000000000000e+00
1.371666666666666679e+01	0.000000000000000000e+00
1.373333333333333250e+01	0.000000000000000000e+00
1.375000000000000000e+01	0.000000000000000000e+00
1.376666666666666572e+01	0.000000000000000000e+00
1.378333333333333321e+01	0.000000000000000000e+00
1.380000000000000071e+01	0.000000000000000000e+00
1.381666666666666821e+01	0.000000000000000000e+00
1.383333333333333393e+01	0.000000000000000000e+00
1.384999999999999964e+01	0.000000000000000000e+00
1.386666666666666714e+01	0.000000000000000000e+00
1.388333333333333286e+01	0.000000000000000000e+00
1.390000000000000036e+01	0.000000000000000000e+00
1.391666666666666607e+01	0.000000000000000000e+00
1.393333333333333357e+01	0.000000000000000000e+00
1.395000000000000107e+01	0.000000000000000000e+00
1.396666666666666679e+01	0.000000000000000000e+00
1.398333333333333428e+01	0.000000000000000000e+00
1.400000000000000000e+01	0.000000000000000000e+00
1.401666666666666750e+01	0.000000000000000000e+00
1.403333333333333321e+01	0.000000000000000000e+00
1.405000000000000071e+01	0.000000000000000000e+00
1.406666666666666643e+01	0.000000000000000000e+00
1.408333333333333215e+01	0.000000000000000000e+00
1.409999999999999964e+01	0.000000000000000000e+00
1.411666666666666714e+01	0.000000000000000000e+00
1.413333333333333464e+01	0.000000000000000000e+00
1.415000000000000036e+01	0.000000000000000000e+00
1.416666666666666785e+01	0.000000000000000000e+00
1.418333333333333357e+01	0.000000000000000000e+00
1.419999999999999929e+01	0.000000000000000000e+00
1.421666666666666679e+01	0.000000000000000000e+00
1.423333333333333250e+01	0.000000000000000000e+00
1.425000000000000000e+01	0.000000000000000000e+00
1.426666666666666750e+01	0.000000000000000000e+00
1.428333333333333499e+01	0.000000000000000000e+00
1.430000000000000071e+01	0.000000000000000000e+00
1.431666666666666643e+01	0.000000000000000000e+00
1.433333333333333393e+01	0.000000000000000000e+00
1.434999999999999964e+01	0.000000000000000000e+00
1.436666666666666714e+01	0.000000000000000000e+00
1.438333333333333286e+01	0.000000000000000000e+00
1.440000000000000036e+01	0.000000000000000000e+00
1.441666666666666785e+01	0.000000000000000000e+00
1.443333333333333357e+01	0.000000000000000000e+00
1.445000000000000107e+01	0.000000000000000000e+00
1.446666666666666679e+01	0.000000000000000000e+00
1.448333333333333428e+01	0.000000000000000000e+00
1.450000000000000000e+01	0.000000000000000000e+00
1.451666666666666750e+01	0.000000000000000000e+00
1.453333333333333321e+01	0.000000000000000000e+00
1.454999999999999893e+01	0.000000000000000000e+00
1.456666666666666643e+01	0.000000000000000000e+00
1.458333333333333393e+01	0.000000000000000000e+00
1.460000000000000142e+01	0.000000000000000000e+00
1.461666666666666714e+01	0.000000000000000000e+00
1.463333333333333464e+01	0.000000000000000000e+00
1.465000000000000036e+01	0.000000000000000000e+00
1.466666666666666607e+01	0.000000000000000000e+00
1.468333333333333357e+01	0.000000000000000000e+00
1.469999999999999929e+01	0.000000000000000000e+00
1.471666666666666679e+01	0.000000000000000000e+00
1.473333333333333428e+01	0.000000000000000000e+00
1.475000000000000178e+01	0.000000000000000000e+00
1.476666666666666750e+01	0.000000000000000000e+00
1.478333333333333321e+01	0.000000000000000000e+00
1.480000000000000071e+01	0.000000000000000000e+00
1.481666666666666643e+01	0.000000000000000000e+00
1.483333333333333393e+01	0.000000000000000000e+00
1.484999999999999964e+01	0.000000000000000000e+00
1.486666666666666714e+01	0.000000000000000000e+00
1.488333333333333286e+01	0.000000000000000000e+00
1.490000000000000036e+01	0.000000000000000000e+00
1.491666666666666785e+01	0.000000000000000000e+00
1.493333333333333357e+01	0.000000000000000000e+00
1.495000000000000107e+01	0.000000000000000000e+00
1.496666666666666679e+01	0.000000000000000000e+00
1.498333333333333428e+01	0.000000000000000000e+00
1.500000000000000000e+01	0.000000000000000000e+00
1.501666666666666572e+01	0.000000000000000000e+00
1.503333333333333321e+01	0.000000000000000000e+00
1.505000000000000071e+01	0.000000000000000000e+00
1.506666666666666821e+01	0.000000000000000000e+00
1.508333333333333393e+01	0.000000000000000000e+00
1.510000000000000142e+01	0.000000000000000000e+00
1.511666666666666714e+01	0.000000000000000000e+00
1.513333333333333286e+01	0.000000000000000000e+00
1.515000000000000036e+01	0.000000000000000000e+00
1.516666666666666607e+01	0.000000000000000000e+00
1.518333333333333357e+01	0.000000000000000000e+00
1.519999999999999929e+01	0.000000000000000000e+00
1.521666666666666856e+01	0.000000000000000000e+00
1.523333333333333428e+01	0.000000000000000000e+00
1.525000000000000000e+01	0.000000000000000000e+00
1.526666666666666750e+01	0.000000000000000000e+00
1.528333333333333321e+01	0.000000000000000000e+00
1.529999999999999893e+01	0.000000000000000000e+00
1.531666666666666821e+01	0.000000000000000000e+00
1.533333333333333393e+01	0.000000000000000000e+00
1.534999999999999964e+01	0.000000000000000000e+00
1.536666666666666714e+01	0.000000000000000000e+00
1.538333333333333286e+01	0.000000000000000000e+00
1.540000000000000213e+01	0.000000000000000000e+00
1.541666666666666785e+01	0.000000000000000000e+00
1.543333333333333357e+01	0.000000000000000000e+00
1.544999999999999929e+01	0.000000000000000000e+00
1.546666666666666501e+01	0.000000000000000000e+00
1.548333333333333428e+01	0.000000000000000000e+00
1.550000000000000000e+01	0.000000000000000000e+00
1.551666666666666750e+01	0.000000000000000000e+00
1.553333333333333321e+01	0.000000000000000000e+00
1.555000000000000249e+01	0.000000000000000000e+00
1.556666666666666821e+01	0.000000000000000000e+00
1.558333333333333393e+01	0.000000000000000000e+00
1.559999999999999964e+01	0.000000000000000000e+00
1.561666666666666536e+01	0.000000000000000000e+00
1.563333333333333464e+01	0.000000000000000000e+00
1.565000000000000036e+01	0.000000000000000000e+00
1.566666666666666607e+01	0.000000000000000000e+00
1.568333333333333357e+01	0.000000000000000000e+00
1.569999999999999929e+01	0.000000000000000000e+00
1.571666666666666856e+01	0.000000000000000000e+00
1.573333333333333428e+01	0.000000000000000000e+00
1.575000000000000000e+01	0.000000000000000000e+00
1.576666666666666572e+01	0.000000000000000000e+00
1.578333333333333499e+01	0.000000000000000000e+00
1.580000000000000071e+01	0.000000000000000000e+00
1.581666666666666643e+01	0.000000000000000000e+00
1.583333333333333393e+01	0.000000000000000000e+00
1.584999999999999964e+01	0.000000000000000000e+00
1.586666666666666892e+01	0.000000000000000000e+00
1.588333333333333464e+01	0.000000000000000000e+00
1.590000000000000036e+01	0.000000000000000000e+00
1.591666666666666607e+01	0.000000000000000000e+00
1.593333333333333179e+01	0.000000000000000000e+00
1.595000000000000107e+01	0.000000000000000000e+00
1.596666666666666679e+01	0.000000000000000000e+00
1.598333333333333250e+01	0.000000000000000000e+00
1.600000000000000000e+01	0.000000000000000000e+00
1.601666666666666927e+01	0.000000000000000000e+00
1.603333333333333499e+01	0.000000000000000000e+00
1.605000000000000071e+01	0.000000000000000000e+00
1.606666666666666643e+01	0.000000000000000000e+00
1.608333333333333215e+01	0.000000000000000000e+00
1.610000000000000142e+01	0.000000000000000000e+00
1.611666666666666714e+01	0.000000000000000000e+00
1.613333333333333286e+01	0.000000000000000000e+00
1.614999999999999858e+01	0.000000000000000000e+00
1.616666666666666430e+01	0.000000000000000000e+00
1.618333333333333357e+01	0.000000000000000000e+00
1.619999999999999929e+01	0.000000000000000000e+00
1.621666666666666501e+01	0.000000000000000000e+00
1.623333333333333428e+01	0.000000000000000000e+00
1.625000000000000355e+01	0.000000000000000000e+00
1.626666666666666927e+01	0.000000000000000000e+00
1.628333333333333499e+01	0.000000000000000000e+00
1.630000000000000071e+01	0.000000000000000000e+00
1.631666666666666643e+01	0.000000000000000000e+00
1.633333333333333570e+01	0.000000000000000000e+00
1.635000000000000142e+01	0.000000000000000000e+00
1.636666666666666714e+01	0.000000000000000000e+00
1.638333333333333286e+01	0.000000000000000000e+00
1.639999999999999858e+01	0.000000000000000000e+00
1.641666666666666785e+01	0.000000000000000000e+00
1.643333333333333357e+01	0.000000000000000000e+00
1.644999999999999929e+01	0.000000000000000000e+00
1.646666666666666501e+01	0.000000000000000000e+00
1.648333333333333428e+01	0.000000000000000000e+00
1.650000000000000000e+01	0.000000000000000000e+00
1.651666666666666572e+01	0.000000000000000000e+00
1.653333333333333144e+01	0.000000000000000000e+00
1.655000000000000071e+01	0.000000000000000000e+00
1.656666666666666998e+01	0.000000000000000000e+00
1.658333333333333570e+01	0.000000000000000000e+00
1.660000000000000142e+01	0.000000000000000000e+00
1.661666666666666714e+01	0.000000000000000000e+00
1.663333333333333286e+01	0.000000000000000000e+00
1.665000000000000213e+01	0.000000000000000000e+00
1.666666666666666785e+01	0.000000000000000000e+00
1.668333333333333357e+01	0.000000000000000000e+00
1.669999999999999929e+01	0.000000000000000000e+00
1.671666666666666856e+01	0.000000000000000000e+00
1.673333333333333428e+01	0.000000000000000000e+00
1.675000000000000000e+01	0.000000000000000000e+00
1.676666666666666572e+01	0.000000000000000000e+00
1.678333333333333144e+01	0.000000000000000000e+00
1.680000000000000071e+01	0.000000000000000000e+00
1.681666666666666643e+01	0.000000000000000000e+00
1.683333333333333215e+01	0.000000000000000000e+00
1.684999999999999787e+01	0.000000000000000000e+00
1.686666666666666714e+01	0.000000000000000000e+00
1.688333333333333641e+01	0.000000000000000000e+00
1.690000000000000213e+01	0.000000000000000000e+00
1.691666666666666785e+01	0.000000000000000000e+00
1.693333333333333357e+01	0.000000000000000000e+00
1.695000000000000284e+01	0.000000000000000000e+00
1.696666666666666856e+01	0.000000000000000000e+00
1.698333333333333428e+01	0.000000000000000000e+00
1.700000000000000000e+01	0.000000000000000000e+00
1.701666666666666572e+01	0.000000000000000000e+00
1.703333333333333499e+01	0.000000000000000000e+00
1.705000000000000071e+01	0.000000000000000000e+00
1.706666666666666643e+01	0.000000000000000000e+00
1.708333333333333215e+01	0.000000000000000000e+00
1.709999999999999787e+01	0.000000000000000000e+00
1.711666666666666714e+01	0.000000000000000000e+00
1.713333333333333286e+01	0.000000000000000000e+00
1.714999999999999858e+01	0.000000000000000000e+00
1.716666666666666430e+01	0.000000000000000000e+00
1.718333333333333357e+01	0.000000000000000000e+00
1.720000000000000284e+01	0.000000000000000000e+00
1.721666666666666856e+01	0.000000000000000000e+00
1.723333333333333428e+01	0.000000000000000000e+00
1.725000000000000000e+01	0.000000000000000000e+00
1.726666666666666927e+01	0.000000000000000000e+00
1.728333333333333499e+01	0.000000000000000000e+00
1.730000000000000071e+01	0.000000000000000000e+00
1.731666666666666643e+01	0.000000000000000000e+00
1.733333333333333215e+01	0.000000000000000000e+00
1.735000000000000142e+01	0.000000000000000000e+00
1.736666666666666714e+01	0.000000000000000000e+00
1.738333333333333286e+01	0.000000000000000000e+00
1.739999999999999858e+01	0.000000000000000000e+00
1.741666666666666430e+01	0.000000000000000000e+00
1.743333333333333357e+01	0.000000000000000000e+00
1.744999999999999929e+01	0.000000000000000000e+00
1.746666666666666501e+01	0.000000000000000000e+00
1.748333333333333428e+01	0.000000000000000000e+00
1.750000000000000355e+01	0.000000000000000000e+00
1.751666666666666927e+01	0.000000000000000000e+00
1.753333333333333499e+01	0.000000000000000000e+00
1.755000000000000071e+01	0.000000000000000000e+00
1.756666666666666643e+01	0.000000000000000000e+00
1.758333333333333570e+01	0.000000000000000000e+00
1.760000000000000142e+01	0.000000000000000000e+00
1.761666666666666714e+01	0.000000000000000000e+00
1.763333333333333286e+01	0.000000000000000000e+00
1.764999999999999858e+01	0.000000000000000000e+00
1.766666666666666785e+01	0.000000000000000000e+00
1.768333333333333357e+01	0.000000000000000000e+00
1.769999999999999929e+01	0.000000000000000000e+00
1.771666666666666501e+01	0.000000000000000000e+00
1.773333333333333428e+01	0.000000000000000000e+00
1.775000000000000000e+01	0.000000000000000000e+00
1.776666666666666572e+01	0.000000000000000000e+00
1.778333333333333144e+01	0.000000000000000000e+00
1.780000000000000071e+01	0.000000000000000000e+00
1.781666666666666998e+01	0.000000000000000000e+00
1.783333333333333570e+01	0.000000000000000000e+00
1.785000000000000142e+01	0.000000000000000000e+00
1.786666666666666714e+01	0.000000000000000000e+00
1.788333333333333286e+01	0.000000000000000000e+00
1.790000000000000213e+01	0.000000000000000000e+00
1.791666666666666785e+01	0.000000000000000000e+00
1.793333333333333357e+01	0.000000000000000000e+00
1.794999999999999929e+01	0.000000000000000000e+00
1.796666666666666856e+01	0.000000000000000000e+00
1.798333333333333428e+01	0.000000000000000000e+00
1.800000000000000000e+01	0.000000000000000000e+00
1.801666666666666572e+01	0.000000000000000000e+00
1.803333333333333144e+01	0.000000000000000000e+00
1.805000000000000071e+01	0.000000000000000000e+00
1.806666666666666643e+01	0.000000000000000000e+00
1.808333333333333215e+01	0.000000000000000000e+00
1.809999999999999787e+01	0.000000000000000000e+00
1.811666666666666714e+01	0.000000000000000000e+00
1.813333333333333641e+01	0.000000000000000000e+00
1.815000000000000213e+01	0.000000000000000000e+00
1.816666666666666785e+01	0.000000000000000000e+00
1.818333333333333357e+01	0.000000000000000000e+00
1.820000000000000284e+01	0.000000000000000000e+00
1.821666666666666856e+01	0.000000000000000000e+00
1.823333333333333428e+01	0.000000000000000000e+00
1.825000000000000000e+01	0.000000000000000000e+00
1.826666666666666572e+01	0.000000000000000000e+00
1.828333333333333499e+01	0.000000000000000000e+00
1.830000000000000071e+01	0.000000000000000000e+00
1.831666666666666643e+01	0.000000000000000000e+00
1.833333333333333215e+01	0.000000000000000000e+00
1.834999999999999787e+01	0.000000000000000000e+00
1.836666666666666714e+01	0.000000000000000000e+00
1.838333333333333286e+01	0.000000000000000000e+00
1.839999999999999858e+01	0.000000000000000000e+00
1.841666666666666430e+01	0.000000000000000000e+00
1.843333333333333357e+01	0.000000000000000000e+00
1.845000000000000284e+01	0.000000000000000000e+00
1.846666666666666856e+01	0.000000000000000000e+00
1.848333333333333428e+01	0.000000000000000000e+00
1.850000000000000000e+01	0.000000000000000000e+00
1.851666666666666927e+01	0.000000000000000000e+00
1.853333333333333499e+01	0.000000000000000000e+00
1.855000000000000071e+01	0.000000000000000000e+00
1.856666666666666643e+01	0.000000000000000000e+00
1.858333333333333215e+01	0.000000000000000000e+00
1.860000000000000142e+01	0.000000000000000000e+00
1.861666666666666714e+01	0.000000000000000000e+00
1.863333333333333286e+01	0.000000000000000000e+00
1.864999999999999858e+01	0.000000000000000000e+00
1.866666666666666785e+01	0.000000000000000000e+00
1.868333333333333357e+01	0.000000000000000000e+00
1.869999999999999929e+01	0.000000000000000000e+00
1.871666666666666501e+01	0.000000000000000000e+00
1.873333333333333073e+01	0.000000000000000000e+00
1.875000000000000000e+01	0.000000000000000000e+00
1.876666666666666927e+01	0.000000000000000000e+00
1.878333333333333499e+01	0.000000000000000000e+00
1.880000000000000071e+01	0.000000000000000000e+00
1.881666666666666643e+01	0.000000000000000000e+00
1.883333333333333570e+01	0.000000000000000000e+00
1.885000000000000142e+01	0.000000000000000000e+00
1.886666666666666714e+01	0.000000000000000000e+00
1.888333333333333286e+01	0.000000000000000000e+00
1.890000000000000213e+01	0.000000000000000000e+00
1.891666666666666785e+01	0.000000000000000000e+00
1.893333333333333357e+01	0.000000000000000000e+00
1.894999999999999929e+01	0.000000000000000000e+00
1.896666666666666501e+01	0.000000000000000000e+00
1.898333333333333428e+01	0.000000000000000000e+00
1.900000000000000000e+01	0.000000000000000000e+00
1.901666666666666572e+01	0.000000000000000000e+00
1.903333333333333144e+01	0.000000000000000000e+00
1.904999999999999716e+01	0.000000000000000000e+00
1.906666666666666643e+01	0.000000000000000000e+00
1.908333333333333570e+01	0.000000000000000000e+00
1.910000000000000142e+01	0.000000000000000000e+00
1.911666666666666714e+01	0.000000000000000000e+00
1.913333333333333641e+01	0.000000000000000000e+00
1.915000000000000213e+01	0.000000000000000000e+00
1.916666666666666785e+01	0.000000000000000000e+00
1.918333333333333357e+01	0.000000000000000000e+00
1.919999999999999929e+01	0.000000000000000000e+00
1.921666666666666856e+01	0.000000000000000000e+00
1.923333333333333428e+01	0.000000000000000000e+00
1.925000000000000000e+01	0.000000000000000000e+00
1.926666666666666572e+01	0.000000000000000000e+00
1.928333333333333144e+01	0.000000000000000000e+00
1.930000000000000071e+01	0.000000000000000000e+00
1.931666666666666643e+01	0.000000000000000000e+00
1.933333333333333215e+01	0.000000000000000000e+00
1.934999999999999787e+01	0.000000000000000000e+00
1.936666666666666714e+01	0.000000000000000000e+00
1.938333333333333641e+01	0.000000000000000000e+00
1.940000000000000213e+01	0.000000000000000000e+00
1.941666666666666785e+01	0.000000000000000000e+00
1.943333333333333357e+01	0.000000000000000000e+00
1.945000000000000284e+01	0.000000000000000000e+00
1.946666666666666856e+01	0.000000000000000000e+00
1.948333333333333428e+01	0.000000000000000000e+00
1.950000000000000000e+01	0.000000000000000000e+00
1.951666666666666572e+01	0.000000000000000000e+00
1.953333333333333499e+01	0.000000000000000000e+00
1.955000000000000071e+01	0.000000000000000000e+00
1.956666666666666643e+01	0.000000000000000000e+00
1.958333333333333215e+01	0.000000000000000000e+00
1.960000000000000142e+01	0.000000000000000000e+00
1.961666666666666714e+01	0.000000000000000000e+00
1.963333333333333286e+01	0.000000000000000000e+00
1.964999999999999858e+01	0.000000000000000000e+00
1.966666666666666430e+01	0.000000000000000000e+00
1.968333333333333357e+01	0.000000000000000000e+00
1.970000000000000284e+01	0.000000000000000000e+00
1.971666666666666856e+01	0.000000000000000000e+00
1.973333333333333428e+01	0.000000000000000000e+00
1.975000000000000000e+01	0.000000000000000000e+00
1.976666666666666927e+01	0.000000000000000000e+00
1.978333333333333499e+01	0.000000000000000000e+00
1.980000000000000071e+01	0.000000000000000000e+00
1.981666666666666643e+01	0.000000000000000000e+00
1.983333333333333570e+01	0.000000000000000000e+00
1.985000000000000142e+01	0.000000000000000000e+00
1.986666666666666714e+01	0.000000000000000000e+00
1.988333333333333286e+01	0.000000000000000000e+00
1.989999999999999858e+01	0.000000000000000000e+00
1.991666666666666785e+01	0.000000000000000000e+00
1.993333333333333357e+01	0.000000000000000000e+00
1.994999999999999929e+01	0.000000000000000000e+00
1.996666666666666501e+01	0.000000000000000000e+00
1.998333333333333073e+01	0.000000000000000000e+00
2.000000000000000000e+01	0.000000000000000000e+00
2.001666666666666927e+01	0.000000000000000000e+00
2.003333333333333499e+01	0.000000000000000000e+00
2.005000000000000071e+01	0.000000000000000000e+00
2.006666666666666643e+01	0.000000000000000000e+00
2.008333333333333570e+01	0.000000000000000000e+00
2.010000000000000142e+01	0.000000000000000000e+00
2.011666666666666714e+01	0.000000000000000000e+00
2.013333333333333286e+01	0.000000000000000000e+00
2.015000000000000213e+01	0.000000000000000000e+00
2.016666666666666785e+01	0.000000000000000000e+00
2.018333333333333357e+01	0.000000000000000000e+00
2.019999999999999929e+01	0.000000000000000000e+00
2.021666666666666501e+01	0.000000000000000000e+00
2.023333333333333428e+01	0.000000000000000000e+00
2.025000000000000000e+01	0.000000000000000000e+00
2.026666666666666572e+01	0.000000000000000000e+00
2.028333333333333144e+01	0.000000000000000000e+00
2.029999999999999716e+01	0.000000000000000000e+00
2.031666666666666643e+01	0.000000000000000000e+00
2.033333333333333570e+01	0.000000000000000000e+00
2.035000000000000142e+01	0.000000000000000000e+00
2.036666666666666714e+01	0.000000000000000000e+00
2.038333333333333641e+01	0.000000000000000000e+00
2.040000000000000213e+01	0.000000000000000000e+00
2.041666666666666785e+01	0.000000000000000000e+00
2.043333333333333357e+01	0.000000000000000000e+00
2.044999999999999929e+01	0.000000000000000000e+00
2.046666666666666856e+01	0.000000000000000000e+00
2.048333333333333428e+01	0.000000000000000000e+00
2.050000000000000000e+01	0.000000000000000000e+00
2.051666666666666572e+01	0.000000000000000000e+00
2.053333333333333144e+01	0.000000000000000000e+00
2.055000000000000071e+01	0.000000000000000000e+00
2.056666666666666643e+01	0.000000000000000000e+00
2.058333333333333215e+01	0.000000000000000000e+00
2.059999999999999787e+01	0.000000000000000000e+00
2.061666666666666714e+01	0.000000000000000000e+00
2.063333333333333286e+01	0.000000000000000000e+00
2.065000000000000213e+01	0.000000000000000000e+00
2.066666666666666785e+01	0.000000000000000000e+00
2.068333333333333357e+01	0.000000000000000000e+00
2.070000000000000284e+01	0.000000000000000000e+00
2.071666666666666856e+01	0.000000000000000000e+00
2.073333333333333428e+01	0.000000000000000000e+00
2.075000000000000000e+01	0.000000000000000000e+00
2.076666666666666572e+01	0.000000000000000000e+00
2.078333333333333499e+01	0.000000000000000000e+00
2.080000000000000071e+01	0.000000000000000000e+00
2.081666666666666643e+01	0.000000000000000000e+00
2.083333333333333215e+01	0.000000000000000000e+00
2.085000000000000142e+01	0.000000000000000000e+00
2.086666666666666714e+01	0.000000000000000000e+00
2.088333333333333286e+01	0.000000000000000000e+00
2.089999999999999858e+01	0.000000000000000000e+00
2.091666666666666430e+01	0.000000000000000000e+00
2.093333333333333357e+01	0.000000000000000000e+00
2.094999999999999929e+01	0.000000000000000000e+00
2.096666666666666856e+01	0.000000000000000000e+00
2.098333333333333428e+01	0.000000000000000000e+00
2.100000000000000000e+01	0.000000000000000000e+00
2.101666666666666927e+01	0.000000000000000000e+00
2.103333333333333499e+01	0.000000000000000000e+00
2.105000000000000071e+01	0.000000000000000000e+00
2.106666666666666643e+01	0.000000000000000000e+00
2.108333333333333570e+01	0.000000000000000000e+00
2.110000000000000142e+01	0.000000000000000000e+00
2.111666666666666714e+01	0.000000000000000000e+00
2.113333333333333286e+01	0.000000000000000000e+00
2.114999999999999858e+01	0.000000000000000000e+00
2.116666666666666785e+01	0.000000000000000000e+00
2.118333333333333357e+01	0.000000000000000000e+00
2.119999999999999929e+01	0.000000000000000000e+00
2.121666666666666501e+01	0.000000000000000000e+00
2.123333333333333073e+01	0.000000000000000000e+00
2.125000000000000000e+01	0.000000000000000000e+00
2.126666666666666572e+01	0.000000000000000000e+00
2.128333333333333499e+01	0.000000000000000000e+00
2.130000000000000071e+01	0.000000000000000000e+00
2.131666666666666998e+01	0.000000000000000000e+00
2.133333333333333570e+01	0.000000000000000000e+00
2.135000000000000142e+01	0.000000000000000000e+00
2.136666666666666714e+01	0.000000000000000000e+00
2.138333333333333286e+01	0.000000000000000000e+00
2.140000000000000213e+01	0.000000000000000000e+00
2.141666666666666785e+01	0.000000000000000000e+00
2.143333333333333357e+01	0.000000000000000000e+00
2.144999999999999929e+01	0.000000000000000000e+00
2.146666666666666501e+01	0.000000000000000000e+00
2.148333333333333428e+01	0.000000000000000000e+00
2.150000000000000000e+01	0.000000000000000000e+00
2.151666666666666572e+01	0.000000000000000000e+00
2.153333333333333144e+01	0.000000000000000000e+00
2.155000000000000071e+01	0.000000000000000000e+00
2.156666666666666643e+01	0.000000000000000000e+00
2.158333333333333570e+01	0.000000000000000000e+00
2.160000000000000142e+01	0.000000000000000000e+00
