Time_us	Received_Shear
0.000000000000000000e+00	4.760312364280882419e-03
1.666666666666666644e-02	-1.046534403323581483e-02
3.333333333333333287e-02	-5.473849517409890009e-02
4.999999999999999584e-02	-3.435933855677559406e-02
6.666666666666666574e-02	2.793965504002302730e-02
8.333333333333334259e-02	1.234497245242283624e-02
9.999999999999999167e-02	-1.249304206673348266e-03
1.166666666666666685e-01	1.919596586723357895e-02
1.333333333333333315e-01	-3.658611708971734600e-03
1.499999999999999944e-01	5.747061730717558520e-02
1.666666666666666852e-01	3.367365944815625678e-02
1.833333333333333204e-01	3.812061133232495097e-02
1.999999999999999833e-01	9.233255437881861261e-02
2.166666666666666741e-01	6.820930547244605235e-02
2.333333333333333370e-01	2.946172835250336283e-02
2.500000000000000000e-01	2.147415651602344738e-02
2.666666666666666630e-01	2.264731623768762372e-02
2.833333333333333814e-01	-5.732201479735696964e-02
2.999999999999999889e-01	-2.420969707441597216e-02
3.166666666666666519e-01	-9.237586303062930715e-02
3.333333333333333703e-01	-8.055295166211344504e-02
3.499999999999999778e-01	-7.711785851061653263e-02
3.666666666666666408e-01	-1.679545247587024837e-01
3.833333333333333592e-01	-1.893377624319910468e-01
3.999999999999999667e-01	-1.315659243204430062e-01
4.166666666666666852e-01	-1.322100974659094208e-01
4.333333333333333481e-01	-1.365714713649145706e-01
4.500000000000000111e-01	-9.490995844981878204e-02
4.666666666666666741e-01	-1.223260742235295073e-01
4.833333333333332815e-01	-6.626712442029496219e-02
5.000000000000000000e-01	1.865145910793654035e-02
5.166666666666666075e-01	1.791802451147550893e-02
5.333333333333333259e-01	6.011711000787409859e-02
5.500000000000000444e-01	1.209999556091469058e-01
5.666666666666667629e-01	8.585243210979956463e-02
5.833333333333333703e-01	1.407219798186037929e-01
5.999999999999999778e-01	2.452467439556639262e-01
6.166666666666666963e-01	2.198679535796451701e-01
6.333333333333333037e-01	1.932165114509559467e-01
6.500000000000000222e-01	2.390258908911910840e-01
6.666666666666667407e-01	1.134324186008164315e-01
6.833333333333333481e-01	8.422703317859550620e-02
6.999999999999999556e-01	4.764641789630780222e-02
7.166666666666666741e-01	1.884238038493358039e-02
7.333333333333332815e-01	1.160843918509717014e-02
7.500000000000000000e-01	-6.275829018793196989e-02
7.666666666666667185e-01	-3.351915271147365427e-02
7.833333333333334370e-01	-8.181821932049383739e-02
7.999999999999999334e-01	-1.009664070830794402e-01
8.166666666666666519e-01	-6.368515934218776930e-02
8.333333333333333703e-01	-1.376647755470735146e-01
8.499999999999999778e-01	-1.616048572668951633e-01
8.666666666666666963e-01	-9.322367928662911307e-02
8.833333333333334147e-01	-8.828223581795359431e-02
9.000000000000000222e-01	-5.725339547448083516e-02
9.166666666666666297e-01	-9.650905021207600853e-02
9.333333333333333481e-01	-2.774772608143740577e-02
9.499999999999999556e-01	3.044348010406562610e-02
9.666666666666665630e-01	-7.316258367791603212e-02
9.833333333333333925e-01	2.961253838659205079e-02
1.000000000000000000e+00	6.024612684917809990e-02
1.016666666666666829e+00	8.009520886251145222e-02
1.033333333333333215e+00	4.000193499037001110e-02
1.050000000000000044e+00	1.268100455025775730e-01
1.066666666666666652e+00	9.298316649495402819e-02
1.083333333333333259e+00	9.296076789412062447e-02
1.100000000000000089e+00	5.299150421241881348e-02
1.116666666666666696e+00	9.194305889956269628e-02
1.133333333333333526e+00	2.791163312335523741e-02
1.149999999999999911e+00	1.996185973832959731e-03
1.166666666666666741e+00	1.119036272247388164e-03
1.183333333333333348e+00	-2.478245540406958172e-02
1.199999999999999956e+00	-1.993933230639328286e-02
1.216666666666666785e+00	1.618621120150910697e-03
1.233333333333333393e+00	-6.763543186371684390e-02
1.250000000000000000e+00	-3.204758126444226529e-02
1.266666666666666607e+00	-7.142265315646112445e-02
1.283333333333333215e+00	5.162750262647192168e-02
1.300000000000000044e+00	-7.711043625578822835e-02
1.316666666666666652e+00	-2.848024762384609304e-02
1.333333333333333481e+00	1.840371728407889929e-02
1.350000000000000089e+00	-1.810115896516809042e-02
1.366666666666666696e+00	1.096688601172016858e-02
1.383333333333333304e+00	-2.410441781861456800e-02
1.399999999999999911e+00	3.347223301233553938e-02
1.416666666666666741e+00	-1.318024161787708509e-02
1.433333333333333348e+00	-3.018962239305007702e-03
1.450000000000000178e+00	7.922805848381127281e-03
1.466666666666666563e+00	-3.299250486158124968e-02
1.483333333333333393e+00	2.111793827958280065e-02
1.500000000000000000e+00	7.639143172805019921e-02
1.516666666666666607e+00	1.381574011267907090e-02
1.533333333333333437e+00	-2.971678951030386900e-02
1.550000000000000044e+00	2.223591546934652538e-02
1.566666666666666874e+00	-1.185078308737993504e-02
1.583333333333333259e+00	-6.503155047346298456e-02
1.599999999999999867e+00	-3.733632402306057141e-02
1.616666666666666696e+00	-1.069457701200414862e-01
1.633333333333333304e+00	-4.283238283541222768e-02
1.650000000000000133e+00	1.720818905466265161e-02
1.666666666666666741e+00	-2.977187230644348995e-02
1.683333333333333348e+00	-1.114756114849479833e-02
1.699999999999999956e+00	2.413855150220468176e-02
1.716666666666666563e+00	-3.310055286719872092e-02
1.733333333333333393e+00	5.053527040888482202e-03
1.750000000000000000e+00	-3.004474154032887867e-02
1.766666666666666829e+00	8.113418151077453344e-02
1.783333333333333437e+00	7.483740565099099296e-02
1.800000000000000044e+00	8.544846342769399361e-02
1.816666666666666652e+00	1.639914753199609998e-01
1.833333333333333259e+00	6.303151326426557899e-02
1.850000000000000089e+00	1.400651666883259427e-01
1.866666666666666696e+00	1.041431925840078238e-01
1.883333333333333526e+00	1.006591249881266525e-01
1.899999999999999911e+00	1.224939734763932780e-01
1.916666666666666741e+00	1.524682403317209889e-01
1.933333333333333126e+00	1.356556236119802750e-01
1.949999999999999956e+00	1.314949282754050708e-01
1.966666666666666785e+00	9.826364272785599596e-02
1.983333333333333615e+00	7.115325261989563499e-02
2.000000000000000000e+00	5.241641209008272850e-02
2.016666666666666607e+00	2.052433576863092052e-02
2.033333333333333659e+00	5.404749142910789117e-02
2.049999999999999822e+00	2.142287120328467340e-02
2.066666666666666430e+00	5.600326051625073229e-03
2.083333333333333481e+00	6.084614047499038031e-03
2.100000000000000089e+00	-1.786432042980577728e-02
2.116666666666666696e+00	-7.005257553698503170e-02
2.133333333333333304e+00	-5.779468372021200062e-02
2.150000000000000355e+00	-9.640181168531550965e-03
2.166666666666666519e+00	-4.188197826522109535e-02
2.183333333333333126e+00	-3.865454089605459970e-02
2.200000000000000178e+00	-5.460175547000521018e-02
2.216666666666666785e+00	-2.930175746957699653e-02
2.233333333333333393e+00	1.971146708176332862e-02
2.250000000000000000e+00	-2.198572338719773089e-02
2.266666666666667052e+00	6.368464317116857842e-02
2.283333333333333215e+00	1.139195965788558987e-02
2.299999999999999822e+00	-6.652941479231939612e-04
2.316666666666666874e+00	2.309786347802184753e-02
2.333333333333333481e+00	1.141962183309529894e-01
2.350000000000000089e+00	4.041406051634466312e-02
2.366666666666666696e+00	1.142660394080373398e-01
2.383333333333333304e+00	7.652088274073128027e-02
2.399999999999999911e+00	1.145953009356709268e-01
2.416666666666666519e+00	1.226480010673856452e-01
2.433333333333333570e+00	1.411163663166880577e-01
2.450000000000000178e+00	9.880623473702190851e-02
2.466666666666666785e+00	1.430310668439327693e-01
2.483333333333333393e+00	8.628435134962285369e-02
2.500000000000000000e+00	1.855795811297480113e-01
2.516666666666666607e+00	1.742462640881466962e-01
2.533333333333333215e+00	1.802197687776000146e-01
2.550000000000000266e+00	6.331268475124322836e-02
2.566666666666666430e+00	1.278463004063679354e-01
2.583333333333333481e+00	6.663634098269601014e-02
2.600000000000000089e+00	8.523131445641173032e-02
2.616666666666666696e+00	6.163387733574625382e-02
2.633333333333333304e+00	2.404920597972040955e-02
2.649999999999999911e+00	2.924391435257722369e-03
2.666666666666666963e+00	-2.989985215506923630e-02
2.683333333333333126e+00	-1.587666391516286482e-02
2.700000000000000178e+00	-1.168200457930906322e-01
2.716666666666666785e+00	-1.567193596986291293e-01
2.733333333333333393e+00	-1.150039734055477714e-01
2.750000000000000000e+00	-1.441607354414609632e-01
2.766666666666666607e+00	-2.048281576161729012e-01
2.783333333333333659e+00	-1.749955742132336955e-01
2.799999999999999822e+00	-2.376128895292683729e-01
2.816666666666666874e+00	-2.301391149468151320e-01
2.833333333333333481e+00	-2.915705904371335699e-01
2.850000000000000089e+00	-2.724621794634094485e-01
2.866666666666666696e+00	-3.401801130633307357e-01
2.883333333333333304e+00	-3.618954794474353309e-01
2.900000000000000355e+00	-3.425737741698383632e-01
2.916666666666666519e+00	-3.195431606794346124e-01
2.933333333333333126e+00	-2.955903910083071406e-01
2.950000000000000178e+00	-3.300663298903188658e-01
2.966666666666666785e+00	-3.577186826080630544e-01
2.983333333333333393e+00	-3.558684922846683807e-01
3.000000000000000000e+00	-3.118073297931610033e-01
3.016666666666667052e+00	-3.059038537349298981e-01
3.033333333333333215e+00	-3.103523085584563024e-01
3.049999999999999822e+00	-2.732346778167762391e-01
3.066666666666666874e+00	-2.195344467977319580e-01
3.083333333333333481e+00	-3.289678494058343450e-01
3.100000000000000089e+00	-3.125793239741375129e-01
3.116666666666666696e+00	-2.973142753669208993e-01
3.133333333333333748e+00	-2.495599019950908992e-01
3.149999999999999911e+00	-2.778263116867320526e-01
3.166666666666666519e+00	-2.613048978868547367e-01
3.183333333333333570e+00	-2.327252109550441428e-01
3.199999999999999734e+00	-2.097003810485055519e-01
3.216666666666666785e+00	-2.167075230862563484e-01
3.233333333333333393e+00	-2.021984324568880942e-01
3.250000000000000444e+00	-2.409196509706191258e-01
3.266666666666666607e+00	-2.179815705139815374e-01
3.283333333333333215e+00	-2.516711687957998156e-01
3.300000000000000266e+00	-2.975001900306235014e-01
3.316666666666666430e+00	-2.267530504454867701e-01
3.333333333333333481e+00	-2.401691078027515525e-01
3.350000000000000089e+00	-2.992072645780872175e-01
3.366666666666666696e+00	-2.321563905239420744e-01
3.383333333333333304e+00	-2.679528124750129026e-01
3.399999999999999911e+00	-2.515015513835182626e-01
3.416666666666666963e+00	-2.505870370462255359e-01
3.433333333333333126e+00	-2.615812822769212898e-01
3.450000000000000178e+00	-2.594565923876187563e-01
3.466666666666666785e+00	-2.077660323200820058e-01
3.483333333333333393e+00	-1.922993294514202534e-01
3.500000000000000000e+00	-1.656492634856683299e-01
3.516666666666666607e+00	-1.337609413064485553e-01
3.533333333333333659e+00	-1.378903337726953282e-01
3.549999999999999822e+00	-8.461629504821444048e-02
3.566666666666666874e+00	-1.160868763969346018e-01
3.583333333333333481e+00	-6.075594110463512082e-02
3.600000000000000089e+00	1.295576672309547983e-03
3.616666666666666696e+00	-9.604426611414401682e-02
3.633333333333333304e+00	-4.485970997649678382e-02
3.650000000000000355e+00	-3.694683557838394222e-03
3.666666666666666519e+00	8.397887462230942124e-02
3.683333333333333570e+00	1.680146680917810609e-01
3.700000000000000178e+00	1.546098136983285187e-01
3.716666666666666785e+00	1.919472969948151642e-01
3.733333333333333393e+00	2.575647005553401980e-01
3.750000000000000000e+00	2.477931997379465567e-01
3.766666666666667052e+00	2.372969881726464114e-01
3.783333333333333215e+00	3.456605329787696412e-01
3.799999999999999822e+00	2.582354632860071608e-01
3.816666666666666874e+00	3.939589094664192603e-01
3.833333333333333481e+00	3.337704033117924740e-01
3.850000000000000533e+00	3.513962599009925469e-01
3.866666666666666252e+00	3.890335266448119445e-01
3.883333333333333304e+00	3.941860894452125508e-01
3.899999999999999911e+00	4.828224788187233107e-01
3.916666666666666519e+00	4.019443664183070530e-01
3.933333333333333570e+00	4.574014187844256951e-01
3.950000000000000178e+00	3.903263525684509405e-01
3.966666666666667229e+00	3.593838857459309977e-01
3.983333333333332948e+00	4.033456768389401259e-01
4.000000000000000000e+00	4.113011598498833576e-01
4.016666666666666607e+00	3.508678504427455991e-01
4.033333333333333215e+00	4.340144964628310786e-01
4.049999999999999822e+00	3.443741561688669628e-01
4.066666666666667318e+00	3.620851661562002333e-01
4.083333333333333925e+00	3.822052250327813705e-01
4.099999999999999645e+00	3.497343336073193698e-01
4.116666666666666252e+00	3.863993741452804720e-01
4.133333333333332860e+00	3.137089608177519029e-01
4.150000000000000355e+00	3.361456893652329248e-01
4.166666666666666963e+00	2.974579842623319426e-01
4.183333333333333570e+00	2.812690054511592930e-01
4.200000000000000178e+00	2.599896210184938217e-01
4.216666666666666785e+00	3.036864812269273184e-01
4.233333333333333393e+00	2.703175459122795221e-01
4.250000000000000000e+00	2.730434859668257053e-01
4.266666666666666607e+00	2.549847296260525642e-01
4.283333333333333215e+00	2.505257589953070463e-01
4.300000000000000711e+00	2.175741209794485043e-01
4.316666666666667318e+00	2.067812061296882553e-01
4.333333333333333037e+00	2.546037906464656553e-01
4.349999999999999645e+00	2.408203732964138699e-01
4.366666666666666252e+00	3.316058727632932301e-01
4.383333333333333748e+00	2.646114189153399021e-01
4.400000000000000355e+00	3.014012841573001644e-01
4.416666666666666963e+00	2.640684161769800142e-01
4.433333333333333570e+00	2.543681401457028590e-01
4.450000000000000178e+00	2.117064666709142506e-01
4.466666666666666785e+00	2.683115538116937482e-01
4.483333333333333393e+00	2.078899617372427233e-01
4.500000000000000000e+00	1.631330837896685648e-01
4.516666666666666607e+00	1.736298379080571663e-01
4.533333333333334103e+00	2.172069409641046722e-01
4.550000000000000711e+00	1.702360305890791570e-01
4.566666666666666430e+00	1.409108904768984483e-01
4.583333333333333037e+00	6.814678780285414461e-02
4.599999999999999645e+00	7.426072721782037145e-02
4.616666666666667140e+00	9.835002508571361046e-02
4.633333333333333748e+00	7.465936212362113411e-02
4.650000000000000355e+00	1.405332122030664155e-02
4.666666666666666963e+00	-5.407507526078629556e-02
4.683333333333332682e+00	-4.474458351570013287e-02
4.700000000000000178e+00	-9.867879761593997823e-02
4.716666666666666785e+00	-1.254920621537357617e-01
4.733333333333333393e+00	-1.741216220795580860e-01
4.750000000000000000e+00	-2.415865611447430006e-01
4.766666666666666607e+00	-2.590299413564037256e-01
4.783333333333334103e+00	-2.635197980214875613e-01
4.799999999999999822e+00	-2.848839048252872486e-01
4.816666666666666430e+00	-3.512794837240401091e-01
4.833333333333333037e+00	-3.697610850510154035e-01
4.850000000000000533e+00	-3.675055385090217897e-01
4.866666666666667140e+00	-4.202117004047902782e-01
4.883333333333333748e+00	-4.211768247762648354e-01
4.900000000000000355e+00	-3.738488098729598197e-01
4.916666666666666075e+00	-4.727737411530521516e-01
4.933333333333333570e+00	-3.967316911586734607e-01
4.950000000000000178e+00	-4.217966797364857134e-01
4.966666666666666785e+00	-3.678103919140731093e-01
4.983333333333333393e+00	-4.094224382412546825e-01
5.000000000000000000e+00	-3.936309351551316449e-01
5.016666666666666607e+00	-4.327853501772249700e-01
5.033333333333333215e+00	-3.593604609731138044e-01
5.049999999999999822e+00	-4.124964627517529459e-01
5.066666666666666430e+00	-4.089595597724074993e-01
5.083333333333333925e+00	-3.856238118489695443e-01
5.100000000000000533e+00	-3.769042717710797685e-01
5.116666666666667140e+00	-3.513155297493884555e-01
5.133333333333332860e+00	-3.886670363626772429e-01
5.149999999999999467e+00	-3.388049336117199273e-01
5.166666666666666963e+00	-3.594735129986066924e-01
5.183333333333333570e+00	-3.227109155876849433e-01
5.200000000000000178e+00	-3.569797674048416081e-01
5.216666666666666785e+00	-3.521963285168460134e-01
5.233333333333333393e+00	-3.047631647445423475e-01
5.250000000000000000e+00	-2.760034389712476277e-01
5.266666666666666607e+00	-3.164415684293159226e-01
5.283333333333333215e+00	-3.451523999390466169e-01
5.299999999999999822e+00	-3.142962357649797811e-01
5.316666666666666430e+00	-3.342758647405740247e-01
5.333333333333333925e+00	-2.727716887025427583e-01
5.350000000000000533e+00	-3.469363639887711459e-01
5.366666666666666252e+00	-3.135210702054613829e-01
5.383333333333332860e+00	-2.225563258254503185e-01
5.400000000000000355e+00	-2.365691683895593256e-01
5.416666666666666963e+00	-2.092379048032641242e-01
5.433333333333333570e+00	-2.187152784984193743e-01
5.450000000000000178e+00	-1.901864134724111643e-01
5.466666666666666785e+00	-1.997060757888288185e-01
5.483333333333333393e+00	-1.223199273480001653e-01
5.500000000000000000e+00	-1.346860306061452572e-01
5.516666666666666607e+00	-1.484383386681718542e-01
5.533333333333333215e+00	-8.847859444118322259e-02
5.549999999999999822e+00	-4.893342235125579254e-02
5.566666666666667318e+00	-9.989772496265617030e-02
5.583333333333333925e+00	1.690510799100498548e-02
5.599999999999999645e+00	5.278455045419829829e-03
5.616666666666666252e+00	-1.032769924350664462e-02
5.633333333333333748e+00	6.271489006299871272e-02
5.650000000000000355e+00	7.619633338347400753e-02
5.666666666666666963e+00	7.492918164133693937e-02
5.683333333333333570e+00	8.275702076270050056e-02
5.700000000000000178e+00	2.074150619289921449e-01
5.716666666666666785e+00	1.440991232666506694e-01
5.733333333333333393e+00	1.734022745738542648e-01
5.750000000000000000e+00	1.609454341031744673e-01
5.766666666666666607e+00	1.810149013844486732e-01
5.783333333333333215e+00	2.205858169870819896e-01
5.800000000000000711e+00	2.213622579269496349e-01
5.816666666666667318e+00	2.487639971123051241e-01
5.833333333333333037e+00	2.568800080974258382e-01
5.849999999999999645e+00	2.807012737631534027e-01
5.866666666666666252e+00	2.937727381036909224e-01
5.883333333333333748e+00	3.374969789391583097e-01
5.900000000000000355e+00	3.447946803675906446e-01
5.916666666666666963e+00	3.371284853784019542e-01
5.933333333333333570e+00	3.713872414492729868e-01
5.950000000000000178e+00	3.380736488813210761e-01
5.966666666666666785e+00	3.655466801844997615e-01
5.983333333333333393e+00	3.688003009513847741e-01
6.000000000000000000e+00	3.754195318581561858e-01
6.016666666666666607e+00	3.883824271611257539e-01
6.033333333333334103e+00	3.911040414476053551e-01
6.050000000000000711e+00	3.663650850075306220e-01
6.066666666666666430e+00	4.177115470582792311e-01
6.083333333333333037e+00	3.566758667696138252e-01
6.099999999999999645e+00	3.866999127999878327e-01
6.116666666666667140e+00	3.731683796453024726e-01
6.133333333333333748e+00	3.743209674713727786e-01
6.150000000000000355e+00	4.058177425524243098e-01
6.166666666666666963e+00	3.984650982030519817e-01
6.183333333333333570e+00	4.124728587198831509e-01
6.200000000000000178e+00	3.725438371339760413e-01
6.216666666666666785e+00	4.098146538469299993e-01
6.233333333333333393e+00	3.888035125873871012e-01
6.250000000000000000e+00	3.948114614881894635e-01
6.266666666666667496e+00	3.041297896599786665e-01
6.283333333333334103e+00	3.272186575469975267e-01
6.299999999999999822e+00	3.051038761650472497e-01
6.316666666666666430e+00	3.080280858070849614e-01
6.333333333333333037e+00	2.970418283590833264e-01
6.350000000000000533e+00	3.393040974030183121e-01
6.366666666666667140e+00	2.558158863133221939e-01
6.383333333333333748e+00	2.659157980230334450e-01
6.399999999999999467e+00	2.895829198023632811e-01
6.416666666666666075e+00	2.480729594557655737e-01
6.433333333333333570e+00	1.579009504731441749e-01
6.450000000000000178e+00	1.835733652914034175e-01
6.466666666666666785e+00	2.167687865774827471e-01
6.483333333333333393e+00	2.019961970533231121e-01
6.500000000000000888e+00	1.300675991329301451e-01
6.516666666666666607e+00	2.848118047657532959e-02
6.533333333333333215e+00	6.033494775707282098e-02
6.549999999999999822e+00	2.009541092006266599e-02
6.566666666666666430e+00	-2.706877203838067847e-02
6.583333333333333925e+00	-2.984569508465086118e-02
6.600000000000000533e+00	-3.259163937144377715e-02
6.616666666666667140e+00	-2.360714601272702329e-02
6.633333333333332860e+00	-7.910728320286414261e-02
6.649999999999999467e+00	-3.016409263536996843e-02
6.666666666666666963e+00	-1.933656454706006445e-02
6.683333333333333570e+00	-6.809086893059801415e-02
6.700000000000000178e+00	-9.220339466298912989e-02
6.716666666666666785e+00	-1.121775716511782955e-01
6.733333333333333393e+00	-2.070392958885449997e-01
6.750000000000000000e+00	-1.753580183067472986e-01
6.766666666666666607e+00	-2.187472195658806129e-01
6.783333333333333215e+00	-1.977601659072289464e-01
6.799999999999999822e+00	-2.330907294116763007e-01
6.816666666666667318e+00	-2.604956126870739963e-01
6.833333333333333925e+00	-2.631644185870890551e-01
6.850000000000000533e+00	-2.709211348291747923e-01
6.866666666666666252e+00	-3.159237243277625007e-01
6.883333333333332860e+00	-2.892981418838529439e-01
6.900000000000000355e+00	-3.382497016958859737e-01
6.916666666666666963e+00	-2.905417622452165505e-01
6.933333333333333570e+00	-2.884553248732938946e-01
6.950000000000000178e+00	-3.471685854086180578e-01
6.966666666666666785e+00	-3.545862180495926164e-01
6.983333333333333393e+00	-4.222652721009531596e-01
7.000000000000000000e+00	-3.350327359806844485e-01
7.016666666666666607e+00	-3.764909193595418202e-01
7.033333333333333215e+00	-4.124058200038017152e-01
7.049999999999999822e+00	-3.600672322361037070e-01
7.066666666666667318e+00	-3.664517513838599916e-01
7.083333333333333925e+00	-4.073130416550870825e-01
7.099999999999999645e+00	-3.874187112706093394e-01
7.116666666666666252e+00	-4.127580498895688232e-01
7.133333333333333748e+00	-3.781799211096216196e-01
7.150000000000000355e+00	-4.088824852695055467e-01
7.166666666666666963e+00	-3.920758308278003423e-01
7.183333333333333570e+00	-4.137223541818111361e-01
7.200000000000000178e+00	-3.758992791159480040e-01
7.216666666666666785e+00	-4.092119023027276370e-01
7.233333333333333393e+00	-3.982023441407562259e-01
7.250000000000000000e+00	-2.893288049619024416e-01
7.266666666666666607e+00	-3.420239913558623113e-01
7.283333333333333215e+00	-4.041096756185474370e-01
7.300000000000000711e+00	-3.256672688399215310e-01
7.316666666666667318e+00	-3.191223283157055834e-01
7.333333333333333037e+00	-2.885223395030764859e-01
7.349999999999999645e+00	-2.941455379597379127e-01
7.366666666666667140e+00	-2.625219921757718233e-01
7.383333333333333748e+00	-2.749781431564962131e-01
7.400000000000000355e+00	-1.999922900026361028e-01
7.416666666666666963e+00	-2.019951585291282770e-01
7.433333333333333570e+00	-1.642694117124613440e-01
7.450000000000000178e+00	-1.952178812710828326e-01
7.466666666666666785e+00	-1.205730598443549018e-01
7.483333333333333393e+00	-1.474133851007226326e-01
7.500000000000000000e+00	-1.005044176799344685e-01
7.516666666666666607e+00	-9.104379551301534923e-02
7.533333333333334103e+00	-1.062743873267791295e-01
7.550000000000000711e+00	-1.330158906700344978e-01
7.566666666666666430e+00	1.278808939727015676e-02
7.583333333333333037e+00	-8.778054987202829618e-02
7.599999999999999645e+00	2.481888587630841359e-02
7.616666666666667140e+00	6.275628735454844009e-02
7.633333333333333748e+00	8.077184424896019510e-02
7.649999999999999467e+00	6.609914857108351027e-02
7.666666666666666963e+00	1.075013205107483993e-01
7.683333333333333570e+00	6.087499502501763499e-02
7.700000000000001066e+00	1.632004254157619627e-01
7.716666666666666785e+00	1.580089101299859689e-01
7.733333333333332504e+00	1.871949398625782635e-01
7.750000000000000000e+00	1.868655465501773694e-01
7.766666666666666607e+00	1.954545320487749149e-01
7.783333333333334103e+00	1.894142859621593677e-01
7.799999999999999822e+00	2.307050948412112112e-01
7.816666666666667318e+00	2.609930823741375416e-01
7.833333333333333037e+00	2.197538789761121769e-01
7.849999999999999645e+00	3.273571515347090122e-01
7.866666666666667140e+00	3.006663309080632174e-01
7.883333333333332860e+00	3.225972649764661249e-01
7.900000000000000355e+00	2.919976208493940129e-01
7.916666666666666963e+00	3.307398722191584595e-01
7.933333333333334458e+00	3.080731659155628854e-01
7.950000000000000178e+00	3.329298261164710948e-01
7.966666666666665897e+00	3.651889072960283755e-01
7.983333333333333393e+00	3.630351565306828565e-01
8.000000000000000000e+00	4.719243909399604142e-01
8.016666666666667496e+00	3.912347601612005676e-01
8.033333333333333215e+00	4.058319664789536430e-01
8.050000000000000711e+00	4.092901745721622686e-01
8.066666666666666430e+00	4.079157553423621851e-01
8.083333333333332149e+00	4.300436339152507448e-01
8.099999999999999645e+00	3.660095546744167594e-01
8.116666666666667140e+00	3.798450677911822115e-01
8.133333333333334636e+00	3.588687870990383555e-01
8.150000000000000355e+00	4.154116771227080451e-01
8.166666666666667851e+00	3.339493334639956346e-01
8.183333333333333570e+00	3.655597852869970632e-01
8.199999999999999289e+00	3.682115184408080166e-01
8.216666666666666785e+00	3.682607931803019152e-01
8.233333333333332504e+00	3.635454773999195477e-01
8.250000000000000000e+00	3.400577634717971698e-01
8.266666666666665719e+00	3.364404594086811140e-01
8.283333333333334991e+00	3.858511412631247528e-01
8.300000000000000711e+00	3.624903787575613490e-01
8.316666666666666430e+00	2.645825830688651736e-01
8.333333333333333925e+00	3.456473469284581101e-01
8.349999999999999645e+00	3.347436842861682416e-01
8.366666666666667140e+00	2.328095700557558378e-01
8.383333333333332860e+00	2.834031072126736439e-01
8.400000000000000355e+00	1.968537381992117030e-01
8.416666666666666075e+00	2.606928454452051014e-01
8.433333333333333570e+00	2.103983736710187402e-01
8.450000000000001066e+00	1.974980499162203584e-01
8.466666666666666785e+00	8.887157152902586121e-02
8.483333333333334281e+00	1.765145720865738954e-01
8.500000000000000000e+00	9.277953470927713386e-02
8.516666666666667496e+00	9.212712690928828718e-02
8.533333333333333215e+00	9.634541394150789029e-02
8.549999999999998934e+00	5.789656933599057753e-02
8.566666666666666430e+00	9.502621416007897559e-03
8.583333333333332149e+00	6.597099491128177728e-02
8.600000000000001421e+00	-2.326771259993632227e-02
8.616666666666667140e+00	7.636956276243882236e-04
8.633333333333334636e+00	-6.187373214134216093e-02
8.650000000000000355e+00	-8.320934321597836525e-02
8.666666666666666075e+00	-1.029477606449589328e-01
8.683333333333333570e+00	-5.721964510863499637e-02
8.699999999999999289e+00	-1.058710725118493651e-01
8.716666666666666785e+00	-1.781234773847616415e-01
8.733333333333332504e+00	-1.765290153371150139e-01
8.750000000000001776e+00	-2.112881432585101971e-01
8.766666666666667496e+00	-2.097433162358962044e-01
8.783333333333333215e+00	-2.654388255825774201e-01
8.800000000000000711e+00	-2.093655481539989649e-01
8.816666666666666430e+00	-2.397753713754366411e-01
8.833333333333333925e+00	-2.173784418638485538e-01
8.849999999999999645e+00	-3.257958993551412497e-01
8.866666666666667140e+00	-2.911711147763091367e-01
8.883333333333332860e+00	-3.158033434313614607e-01
8.900000000000000355e+00	-2.847573418155614489e-01
8.916666666666667851e+00	-3.891767608599531192e-01
8.933333333333333570e+00	-3.397446681225504417e-01
8.950000000000001066e+00	-4.061186601750921277e-01
8.966666666666666785e+00	-3.949108212537059681e-01
8.983333333333334281e+00	-3.841333382281880149e-01
9.000000000000000000e+00	-3.918376263828020067e-01
9.016666666666665719e+00	-4.526141946142733241e-01
9.033333333333333215e+00	-4.034988069268382604e-01
9.049999999999998934e+00	-4.174276445610873854e-01
9.066666666666668206e+00	-4.301704945414634995e-01
9.083333333333333925e+00	-4.376633764310394747e-01
9.100000000000001421e+00	-3.699481385879726525e-01
9.116666666666667140e+00	-4.079667157063013305e-01
9.133333333333332860e+00	-3.899513108191213773e-01
9.150000000000000355e+00	-4.094797616220085534e-01
9.166666666666666075e+00	-4.005192721350541163e-01
9.183333333333333570e+00	-4.198770303351483379e-01
9.199999999999999289e+00	-3.804860167599746212e-01
9.216666666666666785e+00	-3.798431899017958857e-01
9.233333333333334281e+00	-3.078139371517387146e-01
9.250000000000000000e+00	-3.410634082637321596e-01
9.266666666666667496e+00	-3.306915110590651352e-01
9.283333333333333215e+00	-3.089364743222500209e-01
9.300000000000000711e+00	-2.790760449673155841e-01
9.316666666666666430e+00	-3.278266521899200758e-01
9.333333333333333925e+00	-2.730957958599434798e-01
9.349999999999999645e+00	-2.326923136106887058e-01
9.366666666666665364e+00	-3.082992751321890768e-01
9.383333333333334636e+00	-2.485835366050032913e-01
9.400000000000000355e+00	-2.486309065225201231e-01
9.416666666666667851e+00	-2.150306518160573777e-01
9.433333333333333570e+00	-2.050646436114070548e-01
9.450000000000001066e+00	-1.797808926631719040e-01
9.466666666666666785e+00	-2.009377074092984494e-01
9.483333333333332504e+00	-1.536373997849664053e-01
9.500000000000000000e+00	-1.207001967343013238e-01
9.516666666666665719e+00	-7.632336459246454041e-02
9.533333333333333215e+00	-8.255964862124075265e-02
9.550000000000000711e+00	-5.248909334348170891e-02
9.566666666666668206e+00	4.411662857135498217e-04
9.583333333333333925e+00	-4.103117880506161608e-02
9.599999999999999645e+00	3.087807573673604852e-02
9.616666666666667140e+00	-2.600709235488780913e-02
9.633333333333332860e+00	2.392946744180635826e-02
9.650000000000000355e+00	5.192794004910042394e-02
9.666666666666666075e+00	8.187137663814000876e-02
9.683333333333333570e+00	1.041678531300816446e-01
9.700000000000001066e+00	7.523512611693827790e-02
9.716666666666666785e+00	2.019555940940166994e-01
9.733333333333334281e+00	2.075093698299417810e-01
9.750000000000000000e+00	2.003793317322014045e-01
9.766666666666667496e+00	1.953685955268625041e-01
9.783333333333333215e+00	2.371665359421267771e-01
9.800000000000000711e+00	1.851771526948271240e-01
9.816666666666666430e+00	2.389830517694525036e-01
9.833333333333332149e+00	2.880274771460293870e-01
9.850000000000001421e+00	2.930721891430512760e-01
9.866666666666667140e+00	3.363788894555667097e-01
9.883333333333334636e+00	2.879041100349023496e-01
9.900000000000000355e+00	3.517703646829386521e-01
9.916666666666667851e+00	3.460663521419946598e-01
9.933333333333333570e+00	3.580268344316705487e-01
9.949999999999999289e+00	3.238134719646919013e-01
9.966666666666666785e+00	3.269789554505607709e-01
9.983333333333332504e+00	3.725693104331169181e-01
1.000000000000000000e+01	3.523097597439312501e-01
1.001666666666666750e+01	3.939291757809063599e-01
1.003333333333333321e+01	3.330418366173381051e-01
1.005000000000000071e+01	4.096750671219647755e-01
1.006666666666666643e+01	3.731053360858990753e-01
1.008333333333333393e+01	3.889224353927688838e-01
1.009999999999999964e+01	4.072814269033280254e-01
1.011666666666666714e+01	3.332869933286148889e-01
1.013333333333333286e+01	3.776852112781128312e-01
1.014999999999999858e+01	3.282463162156030179e-01
1.016666666666666785e+01	2.990281774655824676e-01
1.018333333333333357e+01	2.880735727415422720e-01
1.020000000000000107e+01	1.909293028931320357e-01
1.021666666666666679e+01	3.143808500817493190e-01
1.023333333333333428e+01	2.810483272724774717e-01
1.025000000000000000e+01	2.932208243151622207e-01
1.026666666666666572e+01	2.418964308958055920e-01
1.028333333333333321e+01	2.349293747316313630e-01
1.029999999999999893e+01	2.702060593147497802e-01
1.031666666666666643e+01	1.880205935458568178e-01
1.033333333333333393e+01	2.082820432735303651e-01
1.035000000000000142e+01	1.748856504613291452e-01
1.036666666666666714e+01	1.685776117404954866e-01
1.038333333333333286e+01	1.262400982784462333e-01
1.040000000000000036e+01	1.579505638181922800e-01
1.041666666666666607e+01	9.524960723469433344e-02
1.043333333333333357e+01	1.633930389173036957e-01
1.044999999999999929e+01	8.798243152849748172e-02
1.046666666666666679e+01	9.473963642980740008e-02
1.048333333333333428e+01	7.850513358122994390e-02
1.050000000000000000e+01	7.019317029568131194e-02
1.051666666666666750e+01	2.793980621486760046e-02
1.053333333333333321e+01	2.301971374694421202e-02
1.055000000000000071e+01	-1.222288358700820976e-03
1.056666666666666643e+01	1.825764915312543674e-02
1.058333333333333393e+01	4.123358857668227295e-02
1.059999999999999964e+01	1.659764151451252265e-02
1.061666666666666536e+01	-2.938383096173317194e-02
1.063333333333333286e+01	-4.929030755229640848e-02
1.065000000000000036e+01	-4.545046011077094605e-02
1.066666666666666785e+01	-4.105470986265198630e-02
1.068333333333333357e+01	-4.139203449064994544e-03
1.070000000000000107e+01	-4.640685808331033307e-02
1.071666666666666679e+01	-7.183022801351994502e-02
1.073333333333333250e+01	-5.337643968622001606e-02
1.075000000000000000e+01	-2.942965384709865517e-02
1.076666666666666572e+01	-5.758084660020118539e-02
1.078333333333333321e+01	-9.088550133710325551e-02
1.080000000000000071e+01	-6.391827133396685290e-02
1.081666666666666821e+01	-2.863706421284454434e-02
1.083333333333333393e+01	-5.168024438665306391e-02
1.084999999999999964e+01	-9.298554836538451551e-02
1.086666666666666714e+01	-1.248631147204030400e-01
1.088333333333333286e+01	-1.271530614592686903e-01
1.090000000000000036e+01	-1.062950666482088413e-01
1.091666666666666607e+01	-1.069336717451237900e-01
1.093333333333333357e+01	-4.904244893732217364e-02
1.095000000000000107e+01	-8.202604742844965546e-02
1.096666666666666679e+01	-4.456394043370701802e-02
1.098333333333333428e+01	-8.319006018292265936e-02
1.100000000000000000e+01	-1.158609390823215068e-01
1.101666666666666750e+01	-9.462720862075049699e-02
1.103333333333333321e+01	-4.396818856124611041e-02
1.105000000000000071e+01	-5.015676089334278331e-02
1.106666666666666643e+01	-8.225299522996694368e-02
1.108333333333333215e+01	-6.966940749160330237e-02
1.109999999999999964e+01	-6.697255633354690096e-02
1.111666666666666714e+01	-7.440833874845974305e-02
1.113333333333333464e+01	-2.138263757796998732e-02
1.115000000000000036e+01	-1.193060781702413448e-01
1.116666666666666785e+01	-3.414114479324687618e-02
1.118333333333333357e+01	-4.101840245940411439e-02
1.119999999999999929e+01	-1.108159601114594994e-01
1.121666666666666679e+01	-3.923165163391738319e-02
1.123333333333333250e+01	-6.510473213886971977e-02
1.125000000000000000e+01	1.498710508296379612e-02
1.126666666666666750e+01	-4.032558532232986825e-02
1.128333333333333499e+01	-5.254934999613742469e-02
1.130000000000000071e+01	-1.425050916115216428e-02
1.131666666666666643e+01	-5.314653933235243682e-02
1.133333333333333393e+01	-8.729592095924311457e-03
1.134999999999999964e+01	1.534576384812914862e-02
1.136666666666666714e+01	2.432225111256077626e-02
1.138333333333333286e+01	-3.973505081672742273e-02
1.140000000000000036e+01	-2.063017422845897855e-02
1.141666666666666607e+01	8.481495462297868743e-03
1.143333333333333357e+01	-3.154136909335014671e-02
1.145000000000000107e+01	-3.671189943931976035e-03
1.146666666666666679e+01	-9.986564155789317068e-03
1.148333333333333428e+01	-6.391920553186269949e-02
1.150000000000000000e+01	2.061303966294450452e-02
1.151666666666666750e+01	-2.304632980844166512e-02
1.153333333333333321e+01	-1.937082618609785312e-02
1.154999999999999893e+01	7.182568982586442184e-03
1.156666666666666643e+01	-4.449001555355695803e-02
1.158333333333333393e+01	1.243105959001313161e-02
1.160000000000000142e+01	1.508662831042915584e-02
1.161666666666666714e+01	1.172814539813429868e-02
1.163333333333333464e+01	7.420801499465199541e-03
1.165000000000000036e+01	5.386064950829542140e-03
1.166666666666666607e+01	1.660887699834869002e-02
1.168333333333333357e+01	-1.251380182982260621e-02
1.169999999999999929e+01	2.419032595888638212e-02
1.171666666666666679e+01	-2.582153724451155541e-02
1.173333333333333250e+01	2.587313510056702195e-02
1.175000000000000178e+01	-3.802098964732592706e-02
1.176666666666666750e+01	4.097173705411359668e-02
1.178333333333333321e+01	-2.321378922918330284e-02
1.180000000000000071e+01	-1.061582518821446199e-02
1.181666666666666643e+01	-3.657733889262561322e-02
1.183333333333333393e+01	2.525123225381550873e-02
1.184999999999999964e+01	-1.868671032821877034e-02
1.186666666666666714e+01	-3.349668713192687636e-02
1.188333333333333286e+01	2.035328925832389016e-02
1.190000000000000036e+01	-7.228975100811695260e-03
1.191666666666666785e+01	-2.952142619482082606e-02
1.193333333333333357e+01	-3.175573209292753551e-02
1.195000000000000107e+01	4.193058358568100608e-04
1.196666666666666679e+01	1.677268015816089919e-02
1.198333333333333428e+01	2.572629278164444058e-03
1.200000000000000000e+01	6.121043117343242385e-03
1.201666666666666572e+01	2.240166438512715755e-02
1.203333333333333321e+01	-3.350990199799763758e-02
1.205000000000000071e+01	-4.415149865987170325e-02
1.206666666666666821e+01	-7.333526657119718165e-04
1.208333333333333393e+01	-5.647524237746829462e-02
1.210000000000000142e+01	-6.963411162469871837e-03
1.211666666666666714e+01	-7.140504226535030093e-03
1.213333333333333286e+01	-2.731581404251861786e-02
1.215000000000000036e+01	3.206146036147422291e-03
1.216666666666666607e+01	-5.352438135679995351e-02
1.218333333333333357e+01	1.086567883817169192e-02
1.219999999999999929e+01	-2.753953323628097367e-03
1.221666666666666856e+01	1.385087344552212059e-02
1.223333333333333428e+01	-4.280077473607922511e-02
1.225000000000000000e+01	-5.040096964905650678e-02
1.226666666666666750e+01	5.399493133354582586e-03
1.228333333333333321e+01	-4.037043300518490530e-02
1.230000000000000071e+01	-7.363668096187482581e-02
1.231666666666666643e+01	1.474512487675693102e-03
1.233333333333333393e+01	-5.324101536225369150e-03
1.234999999999999964e+01	-1.541466455524862986e-02
1.236666666666666714e+01	8.666306006966719225e-03
1.238333333333333464e+01	-2.638675962135904676e-02
1.240000000000000036e+01	6.838804433362880020e-02
1.241666666666666785e+01	2.045595464065139146e-02
1.243333333333333357e+01	2.452642395099444150e-02
1.245000000000000107e+01	-1.104804232238713966e-03
1.246666666666666679e+01	8.532187883514638291e-03
1.248333333333333250e+01	-1.206134876150389591e-02
1.250000000000000000e+01	4.646456349103379214e-03
1.251666666666666572e+01	-3.103761154895058605e-02
1.253333333333333499e+01	3.737377971559056877e-02
1.255000000000000071e+01	-2.488792930789922656e-03
1.256666666666666821e+01	3.279494072997591464e-02
1.258333333333333393e+01	1.268944392904392676e-02
1.259999999999999964e+01	-6.522604349019479539e-03
1.261666666666666714e+01	1.635183837436472373e-02
1.263333333333333286e+01	4.136872743104132860e-02
1.265000000000000036e+01	-4.842792767566739959e-02
1.266666666666666607e+01	-3.321934120384287259e-02
1.268333333333333357e+01	-4.785367388535077815e-02
1.270000000000000107e+01	-1.083095943239431244e-02
1.271666666666666679e+01	-8.786427573529915266e-04
1.273333333333333428e+01	-3.705909703242615122e-02
1.275000000000000000e+01	-6.104817492736064419e-04
1.276666666666666750e+01	3.145822624669410844e-02
1.278333333333333321e+01	2.558736861368509329e-03
1.279999999999999893e+01	-1.629451173717087059e-02
1.281666666666666643e+01	-3.966374208270437296e-02
1.283333333333333215e+01	-5.035303125766656118e-02
1.285000000000000142e+01	-1.795622030594418161e-02
1.286666666666666714e+01	-8.522330812670235456e-02
1.288333333333333464e+01	-3.947903965953960398e-02
1.290000000000000036e+01	-4.376443721527996378e-02
1.291666666666666607e+01	-2.385951326572352538e-02
1.293333333333333357e+01	-2.626145831369054717e-02
1.294999999999999929e+01	6.402892843841338257e-03
1.296666666666666679e+01	-3.044934878166034170e-02
1.298333333333333250e+01	-1.364853192258095281e-02
1.300000000000000178e+01	-1.155191776342310780e-02
1.301666666666666750e+01	1.164859910825499778e-02
1.303333333333333321e+01	-1.749602873865648348e-02
1.305000000000000071e+01	1.892958713818403485e-02
1.306666666666666643e+01	-2.656322757306681451e-02
1.308333333333333393e+01	-6.182542943145460934e-02
1.309999999999999964e+01	3.750533871322936884e-03
1.311666666666666714e+01	1.002375343006585949e-02
1.313333333333333286e+01	5.375931761912729201e-02
1.314999999999999858e+01	1.358484142800830442e-02
1.316666666666666785e+01	-3.443273594329935433e-02
1.318333333333333357e+01	-1.924688488796151911e-02
1.320000000000000107e+01	3.510715232473651803e-02
1.321666666666666679e+01	3.604694260151204699e-02
1.323333333333333428e+01	-3.090904701585920136e-02
1.325000000000000000e+01	-5.974617093966953091e-02
1.326666666666666572e+01	2.002077407483789095e-02
1.328333333333333321e+01	-2.161225326347283090e-03
1.329999999999999893e+01	-4.136269828527848469e-02
1.331666666666666821e+01	4.578958696387760226e-04
1.333333333333333393e+01	-2.115640955266826634e-02
1.335000000000000142e+01	6.352297981981652915e-03
1.336666666666666714e+01	-6.456508337197297553e-02
1.338333333333333286e+01	-1.391161195618727600e-02
1.340000000000000036e+01	2.795253842328979804e-02
1.341666666666666607e+01	3.817012795324602886e-03
1.343333333333333357e+01	9.521694083817455398e-03
1.344999999999999929e+01	3.855356508716387826e-02
1.346666666666666679e+01	3.400102347916719031e-02
1.348333333333333428e+01	-1.653377412033450039e-02
1.350000000000000000e+01	-4.607965294243240341e-03
1.351666666666666750e+01	3.429482146023236228e-02
1.353333333333333321e+01	-2.765504298100951441e-02
1.355000000000000071e+01	-1.318002510327616339e-02
1.356666666666666643e+01	2.873365337395086816e-03
1.358333333333333393e+01	2.490631608955604895e-04
1.359999999999999964e+01	-1.995653659879829608e-02
1.361666666666666536e+01	2.210573314646584187e-02
1.363333333333333464e+01	2.806325424814703692e-02
1.365000000000000036e+01	5.710478710008824038e-02
1.366666666666666785e+01	-3.234699799652459434e-02
1.368333333333333357e+01	-8.012243743384450667e-02
1.370000000000000107e+01	-1.751321572349965119e-02
1.371666666666666679e+01	-3.049576102503003677e-02
1.373333333333333250e+01	2.650231710946713073e-02
1.375000000000000000e+01	-1.164356086815769055e-02
1.376666666666666572e+01	2.871185594300569577e-02
1.378333333333333321e+01	-1.020573367848551059e-04
1.380000000000000071e+01	6.896334789709005278e-03
1.381666666666666821e+01	2.887489357312033461e-02
1.383333333333333393e+01	-4.346244097176503451e-02
1.384999999999999964e+01	-3.636827995253562318e-03
1.386666666666666714e+01	1.412724079664477890e-02
1.388333333333333286e+01	1.745536105762642357e-02
1.390000000000000036e+01	-2.551148388308577958e-02
1.391666666666666607e+01	-2.105323428379702808e-02
1.393333333333333357e+01	-2.937454372072965947e-02
1.395000000000000107e+01	3.104583044348676463e-02
1.396666666666666679e+01	4.287784616839703661e-02
1.398333333333333428e+01	-4.609292348349620927e-02
1.400000000000000000e+01	-1.020365498964769663e-02
1.401666666666666750e+01	1.426317524141640543e-02
1.403333333333333321e+01	1.169275735478610308e-02
1.405000000000000071e+01	-1.950015472357562825e-03
1.406666666666666643e+01	-3.819898891279055464e-02
1.408333333333333215e+01	-4.097863334493914017e-02
1.409999999999999964e+01	-1.143125330280505940e-02
1.411666666666666714e+01	7.625644145130047735e-03
1.413333333333333464e+01	3.673721261452277814e-02
1.415000000000000036e+01	-4.285167677964298039e-02
1.416666666666666785e+01	2.903076183762274762e-02
1.418333333333333357e+01	-2.790018424024418714e-02
1.419999999999999929e+01	-2.883963561919708138e-02
1.421666666666666679e+01	2.708495735389999937e-02
1.423333333333333250e+01	-2.602337050355589890e-02
1.425000000000000000e+01	-2.459489625714874131e-02
1.426666666666666750e+01	1.750094347961729524e-02
1.428333333333333499e+01	1.510658340775830610e-02
1.430000000000000071e+01	-2.018910444512455465e-02
1.431666666666666643e+01	9.597525209358064718e-03
1.433333333333333393e+01	-1.888433856657054447e-02
1.434999999999999964e+01	-3.199235130975580654e-02
1.436666666666666714e+01	-1.739225936640280065e-02
1.438333333333333286e+01	-4.718722285800311216e-03
1.440000000000000036e+01	4.611009792663070712e-03
1.441666666666666785e+01	1.565966796663611701e-02
1.443333333333333357e+01	3.008839615630672440e-02
1.445000000000000107e+01	-1.008938050492104964e-02
1.446666666666666679e+01	3.828533326643616258e-02
1.448333333333333428e+01	3.699407560965538994e-02
1.450000000000000000e+01	5.209607187719853677e-02
1.451666666666666750e+01	5.345126333385667033e-02
1.453333333333333321e+01	-2.195350092245788171e-02
1.454999999999999893e+01	-2.315777180766988297e-02
1.456666666666666643e+01	4.693195181390346499e-02
1.458333333333333393e+01	-2.611491029911005082e-02
1.460000000000000142e+01	-4.247330671106196859e-02
1.461666666666666714e+01	1.477135906633422063e-02
1.463333333333333464e+01	-3.726706700606884342e-03
1.465000000000000036e+01	-2.163546525212366872e-02
1.466666666666666607e+01	3.229130785158593198e-02
1.468333333333333357e+01	-6.387651847625459844e-02
1.469999999999999929e+01	4.096013602603589335e-03
1.471666666666666679e+01	-1.411441923071082155e-02
1.473333333333333428e+01	-3.643383210737130475e-03
1.475000000000000178e+01	-6.138973760999359708e-03
1.476666666666666750e+01	4.950486096249907819e-02
1.478333333333333321e+01	2.456432003233271003e-03
1.480000000000000071e+01	-7.990979652266886821e-03
1.481666666666666643e+01	-6.027399188511711747e-02
1.483333333333333393e+01	-2.063592151349446374e-02
1.484999999999999964e+01	4.329120373297752622e-02
1.486666666666666714e+01	-3.818408184212808421e-02
1.488333333333333286e+01	1.231582260334106865e-02
1.490000000000000036e+01	2.593106428631119717e-02
1.491666666666666785e+01	-2.232511003796050844e-02
1.493333333333333357e+01	-3.420109585908836375e-02
1.495000000000000107e+01	4.812006310048263721e-03
1.496666666666666679e+01	5.020647710830539179e-02
1.498333333333333428e+01	1.812696660385434977e-02
1.500000000000000000e+01	-9.137437772545681930e-03
1.501666666666666572e+01	-5.126397303677342893e-02
1.503333333333333321e+01	6.288316265135408811e-02
1.505000000000000071e+01	5.434395611801630388e-02
1.506666666666666821e+01	1.204844307448750540e-02
1.508333333333333393e+01	5.299251704000625639e-03
1.510000000000000142e+01	2.041346460683233707e-02
1.511666666666666714e+01	-1.086127310038506079e-02
1.513333333333333286e+01	-1.964114864470581021e-02
1.515000000000000036e+01	-8.761377757867640920e-03
1.516666666666666607e+01	-1.343767731662396520e-02
1.518333333333333357e+01	3.531886071867367666e-02
1.519999999999999929e+01	-5.052641173928839463e-02
1.521666666666666856e+01	4.732484428704433407e-03
1.523333333333333428e+01	1.323956453128806617e-02
1.525000000000000000e+01	2.417024839832585675e-02
1.526666666666666750e+01	-3.575182604194238056e-02
1.528333333333333321e+01	1.749829024045202255e-02
1.529999999999999893e+01	2.488317840550284890e-02
1.531666666666666821e+01	1.622512731522133753e-02
1.533333333333333393e+01	-2.174846490873076979e-02
1.534999999999999964e+01	2.240297355174140220e-02
1.536666666666666714e+01	-6.326482872493283116e-02
1.538333333333333286e+01	1.120758505536105683e-02
1.540000000000000213e+01	-8.004796575265864245e-03
1.541666666666666785e+01	-1.911017227223445192e-02
1.543333333333333357e+01	-3.880503659076597889e-02
1.544999999999999929e+01	-1.726271146678176691e-03
1.546666666666666501e+01	1.446603193136232653e-02
1.548333333333333428e+01	-5.011595625463243463e-03
1.550000000000000000e+01	-5.616247034263292803e-02
1.551666666666666750e+01	3.646749653423400628e-02
1.553333333333333321e+01	-2.059166761758302044e-02
1.555000000000000249e+01	-1.653045164265098607e-02
1.556666666666666821e+01	4.315376570479595442e-02
1.558333333333333393e+01	-1.831080299633895334e-02
1.559999999999999964e+01	-3.887835116806211827e-02
1.561666666666666536e+01	3.355080681624489358e-02
1.563333333333333464e+01	-2.147056041675647967e-02
1.565000000000000036e+01	-1.147417770891394177e-02
1.566666666666666607e+01	7.877180003737698638e-03
1.568333333333333357e+01	-1.981987091320011954e-02
1.569999999999999929e+01	2.678048854659870193e-02
1.571666666666666856e+01	-7.374441106829547621e-02
1.573333333333333428e+01	-8.695416626397679816e-02
1.575000000000000000e+01	5.874797885428922894e-02
1.576666666666666572e+01	1.182352688965248970e-02
1.578333333333333499e+01	2.527734174236047349e-02
1.580000000000000071e+01	3.174728174608206638e-02
1.581666666666666643e+01	-9.280663024586055174e-03
1.583333333333333393e+01	4.120928935215605049e-02
1.584999999999999964e+01	-1.896939907166694805e-02
1.586666666666666892e+01	-3.955410982550754129e-02
1.588333333333333464e+01	-3.804171416297343240e-03
1.590000000000000036e+01	-1.734030893887149316e-02
1.591666666666666607e+01	-6.247646985612700758e-03
1.593333333333333179e+01	7.717037827441356260e-03
1.595000000000000107e+01	-5.458581841947807850e-02
1.596666666666666679e+01	2.694118609865852818e-02
1.598333333333333250e+01	1.773095301325553971e-02
1.600000000000000000e+01	4.167956669428499183e-02
1.601666666666666927e+01	5.008268050672901733e-02
1.603333333333333499e+01	3.467263741537352645e-02
1.605000000000000071e+01	-2.576131923760130189e-03
1.606666666666666643e+01	-1.857315556789338948e-02
1.608333333333333215e+01	4.149033584351253384e-02
1.610000000000000142e+01	2.701346131603027043e-02
1.611666666666666714e+01	-2.447973607301398916e-02
1.613333333333333286e+01	-1.721099316336089854e-02
1.614999999999999858e+01	-1.679274877369712343e-02
1.616666666666666430e+01	2.841870550290485214e-02
1.618333333333333357e+01	-1.380353262442515164e-03
1.619999999999999929e+01	9.046279343749849544e-02
1.621666666666666501e+01	2.542411608340801668e-02
1.623333333333333428e+01	-3.583362303871161919e-02
1.625000000000000355e+01	-2.363971032411150280e-02
1.626666666666666927e+01	1.669225002020903069e-03
1.628333333333333499e+01	5.128966530412783220e-02
1.630000000000000071e+01	-1.386929862759775801e-03
1.631666666666666643e+01	1.527907175807491705e-02
1.633333333333333570e+01	-2.869993925661138909e-02
1.635000000000000142e+01	-2.615561704304976420e-02
1.636666666666666714e+01	1.661292441664196859e-02
1.638333333333333286e+01	4.222430922262011138e-02
1.639999999999999858e+01	-1.783190712975872561e-02
1.641666666666666785e+01	7.419267125478055253e-03
1.643333333333333357e+01	2.666061946415348299e-02
1.644999999999999929e+01	-1.159039952902745849e-02
1.646666666666666501e+01	6.336192917708676452e-03
1.648333333333333428e+01	-2.797189181509522615e-02
1.650000000000000000e+01	-1.431099708282326148e-03
1.651666666666666572e+01	-4.679864350736256950e-02
1.653333333333333144e+01	1.680656881815313294e-02
1.655000000000000071e+01	-1.698622133916508417e-02
1.656666666666666998e+01	6.890290982763966343e-02
1.658333333333333570e+01	-5.220190421301521000e-03
1.660000000000000142e+01	4.715174037610152247e-02
1.661666666666666714e+01	-1.183748715388510328e-02
1.663333333333333286e+01	-1.475739614965130078e-02
1.665000000000000213e+01	-7.407571573239320195e-02
1.666666666666666785e+01	-5.218506411854761246e-02
1.668333333333333357e+01	7.839385758193812351e-03
1.669999999999999929e+01	2.868587733687676111e-02
1.671666666666666856e+01	-2.401803579977523570e-02
1.673333333333333428e+01	1.540139306303822155e-02
1.675000000000000000e+01	7.379063029134588780e-03
1.676666666666666572e+01	-1.973793372976672192e-02
1.678333333333333144e+01	1.303260317944217664e-02
1.680000000000000071e+01	-4.191375585965144250e-03
1.681666666666666643e+01	6.802962671188099095e-03
1.683333333333333215e+01	2.721170717456706384e-02
1.684999999999999787e+01	-4.901739332390406961e-02
1.686666666666666714e+01	-3.130681633313065794e-03
1.688333333333333641e+01	7.680679364073991766e-02
1.690000000000000213e+01	-1.754721918912586012e-02
1.691666666666666785e+01	8.969214088656656328e-03
1.693333333333333357e+01	2.310839059143785998e-02
1.695000000000000284e+01	-2.937002206901098006e-02
1.696666666666666856e+01	-3.183125720846677331e-02
1.698333333333333428e+01	-4.139643406169758039e-02
1.700000000000000000e+01	-4.085180905942747964e-02
1.701666666666666572e+01	2.255843699537413670e-03
1.703333333333333499e+01	-2.968052231535160679e-02
1.705000000000000071e+01	-6.654395944502808358e-02
1.706666666666666643e+01	-1.045987920810509050e-02
1.708333333333333215e+01	-3.838624376281407624e-02
1.709999999999999787e+01	-1.650210605772873748e-02
1.711666666666666714e+01	-6.206779045782590681e-02
1.713333333333333286e+01	-1.929620280347570105e-02
1.714999999999999858e+01	9.927377348861517181e-03
1.716666666666666430e+01	2.531580190802749236e-02
1.718333333333333357e+01	4.748836799148621612e-02
1.720000000000000284e+01	1.830983040135786277e-02
1.721666666666666856e+01	-1.671387408357707938e-02
1.723333333333333428e+01	4.362766018994026530e-03
1.725000000000000000e+01	4.366512835763882577e-02
1.726666666666666927e+01	6.167625749121501307e-03
1.728333333333333499e+01	-1.661701092956786863e-02
1.730000000000000071e+01	5.769373579356564669e-02
1.731666666666666643e+01	2.743502047077207157e-02
1.733333333333333215e+01	9.009956695652014680e-03
1.735000000000000142e+01	-2.858046655156814067e-02
1.736666666666666714e+01	3.597392839768447786e-02
1.738333333333333286e+01	3.372244567595250597e-02
1.739999999999999858e+01	2.736059186747064054e-02
1.741666666666666430e+01	-9.323032832274721557e-03
1.743333333333333357e+01	-2.034594061739478446e-02
1.744999999999999929e+01	6.152722421116198909e-02
1.746666666666666501e+01	7.163769001855087217e-04
1.748333333333333428e+01	3.011202560462145159e-03
1.750000000000000355e+01	-4.399259691075628476e-02
1.751666666666666927e+01	-1.535854212694145321e-02
1.753333333333333499e+01	-7.520931498106217528e-02
1.755000000000000071e+01	4.012954600781538234e-03
1.756666666666666643e+01	2.543798285536312195e-02
1.758333333333333570e+01	2.761251037912831018e-03
1.760000000000000142e+01	-7.107133179670518941e-02
1.761666666666666714e+01	-4.366169462742520990e-02
1.763333333333333286e+01	-1.550076970472726023e-02
1.764999999999999858e+01	-2.734934343118044023e-02
1.766666666666666785e+01	-3.642016886712580448e-02
1.768333333333333357e+01	-4.143074319455488166e-03
1.769999999999999929e+01	-1.038984984834574223e-02
1.771666666666666501e+01	-2.574675634428802082e-02
1.773333333333333428e+01	1.793274171828270966e-02
1.775000000000000000e+01	2.963275547479114758e-02
1.776666666666666572e+01	1.889513923207266841e-02
1.778333333333333144e+01	-4.454431213363510556e-02
1.780000000000000071e+01	1.487309530726729778e-02
1.781666666666666998e+01	6.535766636954311315e-02
1.783333333333333570e+01	8.303890812376424346e-03
1.785000000000000142e+01	2.244257940816500943e-02
1.786666666666666714e+01	4.239707168768212797e-02
1.788333333333333286e+01	2.692539641752566409e-02
1.790000000000000213e+01	2.477133165031837267e-02
1.791666666666666785e+01	-2.916000805968064005e-02
1.793333333333333357e+01	1.586485794971326940e-02
1.794999999999999929e+01	-4.672912786355364057e-02
1.796666666666666856e+01	3.723040540697779288e-02
1.798333333333333428e+01	1.633099081947707656e-02
1.800000000000000000e+01	-1.140975014496903306e-02
1.801666666666666572e+01	-2.046121264045405730e-02
1.803333333333333144e+01	-2.080921142981709618e-02
1.805000000000000071e+01	1.455721639945019123e-02
1.806666666666666643e+01	-9.286631644534817931e-03
1.808333333333333215e+01	5.523484468283876292e-02
1.809999999999999787e+01	-5.472534458578991873e-03
1.811666666666666714e+01	2.757399040039540047e-02
1.813333333333333641e+01	1.663601103609827978e-02
1.815000000000000213e+01	1.373286706766282950e-02
1.816666666666666785e+01	2.766551956758521794e-02
1.818333333333333357e+01	-6.386289200396912460e-03
1.820000000000000284e+01	6.211544292447150964e-03
1.821666666666666856e+01	-8.406399912139103994e-03
1.823333333333333428e+01	1.702387062787638627e-02
1.825000000000000000e+01	-3.625652519549082270e-02
1.826666666666666572e+01	-9.505406601954867127e-03
1.828333333333333499e+01	4.565573195570681898e-03
1.830000000000000071e+01	-7.139566475851386908e-03
1.831666666666666643e+01	6.961310383903672808e-04
1.833333333333333215e+01	-5.983037373544698723e-03
1.834999999999999787e+01	-6.108600989482910158e-03
1.836666666666666714e+01	3.119924789295848780e-02
1.838333333333333286e+01	-6.775324606773698577e-02
1.839999999999999858e+01	-3.902746944752584490e-02
1.841666666666666430e+01	-3.631205154682013575e-02
1.843333333333333357e+01	2.109354833403470977e-02
1.845000000000000284e+01	-1.824590999920198357e-03
1.846666666666666856e+01	5.957317108350060429e-04
1.848333333333333428e+01	-3.120116516480829841e-02
1.850000000000000000e+01	3.030514833384802265e-02
1.851666666666666927e+01	-1.592447558900319388e-02
1.853333333333333499e+01	2.087611980939577117e-02
1.855000000000000071e+01	-8.614411873552406396e-02
1.856666666666666643e+01	-2.446082784908664570e-02
1.858333333333333215e+01	2.502038832533473936e-02
1.860000000000000142e+01	3.598252822418934738e-02
1.861666666666666714e+01	-3.398828285046276432e-02
1.863333333333333286e+01	6.954747817128231757e-02
1.864999999999999858e+01	-6.789357971098836098e-02
1.866666666666666785e+01	4.724622455964477830e-02
1.868333333333333357e+01	-6.859625435658189482e-03
1.869999999999999929e+01	1.281832898591996604e-04
1.871666666666666501e+01	2.020359477313392327e-02
1.873333333333333073e+01	8.907458584457886644e-03
1.875000000000000000e+01	-6.826905240317201334e-03
1.876666666666666927e+01	-5.281999635313384955e-02
1.878333333333333499e+01	2.953409196400487435e-02
1.880000000000000071e+01	-1.997519682963954171e-02
1.881666666666666643e+01	6.905088226488514946e-02
1.883333333333333570e+01	-3.834543255680358115e-03
1.885000000000000142e+01	2.573324412873607796e-03
1.886666666666666714e+01	1.639643752107892635e-02
1.888333333333333286e+01	2.243946259986046021e-02
1.890000000000000213e+01	-4.968979241705766270e-02
1.891666666666666785e+01	2.790751634460185947e-03
1.893333333333333357e+01	-4.851289511842887814e-02
1.894999999999999929e+01	-3.944306219821717974e-02
1.896666666666666501e+01	9.620696134220629164e-03
1.898333333333333428e+01	-2.488315265319995806e-02
1.900000000000000000e+01	-1.323138328898958854e-02
1.901666666666666572e+01	8.147382325274746262e-03
1.903333333333333144e+01	7.249681047816519848e-03
1.904999999999999716e+01	2.453345929323606442e-02
1.906666666666666643e+01	4.682156743457029785e-02
1.908333333333333570e+01	-3.903743784015830005e-03
1.910000000000000142e+01	-2.922512335662666438e-02
1.911666666666666714e+01	3.517399111132830242e-02
1.913333333333333641e+01	1.505805929140102695e-02
1.915000000000000213e+01	1.240297525295514999e-02
1.916666666666666785e+01	1.536455624553651617e-02
1.918333333333333357e+01	5.937195310771386375e-02
1.919999999999999929e+01	-3.316858832826409531e-02
1.921666666666666856e+01	2.545502155452685281e-02
1.923333333333333428e+01	6.653719927401995082e-02
1.925000000000000000e+01	-4.650540405101959152e-02
1.926666666666666572e+01	1.864760730995216210e-03
1.928333333333333144e+01	-2.396779533122171679e-02
1.930000000000000071e+01	-1.621581584897019424e-02
1.931666666666666643e+01	2.118145395363679739e-02
1.933333333333333215e+01	-3.323082532525328727e-03
1.934999999999999787e+01	2.638486251414253348e-03
1.936666666666666714e+01	-1.018487754396191371e-04
1.938333333333333641e+01	4.719596143921039183e-02
1.940000000000000213e+01	-7.896210375040678062e-03
1.941666666666666785e+01	5.292023201179654746e-02
1.943333333333333357e+01	6.387891337201549377e-03
1.945000000000000284e+01	1.526704748222447450e-02
1.946666666666666856e+01	4.394253614452898332e-02
1.948333333333333428e+01	5.207074583642157944e-02
1.950000000000000000e+01	5.630159497662209217e-02
1.951666666666666572e+01	-3.696987420012595033e-02
1.953333333333333499e+01	4.167918862071277875e-02
1.955000000000000071e+01	-8.533012214864884107e-03
1.956666666666666643e+01	-1.441494470236536624e-02
1.958333333333333215e+01	-7.594972810546149478e-02
1.960000000000000142e+01	-3.901195944516794994e-02
1.961666666666666714e+01	4.057572178335342589e-02
1.963333333333333286e+01	3.611693874343325367e-02
1.964999999999999858e+01	1.376020254415228142e-02
1.966666666666666430e+01	1.477513992030061313e-02
1.968333333333333357e+01	-7.063259703867036388e-03
1.970000000000000284e+01	-2.798088064964537880e-02
1.971666666666666856e+01	5.414254806729073416e-02
1.973333333333333428e+01	-1.508200329171317930e-03
1.975000000000000000e+01	4.426035388158503642e-03
1.976666666666666927e+01	-3.411554951710758787e-02
1.978333333333333499e+01	6.021443129248282670e-03
1.980000000000000071e+01	-4.041472847869645446e-02
1.981666666666666643e+01	-9.424000090499031965e-03
1.983333333333333570e+01	1.067944956425098983e-03
1.985000000000000142e+01	-1.166561502800407372e-02
1.986666666666666714e+01	-2.357067183354972714e-02
1.988333333333333286e+01	-1.854567942789799723e-02
1.989999999999999858e+01	-3.906893545581600555e-03
1.991666666666666785e+01	-6.123619509841362468e-02
1.993333333333333357e+01	-7.716982461003480884e-03
1.994999999999999929e+01	-7.494182412211029473e-03
1.996666666666666501e+01	-3.449699025745041336e-02
1.998333333333333073e+01	4.655059112016768363e-02
2.000000000000000000e+01	-5.761216167116827748e-04
2.001666666666666927e+01	1.544656406658630882e-02
2.003333333333333499e+01	3.422439265119848594e-03
2.005000000000000071e+01	3.599884949668439617e-03
2.006666666666666643e+01	4.117696202829423079e-03
2.008333333333333570e+01	-9.404631321067275299e-03
2.010000000000000142e+01	-7.941928641785636622e-02
2.011666666666666714e+01	-2.252393180266296091e-02
2.013333333333333286e+01	8.059253112251693607e-02
2.015000000000000213e+01	-2.807135452334045059e-02
2.016666666666666785e+01	2.964423403793617698e-02
2.018333333333333357e+01	4.562127203170379523e-04
2.019999999999999929e+01	7.560765529349517886e-03
2.021666666666666501e+01	2.122568637083161944e-02
2.023333333333333428e+01	3.655278634168204061e-02
2.025000000000000000e+01	4.625123902296383524e-03
2.026666666666666572e+01	8.883377209522650558e-03
2.028333333333333144e+01	-1.355693798365519703e-02
2.029999999999999716e+01	2.093395648850667271e-02
2.031666666666666643e+01	2.748421311250389548e-02
2.033333333333333570e+01	-4.003770729482457325e-02
2.035000000000000142e+01	1.458054482009378018e-02
2.036666666666666714e+01	-1.011216243786271229e-02
2.038333333333333641e+01	2.306959526479425079e-02
2.040000000000000213e+01	-1.380199797742430630e-02
2.041666666666666785e+01	-5.166353137636900406e-02
2.043333333333333357e+01	-1.639112354831782220e-02
2.044999999999999929e+01	-1.235634816327288790e-02
2.046666666666666856e+01	-2.443354557584109105e-03
2.048333333333333428e+01	-1.799783572760228420e-02
2.050000000000000000e+01	-1.226658105771551328e-02
2.051666666666666572e+01	4.319742075359255667e-02
2.053333333333333144e+01	-4.517775709138747292e-02
2.055000000000000071e+01	-4.293736864855099422e-02
2.056666666666666643e+01	2.579655950698449968e-02
2.058333333333333215e+01	3.695691000348383382e-02
2.059999999999999787e+01	-6.580237764827137625e-02
2.061666666666666714e+01	-9.741492828982529356e-03
2.063333333333333286e+01	2.662246582308702009e-02
2.065000000000000213e+01	5.082468431104376905e-02
2.066666666666666785e+01	5.232131277772097272e-02
2.068333333333333357e+01	1.984534880855726852e-02
2.070000000000000284e+01	-2.322051899986109919e-02
2.071666666666666856e+01	-1.200323385229095687e-02
2.073333333333333428e+01	5.103382868538330203e-02
2.075000000000000000e+01	2.205829000410432835e-03
2.076666666666666572e+01	2.122978079326902703e-02
2.078333333333333499e+01	-1.359625402155619119e-02
2.080000000000000071e+01	1.655420946541210497e-02
2.081666666666666643e+01	-4.739279841168518581e-02
2.083333333333333215e+01	-1.395753502965795326e-03
2.085000000000000142e+01	-1.360399721590087839e-02
2.086666666666666714e+01	-1.291523328856236663e-02
2.088333333333333286e+01	-9.945239491844734894e-03
2.089999999999999858e+01	-5.814516828297431467e-02
2.091666666666666430e+01	1.439131455972561362e-02
2.093333333333333357e+01	1.049540141802933896e-01
2.094999999999999929e+01	5.104743349702129535e-02
2.096666666666666856e+01	5.657467300840082064e-02
2.098333333333333428e+01	-1.360801726220814238e-02
2.100000000000000000e+01	6.841744915379617022e-03
2.101666666666666927e+01	6.647554801019338322e-02
2.103333333333333499e+01	-8.640030363221980203e-03
2.105000000000000071e+01	-4.787369932558667093e-03
2.106666666666666643e+01	-3.944873755876644912e-03
2.108333333333333570e+01	6.313619593605599052e-03
2.110000000000000142e+01	3.182828651243618800e-02
2.111666666666666714e+01	6.776150662108898493e-02
2.113333333333333286e+01	2.596060674600766949e-02
2.114999999999999858e+01	-4.394743347302088043e-02
2.116666666666666785e+01	2.919614090861818306e-02
2.118333333333333357e+01	-5.166893940700998528e-02
2.119999999999999929e+01	-2.528598073069543081e-02
2.121666666666666501e+01	-2.974436628876206325e-03
2.123333333333333073e+01	1.904931377080795740e-02
2.125000000000000000e+01	-3.008711249012542208e-02
2.126666666666666572e+01	-1.641200869630359688e-02
2.128333333333333499e+01	-1.220901702283717742e-02
2.130000000000000071e+01	-1.741737718763147064e-02
2.131666666666666998e+01	-5.078224281887433467e-02
2.133333333333333570e+01	-3.815870031794232897e-02
2.135000000000000142e+01	-7.443820205508376239e-03
2.136666666666666714e+01	-4.532903817144123132e-02
2.138333333333333286e+01	-2.884050762247278299e-02
2.140000000000000213e+01	-2.037234210581698179e-02
2.141666666666666785e+01	3.604247577119762402e-02
2.143333333333333357e+01	-2.825076177183487650e-02
2.144999999999999929e+01	5.392014198760448213e-02
2.146666666666666501e+01	-5.067051537893935143e-02
2.148333333333333428e+01	4.793196480319978497e-02
2.150000000000000000e+01	5.213742476605746565e-03
2.151666666666666572e+01	-1.558572732118095354e-04
2.153333333333333144e+01	-2.657361531359234141e-02
2.155000000000000071e+01	1.155748590481224004e-02
2.156666666666666643e+01	-1.948789391406787266e-02
2.158333333333333570e+01	-3.418275149828182286e-02
2.160000000000000142e+01	-2.363433530449968872e-02
