Time_us	Received_Longitudinal
0.000000000000000000e+00	4.531867564986427621e-02
1.666666666666666644e-02	-2.852937226276713867e-02
3.333333333333333287e-02	7.953305815865199802e-02
4.999999999999999584e-02	2.195588493917700196e-02
6.666666666666666574e-02	-1.964444708600163875e-02
8.333333333333334259e-02	1.149832810117237120e-02
9.999999999999999167e-02	3.850314756519187392e-02
1.166666666666666685e-01	8.985474658696034067e-02
1.333333333333333315e-01	1.094702697200932301e-01
1.499999999999999944e-01	3.703108233249507997e-02
1.666666666666666852e-01	6.763853156383758947e-02
1.833333333333333204e-01	1.190602080358753867e-01
1.999999999999999833e-01	2.405983802762016316e-02
2.166666666666666741e-01	-5.349836821693264993e-02
2.333333333333333370e-01	-5.208623880020726155e-02
2.500000000000000000e-01	4.456659575592103462e-03
2.666666666666666630e-01	-1.321734729459994040e-01
2.833333333333333814e-01	-1.528541560246871045e-01
2.999999999999999889e-01	-1.675203022384061935e-01
3.166666666666666519e-01	-1.707356674450581924e-01
3.333333333333333703e-01	-2.311975081266048337e-01
3.499999999999999778e-01	-2.234607690732044183e-01
3.666666666666666408e-01	-1.909656922234755083e-01
3.833333333333333592e-01	-1.747458304708268684e-01
3.999999999999999667e-01	-1.234666118174176236e-01
4.166666666666666852e-01	-7.125313683662573561e-02
4.333333333333333481e-01	-1.500098207958608376e-02
4.500000000000000111e-01	8.411279700161827799e-02
4.666666666666666741e-01	1.971262456836309074e-02
4.833333333333332815e-01	1.796997194355765826e-01
5.000000000000000000e-01	1.778536322713596129e-01
5.166666666666666075e-01	2.955301176949759467e-01
5.333333333333333259e-01	2.143718553935038684e-01
5.500000000000000444e-01	2.813461570762708086e-01
5.666666666666667629e-01	1.264255892499515088e-01
5.833333333333333703e-01	1.950144211082951440e-01
5.999999999999999778e-01	2.148711678794909263e-01
6.166666666666666963e-01	2.058090082183874348e-01
6.333333333333333037e-01	8.005969013745173335e-02
6.500000000000000222e-01	9.507937307006072980e-02
6.666666666666667407e-01	1.095686280286111564e-02
6.833333333333333481e-01	-5.105516858896586713e-02
6.999999999999999556e-01	-1.004571835683857189e-01
7.166666666666666741e-01	-8.120830022862310371e-02
7.333333333333332815e-01	-1.072860483003662269e-01
7.500000000000000000e-01	-1.906178105892148145e-01
7.666666666666667185e-01	-1.429586663367116428e-01
7.833333333333334370e-01	-2.219008904143993655e-01
7.999999999999999334e-01	-1.817657376569914718e-01
8.166666666666666519e-01	-1.524083768171794195e-01
8.333333333333333703e-01	-1.089082672747321845e-01
8.499999999999999778e-01	-7.894405312191236923e-02
8.666666666666666963e-01	-1.505910207932598666e-01
8.833333333333334147e-01	-2.050982732784324344e-02
9.000000000000000222e-01	-8.329464869578176792e-03
9.166666666666666297e-01	5.682238669690824889e-02
9.333333333333333481e-01	3.823116660862012350e-02
9.499999999999999556e-01	7.587833831243345761e-02
9.666666666666665630e-01	1.295612043771453281e-01
9.833333333333333925e-01	1.266141651467184714e-01
1.000000000000000000e+00	1.333522587343309029e-01
1.016666666666666829e+00	1.156627636483804067e-01
1.033333333333333215e+00	1.149866117544212085e-01
1.050000000000000044e+00	1.407269119417117742e-01
1.066666666666666652e+00	7.067064545514487039e-02
1.083333333333333259e+00	8.863480564066650302e-02
1.100000000000000089e+00	1.201049197996135187e-01
1.116666666666666696e+00	-1.748648396358452525e-02
1.133333333333333526e+00	7.431402973759052705e-03
1.149999999999999911e+00	4.615367878536494328e-02
1.166666666666666741e+00	6.168201420801996959e-02
1.183333333333333348e+00	6.218425561161706333e-02
1.199999999999999956e+00	5.729283276690250171e-02
1.216666666666666785e+00	7.882247459016286650e-02
1.233333333333333393e+00	-2.837690917263472473e-02
1.250000000000000000e+00	-2.087224250567856765e-02
1.266666666666666607e+00	6.575160763200486869e-02
1.283333333333333215e+00	9.299549596295519915e-02
1.300000000000000044e+00	7.384690722899879545e-02
1.316666666666666652e+00	6.092541126595377859e-02
1.333333333333333481e+00	1.210125399101877192e-01
1.350000000000000089e+00	1.002934953161428583e-01
1.366666666666666696e+00	1.310147980351573094e-01
1.383333333333333304e+00	1.471167464960723703e-01
1.399999999999999911e+00	1.382098274346097722e-01
1.416666666666666741e+00	1.682360430344474744e-01
1.433333333333333348e+00	1.694055788503294468e-01
1.450000000000000178e+00	2.442862261258370304e-01
1.466666666666666563e+00	1.717631977222217332e-01
1.483333333333333393e+00	2.146771347967227073e-01
1.500000000000000000e+00	2.491865786040746156e-01
1.516666666666666607e+00	1.247054092863026376e-01
1.533333333333333437e+00	2.035275871391120928e-01
1.550000000000000044e+00	8.594371634156423856e-02
1.566666666666666874e+00	1.807689059840928425e-01
1.583333333333333259e+00	2.194650723839988438e-01
1.599999999999999867e+00	1.254289390918814084e-01
1.616666666666666696e+00	1.810150703819534412e-01
1.633333333333333304e+00	1.053085364723441303e-01
1.650000000000000133e+00	1.452604022588172561e-01
1.666666666666666741e+00	1.529402229545846759e-01
1.683333333333333348e+00	1.126052524710741964e-01
1.699999999999999956e+00	4.082629785115259730e-02
1.716666666666666563e+00	6.663186462923699482e-02
1.733333333333333393e+00	5.369238802330795340e-02
1.750000000000000000e+00	4.668432135840637487e-02
1.766666666666666829e+00	-6.451970248401847283e-03
1.783333333333333437e+00	-3.405356488834272721e-02
1.800000000000000044e+00	2.514261719989105068e-02
1.816666666666666652e+00	-2.940930371584040554e-02
1.833333333333333259e+00	2.419309440621017840e-02
1.850000000000000089e+00	1.585183131542381579e-02
1.866666666666666696e+00	-1.610221500177119458e-01
1.883333333333333526e+00	-4.662217087242484514e-02
1.899999999999999911e+00	-1.616986278989210324e-01
1.916666666666666741e+00	-8.661540455879829237e-02
1.933333333333333126e+00	-2.092326510272757012e-01
1.949999999999999956e+00	-1.975927615479172728e-01
1.966666666666666785e+00	-2.114173072159088451e-01
1.983333333333333615e+00	-2.697029556177771292e-01
2.000000000000000000e+00	-3.085780650429748029e-01
2.016666666666666607e+00	-2.810063751089632578e-01
2.033333333333333659e+00	-3.194216325606654694e-01
2.049999999999999822e+00	-3.878719065603936644e-01
2.066666666666666430e+00	-3.711451522910181877e-01
2.083333333333333481e+00	-4.026221499272015225e-01
2.100000000000000089e+00	-3.840238095944191188e-01
2.116666666666666696e+00	-4.253918938162632446e-01
2.133333333333333304e+00	-4.446162282417844835e-01
2.150000000000000355e+00	-3.994780785673834878e-01
2.166666666666666519e+00	-5.318251288200895877e-01
2.183333333333333126e+00	-5.015917056806096230e-01
2.200000000000000178e+00	-5.627769903507787719e-01
2.216666666666666785e+00	-6.174916261101275339e-01
2.233333333333333393e+00	-5.254158683294944954e-01
2.250000000000000000e+00	-6.180042374073737577e-01
2.266666666666667052e+00	-5.832477093095026488e-01
2.283333333333333215e+00	-6.228899090899153723e-01
2.299999999999999822e+00	-5.662093727416545041e-01
2.316666666666666874e+00	-7.392307349585349741e-01
2.333333333333333481e+00	-6.365469975806223868e-01
2.350000000000000089e+00	-5.751131537480355105e-01
2.366666666666666696e+00	-5.830090414180618685e-01
2.383333333333333304e+00	-5.894693161787440960e-01
2.399999999999999911e+00	-6.140173725024560270e-01
2.416666666666666519e+00	-6.016129407730219647e-01
2.433333333333333570e+00	-6.129266343572812303e-01
2.450000000000000178e+00	-6.370596483476214100e-01
2.466666666666666785e+00	-5.792757204825254025e-01
2.483333333333333393e+00	-5.718287540457981377e-01
2.500000000000000000e+00	-6.249503324763969747e-01
2.516666666666666607e+00	-5.584625116593655569e-01
2.533333333333333215e+00	-5.077419545319621363e-01
2.550000000000000266e+00	-4.142003077335342232e-01
2.566666666666666430e+00	-4.355953398894717998e-01
2.583333333333333481e+00	-4.068945031446191130e-01
2.600000000000000089e+00	-3.484735420959152452e-01
2.616666666666666696e+00	-3.973025074533161893e-01
2.633333333333333304e+00	-2.936796160644394305e-01
2.649999999999999911e+00	-2.896412943175765697e-01
2.666666666666666963e+00	-3.249454627434114617e-01
2.683333333333333126e+00	-2.361970997081154211e-01
2.700000000000000178e+00	-3.000530570106165196e-01
2.716666666666666785e+00	-2.432205474200736794e-01
2.733333333333333393e+00	-1.420807919073123760e-01
2.750000000000000000e+00	-7.448042683793129615e-02
2.766666666666666607e+00	-1.091936729555270380e-01
2.783333333333333659e+00	-4.239877465250422792e-03
2.799999999999999822e+00	3.599252968229058394e-03
2.816666666666666874e+00	5.503028224327548290e-02
2.833333333333333481e+00	9.880897695050826213e-02
2.850000000000000089e+00	9.900096088279473905e-02
2.866666666666666696e+00	1.561449812425608763e-01
2.883333333333333304e+00	1.744368310031320646e-01
2.900000000000000355e+00	1.904435143513808493e-01
2.916666666666666519e+00	3.056477073829931279e-01
2.933333333333333126e+00	3.542362226032344519e-01
2.950000000000000178e+00	2.590132956795819785e-01
2.966666666666666785e+00	3.313697426204348373e-01
2.983333333333333393e+00	3.947026976823984068e-01
3.000000000000000000e+00	4.021836981907573327e-01
3.016666666666667052e+00	4.276300700923650888e-01
3.033333333333333215e+00	4.891324021794673516e-01
3.049999999999999822e+00	5.267775832675577474e-01
3.066666666666666874e+00	5.460328939992816766e-01
3.083333333333333481e+00	5.951916410388095047e-01
3.100000000000000089e+00	5.516624866984906062e-01
3.116666666666666696e+00	5.433401124970410612e-01
3.133333333333333748e+00	6.159074817344765140e-01
3.149999999999999911e+00	5.808233206228360368e-01
3.166666666666666519e+00	6.114444182970930619e-01
3.183333333333333570e+00	7.183488583409034511e-01
3.199999999999999734e+00	6.204398259076887578e-01
3.216666666666666785e+00	7.647244756664993703e-01
3.233333333333333393e+00	6.222014040559578074e-01
3.250000000000000444e+00	6.500999365842028421e-01
3.266666666666666607e+00	6.931411459791407825e-01
3.283333333333333215e+00	6.481854895577301434e-01
3.300000000000000266e+00	6.357080521114122362e-01
3.316666666666666430e+00	6.895263917368469331e-01
3.333333333333333481e+00	6.728710548241828571e-01
3.350000000000000089e+00	6.840315729260744160e-01
3.366666666666666696e+00	7.162485029423778515e-01
3.383333333333333304e+00	5.821690565834150011e-01
3.399999999999999911e+00	6.824016050964338831e-01
3.416666666666666963e+00	6.055119694532001828e-01
3.433333333333333126e+00	5.939505624066273581e-01
3.450000000000000178e+00	5.894269631455116842e-01
3.466666666666666785e+00	5.651870181958392747e-01
3.483333333333333393e+00	6.407272985740145588e-01
3.500000000000000000e+00	5.418604029824266588e-01
3.516666666666666607e+00	5.444518099667665645e-01
3.533333333333333659e+00	5.336240296221665957e-01
3.549999999999999822e+00	4.865134803764386562e-01
3.566666666666666874e+00	4.493104538891629640e-01
3.583333333333333481e+00	4.084370380650432786e-01
3.600000000000000089e+00	4.335439962889792165e-01
3.616666666666666696e+00	3.990754617149491756e-01
3.633333333333333304e+00	3.518361406391328217e-01
3.650000000000000355e+00	2.975372359762693542e-01
3.666666666666666519e+00	2.431611990504644605e-01
3.683333333333333570e+00	2.827961724951666977e-01
3.700000000000000178e+00	3.027620168529876477e-01
3.716666666666666785e+00	2.053689319686180514e-01
3.733333333333333393e+00	4.458023295150581600e-02
3.750000000000000000e+00	1.227531747083588087e-01
3.766666666666667052e+00	-1.006125274143329640e-02
3.783333333333333215e+00	2.857656941141859669e-02
3.799999999999999822e+00	3.125566099539694824e-03
3.816666666666666874e+00	-7.613645231573329397e-02
3.833333333333333481e+00	-9.778353022713390241e-02
3.850000000000000533e+00	-8.870704307692835189e-02
3.866666666666666252e+00	-1.745678779988733831e-01
3.883333333333333304e+00	-1.373015341860848448e-01
3.899999999999999911e+00	-2.017945924294069215e-01
3.916666666666666519e+00	-3.297688528940465047e-01
3.933333333333333570e+00	-2.249844305885024542e-01
3.950000000000000178e+00	-2.651763917238591506e-01
3.966666666666667229e+00	-3.207145409636535383e-01
3.983333333333332948e+00	-4.639522219689506399e-01
4.000000000000000000e+00	-4.065641473019265817e-01
4.016666666666666607e+00	-3.968148526581187774e-01
4.033333333333333215e+00	-4.841353825480432249e-01
4.049999999999999822e+00	-5.239378836710413267e-01
4.066666666666667318e+00	-5.859570579312413097e-01
4.083333333333333925e+00	-4.956456249927798097e-01
4.099999999999999645e+00	-5.708301072752790528e-01
4.116666666666666252e+00	-5.260571142434375957e-01
4.133333333333332860e+00	-5.349020437212180790e-01
4.150000000000000355e+00	-6.005716919872491344e-01
4.166666666666666963e+00	-6.801983037143071176e-01
4.183333333333333570e+00	-6.537401096222930086e-01
4.200000000000000178e+00	-6.366965570721653256e-01
4.216666666666666785e+00	-6.726994892289422934e-01
4.233333333333333393e+00	-6.583775632498145569e-01
4.250000000000000000e+00	-6.627417955791840010e-01
4.266666666666666607e+00	-7.063681259689233993e-01
4.283333333333333215e+00	-7.071475360337488025e-01
4.300000000000000711e+00	-7.210205643351872418e-01
4.316666666666667318e+00	-6.729423971262771254e-01
4.333333333333333037e+00	-6.387154303410451650e-01
4.349999999999999645e+00	-7.537566569191576082e-01
4.366666666666666252e+00	-7.164687877051113540e-01
4.383333333333333748e+00	-6.907854739720492576e-01
4.400000000000000355e+00	-6.283557085636690687e-01
4.416666666666666963e+00	-6.138266564733849684e-01
4.433333333333333570e+00	-6.223280051436177462e-01
4.450000000000000178e+00	-6.484711403694706222e-01
4.466666666666666785e+00	-6.192881436228092618e-01
4.483333333333333393e+00	-6.522147565598214181e-01
4.500000000000000000e+00	-5.460918332597686220e-01
4.516666666666666607e+00	-5.685958056896441848e-01
4.533333333333334103e+00	-4.928781075587389537e-01
4.550000000000000711e+00	-5.021349906724900114e-01
4.566666666666666430e+00	-4.435557971397913191e-01
4.583333333333333037e+00	-4.970470141601175951e-01
4.599999999999999645e+00	-4.682310393052517838e-01
4.616666666666667140e+00	-4.422095563498946169e-01
4.633333333333333748e+00	-3.499326734040983933e-01
4.650000000000000355e+00	-3.306293196195738693e-01
4.666666666666666963e+00	-2.440897084556624685e-01
4.683333333333332682e+00	-2.765607482025033703e-01
4.700000000000000178e+00	-3.250715757933867467e-01
4.716666666666666785e+00	-2.272290620882732592e-01
4.733333333333333393e+00	-1.815460084364412252e-01
4.750000000000000000e+00	-7.621246623069369286e-02
4.766666666666666607e+00	-1.074713109475501915e-01
4.783333333333334103e+00	-2.077115637591574193e-02
4.799999999999999822e+00	-7.839462776013992815e-03
4.816666666666666430e+00	8.163734545280455779e-02
4.833333333333333037e+00	1.452040606292771263e-01
4.850000000000000533e+00	1.230275834057720230e-01
4.866666666666667140e+00	1.379893082771663226e-01
4.883333333333333748e+00	1.658497133075231833e-01
4.900000000000000355e+00	1.597648763979774011e-01
4.916666666666666075e+00	2.058999200385895900e-01
4.933333333333333570e+00	2.943657568686764980e-01
4.950000000000000178e+00	2.715122331662497279e-01
4.966666666666666785e+00	3.377017284072050818e-01
4.983333333333333393e+00	3.297120346365293719e-01
5.000000000000000000e+00	3.299418803912023690e-01
5.016666666666666607e+00	4.830659961309237693e-01
5.033333333333333215e+00	4.680032452115679420e-01
5.049999999999999822e+00	5.473690610242843979e-01
5.066666666666666430e+00	5.339542887169493879e-01
5.083333333333333925e+00	4.929469573046236230e-01
5.100000000000000533e+00	4.655233880543407921e-01
5.116666666666667140e+00	5.810365406636313068e-01
5.133333333333332860e+00	4.758370070990219358e-01
5.149999999999999467e+00	5.843990344595968445e-01
5.166666666666666963e+00	6.623184824351294742e-01
5.183333333333333570e+00	6.522238813546593628e-01
5.200000000000000178e+00	6.472396246019915811e-01
5.216666666666666785e+00	7.607559792626439332e-01
5.233333333333333393e+00	6.676188404566603118e-01
5.250000000000000000e+00	6.777217546752924981e-01
5.266666666666666607e+00	6.754959453724024288e-01
5.283333333333333215e+00	6.656012841025604754e-01
5.299999999999999822e+00	7.129410996556851954e-01
5.316666666666666430e+00	7.697232382956937791e-01
5.333333333333333925e+00	7.424791008234274958e-01
5.350000000000000533e+00	7.084093809798339691e-01
5.366666666666666252e+00	6.784591360622610479e-01
5.383333333333332860e+00	6.476089350868007299e-01
5.400000000000000355e+00	6.275948522929634121e-01
5.416666666666666963e+00	6.368268666563161595e-01
5.433333333333333570e+00	5.960257932957149229e-01
5.450000000000000178e+00	6.750101684487671561e-01
5.466666666666666785e+00	5.860123785667428198e-01
5.483333333333333393e+00	6.655606687168783564e-01
5.500000000000000000e+00	5.854586991172130439e-01
5.516666666666666607e+00	5.079601037652075046e-01
5.533333333333333215e+00	5.578099061233535716e-01
5.549999999999999822e+00	4.774677071145289609e-01
5.566666666666667318e+00	5.442455843959989048e-01
5.583333333333333925e+00	3.606663741454019245e-01
5.599999999999999645e+00	4.843660283936482291e-01
5.616666666666666252e+00	3.140435649647650984e-01
5.633333333333333748e+00	3.898500941152480692e-01
5.650000000000000355e+00	3.040748465615300544e-01
5.666666666666666963e+00	3.546786660558433057e-01
5.683333333333333570e+00	1.875058743309870324e-01
5.700000000000000178e+00	2.075408093154023081e-01
5.716666666666666785e+00	1.509756811828799616e-01
5.733333333333333393e+00	1.758019230740463790e-01
5.750000000000000000e+00	6.049418126483548097e-02
5.766666666666666607e+00	3.317121127903729927e-02
5.783333333333333215e+00	4.632761211566824300e-02
5.800000000000000711e+00	-1.833490375005725551e-02
5.816666666666667318e+00	-5.647308118294644408e-02
5.833333333333333037e+00	-4.728838072376328333e-02
5.849999999999999645e+00	-1.374265120025481846e-01
5.866666666666666252e+00	-1.204776556727186060e-01
5.883333333333333748e+00	-1.352866039877708426e-01
5.900000000000000355e+00	-2.220277998173890155e-01
5.916666666666666963e+00	-1.775570564910771143e-01
5.933333333333333570e+00	-3.621799494598689217e-01
5.950000000000000178e+00	-2.843696887301061516e-01
5.966666666666666785e+00	-2.810784947737812178e-01
5.983333333333333393e+00	-3.808700100284780898e-01
6.000000000000000000e+00	-4.052299765549609023e-01
6.016666666666666607e+00	-4.788351014494832691e-01
6.033333333333334103e+00	-4.683015059816719172e-01
6.050000000000000711e+00	-4.796431847215269495e-01
6.066666666666666430e+00	-5.646958268646199430e-01
6.083333333333333037e+00	-4.695394731222915508e-01
6.099999999999999645e+00	-5.803467142182732186e-01
6.116666666666667140e+00	-6.249869871136543020e-01
6.133333333333333748e+00	-5.969320625903696831e-01
6.150000000000000355e+00	-6.250387415584780504e-01
6.166666666666666963e+00	-6.865296754469715212e-01
6.183333333333333570e+00	-6.196113226480753911e-01
6.200000000000000178e+00	-7.553434779977915570e-01
6.216666666666666785e+00	-6.171944897432624089e-01
6.233333333333333393e+00	-7.190580346892799790e-01
6.250000000000000000e+00	-7.114261881486015904e-01
6.266666666666667496e+00	-7.285167910157819282e-01
6.283333333333334103e+00	-6.681198196518954857e-01
6.299999999999999822e+00	-8.082702986698523384e-01
6.316666666666666430e+00	-6.992094424348416215e-01
6.333333333333333037e+00	-7.086445485767020047e-01
6.350000000000000533e+00	-7.475682237588385792e-01
6.366666666666667140e+00	-5.855211190291965684e-01
6.383333333333333748e+00	-6.977663897831400952e-01
6.399999999999999467e+00	-6.788578099967107482e-01
6.416666666666666075e+00	-6.387289262736381978e-01
6.433333333333333570e+00	-6.656684715266529828e-01
6.450000000000000178e+00	-6.400952913005139022e-01
6.466666666666666785e+00	-6.640801345394165001e-01
6.483333333333333393e+00	-5.827918647416422404e-01
6.500000000000000888e+00	-5.561308875698613985e-01
6.516666666666666607e+00	-6.000987021637100849e-01
6.533333333333333215e+00	-4.578367693898185431e-01
6.549999999999999822e+00	-5.041819312721792512e-01
6.566666666666666430e+00	-4.995197440097162711e-01
6.583333333333333925e+00	-4.245960962038324293e-01
6.600000000000000533e+00	-4.093294767254887501e-01
6.616666666666667140e+00	-3.753863168174210174e-01
6.633333333333332860e+00	-2.580923085203720713e-01
6.649999999999999467e+00	-3.498627682809649642e-01
6.666666666666666963e+00	-2.812686934593811028e-01
6.683333333333333570e+00	-2.237792626478448121e-01
6.700000000000000178e+00	-2.138609874720843185e-01
6.716666666666666785e+00	-1.810048144689969662e-01
6.733333333333333393e+00	-2.420670745470841489e-01
6.750000000000000000e+00	-2.767537830531459353e-02
6.766666666666666607e+00	-1.166987908493966053e-01
6.783333333333333215e+00	-5.468489843368150999e-02
6.799999999999999822e+00	4.123125155582482021e-02
6.816666666666667318e+00	8.315520394712132279e-02
6.833333333333333925e+00	4.528233713610797795e-02
6.850000000000000533e+00	1.372607773918210206e-01
6.866666666666666252e+00	1.202304940640940151e-01
6.883333333333332860e+00	1.915585744299933002e-01
6.900000000000000355e+00	2.078819282957659886e-01
6.916666666666666963e+00	3.148611938515663011e-01
6.933333333333333570e+00	2.929023153281821723e-01
6.950000000000000178e+00	2.528421032441217076e-01
6.966666666666666785e+00	3.217176640146018340e-01
6.983333333333333393e+00	3.127424560845278867e-01
7.000000000000000000e+00	4.342597484049773304e-01
7.016666666666666607e+00	3.842242632614924491e-01
7.033333333333333215e+00	4.080027683268763750e-01
7.049999999999999822e+00	5.068509751093662752e-01
7.066666666666667318e+00	5.361618277406142719e-01
7.083333333333333925e+00	5.505540726775148830e-01
7.099999999999999645e+00	5.327001171091293452e-01
7.116666666666666252e+00	5.173614675584782274e-01
7.133333333333333748e+00	6.128305890474154971e-01
7.150000000000000355e+00	6.365539476620585280e-01
7.166666666666666963e+00	6.161878836446993413e-01
7.183333333333333570e+00	6.074075034519743621e-01
7.200000000000000178e+00	6.492764161183639526e-01
7.216666666666666785e+00	7.258217344836704887e-01
7.233333333333333393e+00	6.139456756418146810e-01
7.250000000000000000e+00	7.013031203596700180e-01
7.266666666666666607e+00	7.704784570258678134e-01
7.283333333333333215e+00	7.205326922635701958e-01
7.300000000000000711e+00	7.058862572728856755e-01
7.316666666666667318e+00	7.817826659604498740e-01
7.333333333333333037e+00	6.429576367735869713e-01
7.349999999999999645e+00	6.953715847325103727e-01
7.366666666666667140e+00	6.362624535509879831e-01
7.383333333333333748e+00	6.667289064719355007e-01
7.400000000000000355e+00	6.674149905799924287e-01
7.416666666666666963e+00	6.032195787171860113e-01
7.433333333333333570e+00	5.901247248758336728e-01
7.450000000000000178e+00	6.227220096965134788e-01
7.466666666666666785e+00	6.682070036616074571e-01
7.483333333333333393e+00	5.303499644696748616e-01
7.500000000000000000e+00	5.920622979047809320e-01
7.516666666666666607e+00	4.923522507072455312e-01
7.533333333333334103e+00	5.812765232017815809e-01
7.550000000000000711e+00	4.885748522167985275e-01
7.566666666666666430e+00	4.865113183638277716e-01
7.583333333333333037e+00	4.691568395041268436e-01
7.599999999999999645e+00	4.020908998783368493e-01
7.616666666666667140e+00	3.579359418140198312e-01
7.633333333333333748e+00	3.926115843761114887e-01
7.649999999999999467e+00	2.949830973327398076e-01
7.666666666666666963e+00	2.138029059147345534e-01
7.683333333333333570e+00	2.517231379203501707e-01
7.700000000000001066e+00	1.959255115030858474e-01
7.716666666666666785e+00	2.329331620018469107e-01
7.733333333333332504e+00	8.897800808126526961e-02
7.750000000000000000e+00	1.298815591772934375e-01
7.766666666666666607e+00	8.312493165307481557e-02
7.783333333333334103e+00	6.652624799515864662e-02
7.799999999999999822e+00	-1.833959664359453498e-02
7.816666666666667318e+00	1.566871627194141303e-02
7.833333333333333037e+00	-8.504701585906999928e-02
7.849999999999999645e+00	-2.018112679706040025e-01
7.866666666666667140e+00	-2.207689466272146350e-01
7.883333333333332860e+00	-2.691325463205113122e-01
7.900000000000000355e+00	-2.523559474575519657e-01
7.916666666666666963e+00	-2.408172189729928803e-01
7.933333333333334458e+00	-2.789716932993992482e-01
7.950000000000000178e+00	-3.667514053399966167e-01
7.966666666666665897e+00	-3.029859109233158376e-01
7.983333333333333393e+00	-3.970236707188044556e-01
8.000000000000000000e+00	-3.440278502083997658e-01
8.016666666666667496e+00	-4.335875171443976384e-01
8.033333333333333215e+00	-5.043776209050081505e-01
8.050000000000000711e+00	-4.701187455776129065e-01
8.066666666666666430e+00	-6.160268978642531312e-01
8.083333333333332149e+00	-5.278401382476884951e-01
8.099999999999999645e+00	-6.324359772295561344e-01
8.116666666666667140e+00	-5.946652396999584367e-01
8.133333333333334636e+00	-4.691495574567778881e-01
8.150000000000000355e+00	-5.383562447485581437e-01
8.166666666666667851e+00	-6.684419969299878472e-01
8.183333333333333570e+00	-6.876640723349485285e-01
8.199999999999999289e+00	-6.025683251435739463e-01
8.216666666666666785e+00	-6.718683925053092754e-01
8.233333333333332504e+00	-6.652634613607344427e-01
8.250000000000000000e+00	-7.423234562412753812e-01
8.266666666666665719e+00	-6.581896884266501546e-01
8.283333333333334991e+00	-6.833023003063323220e-01
8.300000000000000711e+00	-6.824793933124164713e-01
8.316666666666666430e+00	-6.728997740326123633e-01
8.333333333333333925e+00	-7.216847929754650615e-01
8.349999999999999645e+00	-7.447535142996973834e-01
8.366666666666667140e+00	-7.102798111768885425e-01
8.383333333333332860e+00	-6.473880375245960606e-01
8.400000000000000355e+00	-7.277773763392403339e-01
8.416666666666666075e+00	-7.207694357904560478e-01
8.433333333333333570e+00	-6.068771194735955721e-01
8.450000000000001066e+00	-6.697256473528619969e-01
8.466666666666666785e+00	-5.903657225426366395e-01
8.483333333333334281e+00	-5.615823820372478625e-01
8.500000000000000000e+00	-5.881697494059253684e-01
8.516666666666667496e+00	-6.006357627296136092e-01
8.533333333333333215e+00	-4.458719411206801819e-01
8.549999999999998934e+00	-4.249852755929997561e-01
8.566666666666666430e+00	-4.747218514382720578e-01
8.583333333333332149e+00	-5.519321798038148152e-01
8.600000000000001421e+00	-3.758656099833968534e-01
8.616666666666667140e+00	-3.053169005530775859e-01
8.633333333333334636e+00	-3.574767460887425252e-01
8.650000000000000355e+00	-3.687848493938405414e-01
8.666666666666666075e+00	-3.318076974542431556e-01
8.683333333333333570e+00	-3.029143508607525792e-01
8.699999999999999289e+00	-2.303904198060838238e-01
8.716666666666666785e+00	-1.560979170583742803e-01
8.733333333333332504e+00	-1.219561066712371439e-01
8.750000000000001776e+00	-7.683986852916124821e-02
8.766666666666667496e+00	-1.181647175912422243e-01
8.783333333333333215e+00	-1.744876854398341726e-02
8.800000000000000711e+00	-2.968593231112303527e-02
8.816666666666666430e+00	7.226872394725680770e-02
8.833333333333333925e+00	4.877878745019198492e-02
8.849999999999999645e+00	5.053414769752016117e-02
8.866666666666667140e+00	9.648405971271449555e-02
8.883333333333332860e+00	1.542196015242369156e-01
8.900000000000000355e+00	1.985888256596066992e-01
8.916666666666667851e+00	2.690083191769514492e-01
8.933333333333333570e+00	2.401306775495407331e-01
8.950000000000001066e+00	2.951859912129486396e-01
8.966666666666666785e+00	3.243884443795206907e-01
8.983333333333334281e+00	4.029361478296175081e-01
9.000000000000000000e+00	4.148794544288691988e-01
9.016666666666665719e+00	4.362398793093252847e-01
9.033333333333333215e+00	3.935148204596271015e-01
9.049999999999998934e+00	4.958221539909860032e-01
9.066666666666668206e+00	4.221181522722858293e-01
9.083333333333333925e+00	5.653308589624631564e-01
9.100000000000001421e+00	5.269524237073511808e-01
9.116666666666667140e+00	5.573315519572160648e-01
9.133333333333332860e+00	5.870700981254838302e-01
9.150000000000000355e+00	5.559199394993109555e-01
9.166666666666666075e+00	6.162006434944271582e-01
9.183333333333333570e+00	6.620306787666562220e-01
9.199999999999999289e+00	6.260309831010991699e-01
9.216666666666666785e+00	5.441442493293358051e-01
9.233333333333334281e+00	6.540982785790420140e-01
9.250000000000000000e+00	5.716372608570715608e-01
9.266666666666667496e+00	6.246788149338124985e-01
9.283333333333333215e+00	5.935588269211696799e-01
9.300000000000000711e+00	5.876757922313454729e-01
9.316666666666666430e+00	5.705408421266375818e-01
9.333333333333333925e+00	5.753364851920347300e-01
9.349999999999999645e+00	4.823650298855027274e-01
9.366666666666665364e+00	5.297177485422495113e-01
9.383333333333334636e+00	5.596550793160068871e-01
9.400000000000000355e+00	4.764835132154565667e-01
9.416666666666667851e+00	5.273115666091399145e-01
9.433333333333333570e+00	4.023169764428782269e-01
9.450000000000001066e+00	4.370592346817789298e-01
9.466666666666666785e+00	4.311006307247978175e-01
9.483333333333332504e+00	4.876525152276239838e-01
9.500000000000000000e+00	3.645368765418842694e-01
9.516666666666665719e+00	3.470716174827698786e-01
9.533333333333333215e+00	4.094144870085318355e-01
9.550000000000000711e+00	3.524681946494156448e-01
9.566666666666668206e+00	3.594471422719063836e-01
9.583333333333333925e+00	2.446943103862116442e-01
9.599999999999999645e+00	2.781459173644805216e-01
9.616666666666667140e+00	2.021649884136088315e-01
9.633333333333332860e+00	1.722190447262034740e-01
9.650000000000000355e+00	2.279295069914094307e-01
9.666666666666666075e+00	2.012322332457825713e-01
9.683333333333333570e+00	2.031623409854493856e-01
9.700000000000001066e+00	9.508696901982945093e-02
9.716666666666666785e+00	1.577139046808078149e-01
9.733333333333334281e+00	9.436876279731459816e-02
9.750000000000000000e+00	2.180492054246298966e-02
9.766666666666667496e+00	-3.233266512344618732e-02
9.783333333333333215e+00	3.400278282207359892e-02
9.800000000000000711e+00	-6.526667866889762117e-03
9.816666666666666430e+00	-6.074250559576634123e-02
9.833333333333332149e+00	-4.153051135226147605e-02
9.850000000000001421e+00	-5.054849003582521233e-02
9.866666666666667140e+00	-3.084826772214270540e-02
9.883333333333334636e+00	-8.860669525916790856e-02
9.900000000000000355e+00	-1.068935134002906573e-01
9.916666666666667851e+00	-7.486172586576608778e-02
9.933333333333333570e+00	-1.080152234837891967e-01
9.949999999999999289e+00	-1.399261806534389252e-01
9.966666666666666785e+00	-1.881949785033565359e-01
9.983333333333332504e+00	-8.355519543258613235e-02
1.000000000000000000e+01	-1.642261891119997930e-01
1.001666666666666750e+01	-8.093412865373202092e-02
1.003333333333333321e+01	-2.471730387603190693e-01
1.005000000000000071e+01	-1.267655010505726321e-01
1.006666666666666643e+01	-9.961149302436374253e-02
1.008333333333333393e+01	-1.073568797821335546e-01
1.009999999999999964e+01	-1.151372201434369413e-01
1.011666666666666714e+01	-1.084360646031767017e-01
1.013333333333333286e+01	-1.483788754964510404e-01
1.014999999999999858e+01	-1.964103749716601399e-01
1.016666666666666785e+01	-2.236126669070941653e-01
1.018333333333333357e+01	-1.960435369561255581e-01
1.020000000000000107e+01	-1.596089995554919039e-01
1.021666666666666679e+01	-9.798520192454805711e-02
1.023333333333333428e+01	-8.516479485756844880e-02
1.025000000000000000e+01	-1.294435246543663709e-01
1.026666666666666572e+01	-1.659421506840259020e-01
1.028333333333333321e+01	-9.068891608032764173e-02
1.029999999999999893e+01	-4.241206193402826535e-02
1.031666666666666643e+01	-9.272520752427879098e-02
1.033333333333333393e+01	-6.748956295247643400e-02
1.035000000000000142e+01	-8.420953227170803468e-02
1.036666666666666714e+01	-1.003208815473463356e-01
1.038333333333333286e+01	-8.172842950691680541e-02
1.040000000000000036e+01	-9.613044389104213883e-02
1.041666666666666607e+01	-1.502211196244544744e-02
1.043333333333333357e+01	-6.646014029377696197e-02
1.044999999999999929e+01	-9.312836978586147563e-02
1.046666666666666679e+01	-2.201037216241626820e-02
1.048333333333333428e+01	-3.547609156373927874e-02
1.050000000000000000e+01	-8.529437515209759013e-02
1.051666666666666750e+01	-7.394872970545225688e-02
1.053333333333333321e+01	1.447575529068325165e-02
1.055000000000000071e+01	-1.585432598774588406e-03
1.056666666666666643e+01	-1.992673884401188755e-02
1.058333333333333393e+01	3.347609120534342231e-02
1.059999999999999964e+01	6.169546492786906478e-02
1.061666666666666536e+01	-3.567491143792424213e-02
1.063333333333333286e+01	-1.887862754250286493e-03
1.065000000000000036e+01	-1.611690308159681798e-02
1.066666666666666785e+01	-6.900216978275756918e-02
1.068333333333333357e+01	3.009280229071091550e-02
1.070000000000000107e+01	8.438596949453811003e-02
1.071666666666666679e+01	5.817853360249569325e-03
1.073333333333333250e+01	6.776094502971022338e-03
1.075000000000000000e+01	-2.050626201506573071e-02
1.076666666666666572e+01	-8.854109339948217083e-02
1.078333333333333321e+01	-3.028864496473218995e-02
1.080000000000000071e+01	5.279837014410020124e-02
1.081666666666666821e+01	6.772771248185686759e-03
1.083333333333333393e+01	1.523678818946657201e-02
1.084999999999999964e+01	8.299226682898740159e-02
1.086666666666666714e+01	-1.742641402302104806e-02
1.088333333333333286e+01	5.226511076043368481e-02
1.090000000000000036e+01	1.038706107694829101e-02
1.091666666666666607e+01	3.961662728116698007e-02
1.093333333333333357e+01	5.229649244937032565e-02
1.095000000000000107e+01	2.129130754261951419e-02
1.096666666666666679e+01	-4.353545365095322361e-03
1.098333333333333428e+01	1.070348362868510893e-02
1.100000000000000000e+01	3.397473788327079469e-02
1.101666666666666750e+01	-1.957751850799979709e-02
1.103333333333333321e+01	-1.368597452133244081e-02
1.105000000000000071e+01	-2.799622499207257351e-02
1.106666666666666643e+01	-2.467327039332590632e-03
1.108333333333333215e+01	5.101127013338241541e-03
1.109999999999999964e+01	1.989652528742849938e-02
1.111666666666666714e+01	-1.321422862675544763e-02
1.113333333333333464e+01	-1.336269059405815508e-02
1.115000000000000036e+01	7.771477567279182208e-02
1.116666666666666785e+01	1.671771905023515178e-02
1.118333333333333357e+01	-5.055188832706879881e-02
1.119999999999999929e+01	4.086881324424741085e-03
1.121666666666666679e+01	-1.787265393940647151e-02
1.123333333333333250e+01	6.744186533244098114e-02
1.125000000000000000e+01	4.949673669364652862e-02
1.126666666666666750e+01	2.846230602776376063e-03
1.128333333333333499e+01	9.890020025911158003e-03
1.130000000000000071e+01	6.564005481078852289e-02
1.131666666666666643e+01	-7.888244755726012136e-03
1.133333333333333393e+01	6.283265229487103309e-02
1.134999999999999964e+01	7.921801964480100836e-03
1.136666666666666714e+01	2.734923093822469106e-02
1.138333333333333286e+01	-3.181140826116713588e-02
1.140000000000000036e+01	-1.849219638933116347e-02
1.141666666666666607e+01	3.984578615543036412e-02
1.143333333333333357e+01	-2.129463731728159850e-02
1.145000000000000107e+01	-7.703348692484512927e-02
1.146666666666666679e+01	-1.766114121953831981e-02
1.148333333333333428e+01	-1.689599935598695701e-02
1.150000000000000000e+01	-4.457755891508648205e-02
1.151666666666666750e+01	6.646227560077354324e-02
1.153333333333333321e+01	8.352562688627863940e-02
1.154999999999999893e+01	2.371988745727227413e-02
1.156666666666666643e+01	2.073325514466030969e-03
1.158333333333333393e+01	2.715332287745546649e-02
1.160000000000000142e+01	1.280173218187973146e-02
1.161666666666666714e+01	4.003405226335007144e-02
1.163333333333333464e+01	-2.403260324238801204e-02
1.165000000000000036e+01	5.273543289794935252e-02
1.166666666666666607e+01	7.983522062336725900e-02
1.168333333333333357e+01	5.759955990920862662e-02
1.169999999999999929e+01	-3.946276557658414536e-02
1.171666666666666679e+01	-8.697036999103961719e-02
1.173333333333333250e+01	6.038108266124476292e-02
1.175000000000000178e+01	-6.981825675945055321e-02
1.176666666666666750e+01	-7.963771393707970436e-02
1.178333333333333321e+01	4.503059239710320572e-02
1.180000000000000071e+01	3.950119485771529104e-02
1.181666666666666643e+01	-1.740604185381721195e-02
1.183333333333333393e+01	-6.456627584350081717e-02
1.184999999999999964e+01	-7.037120949214359378e-02
1.186666666666666714e+01	4.227964042949106105e-02
1.188333333333333286e+01	8.908932271700889527e-02
1.190000000000000036e+01	-1.020384354183237995e-02
1.191666666666666785e+01	1.441778768720427539e-01
1.193333333333333357e+01	-3.236178384101448709e-03
1.195000000000000107e+01	3.322959850147017696e-02
1.196666666666666679e+01	-9.618834410729722173e-02
1.198333333333333428e+01	6.379100197210914661e-03
1.200000000000000000e+01	8.015663540501608009e-04
1.201666666666666572e+01	-6.545718514229238727e-02
1.203333333333333321e+01	-6.450862853761027416e-02
1.205000000000000071e+01	9.487307594415045342e-02
1.206666666666666821e+01	6.776949201501109021e-02
1.208333333333333393e+01	7.129102749465172917e-02
1.210000000000000142e+01	4.966179414353117522e-02
1.211666666666666714e+01	-2.922740815063264164e-02
1.213333333333333286e+01	-9.234994484303470433e-03
1.215000000000000036e+01	5.796217303218267197e-02
1.216666666666666607e+01	-6.029380338341873424e-02
1.218333333333333357e+01	-8.609851032637691470e-02
1.219999999999999929e+01	3.393008220585351509e-02
1.221666666666666856e+01	4.743161418343615904e-02
1.223333333333333428e+01	5.157590960933167157e-02
1.225000000000000000e+01	1.961966659609161098e-02
1.226666666666666750e+01	-9.518187950035788755e-03
1.228333333333333321e+01	-3.661887001463433322e-02
1.230000000000000071e+01	-3.577642856222625761e-02
1.231666666666666643e+01	3.084539820872704563e-02
1.233333333333333393e+01	2.232278828347531580e-02
1.234999999999999964e+01	1.600967320776069958e-02
1.236666666666666714e+01	2.684580070772855931e-02
1.238333333333333464e+01	1.736983594697969965e-02
1.240000000000000036e+01	-1.037606730327500330e-02
1.241666666666666785e+01	1.536952122570060981e-02
1.243333333333333357e+01	1.109636929910917322e-02
1.245000000000000107e+01	6.062146613249919797e-02
1.246666666666666679e+01	4.594902706577517516e-03
1.248333333333333250e+01	5.130736019376080925e-03
1.250000000000000000e+01	-6.594702150403709828e-02
1.251666666666666572e+01	8.940609316205169743e-02
1.253333333333333499e+01	-1.917617056018454565e-03
1.255000000000000071e+01	2.047432862825696726e-02
1.256666666666666821e+01	8.565885002811184090e-02
1.258333333333333393e+01	-5.188708459718371913e-02
1.259999999999999964e+01	8.706735305624670185e-02
1.261666666666666714e+01	-1.323592613931538244e-02
1.263333333333333286e+01	-1.522865019473415918e-03
1.265000000000000036e+01	-2.108956395309210651e-03
1.266666666666666607e+01	-1.042178643602131166e-02
1.268333333333333357e+01	-4.547156955328764127e-02
1.270000000000000107e+01	-1.075894445237196052e-03
1.271666666666666679e+01	-3.328262179902403972e-02
1.273333333333333428e+01	6.202057673575658153e-02
1.275000000000000000e+01	1.195808188324899539e-02
1.276666666666666750e+01	8.645182212141304043e-03
1.278333333333333321e+01	8.679731908876114899e-02
1.279999999999999893e+01	-5.569856417502846296e-02
1.281666666666666643e+01	-2.917944990256798529e-02
1.283333333333333215e+01	1.383003138622688859e-02
1.285000000000000142e+01	6.374324449559909400e-02
1.286666666666666714e+01	4.650833462749930786e-02
1.288333333333333464e+01	-2.222887454773170984e-02
1.290000000000000036e+01	3.187178400503234976e-02
1.291666666666666607e+01	5.354166751632949417e-02
1.293333333333333357e+01	-1.293027188297062036e-02
1.294999999999999929e+01	-6.684190522483243746e-02
1.296666666666666679e+01	-2.562934976953620825e-02
1.298333333333333250e+01	4.097007101501178028e-02
1.300000000000000178e+01	-4.164844185985649982e-02
1.301666666666666750e+01	-4.949489287347547811e-02
1.303333333333333321e+01	3.532914110256464568e-02
1.305000000000000071e+01	5.037500326988213900e-02
1.306666666666666643e+01	6.269189353676391657e-03
1.308333333333333393e+01	-3.773366518565210437e-02
1.309999999999999964e+01	2.736432823139227713e-02
1.311666666666666714e+01	-1.993707245534224667e-02
1.313333333333333286e+01	2.503494476516609016e-02
1.314999999999999858e+01	1.695244031272607685e-02
1.316666666666666785e+01	-2.576166713944137363e-02
1.318333333333333357e+01	2.455042335785415433e-02
1.320000000000000107e+01	-1.187209016464423061e-01
1.321666666666666679e+01	4.184639332914543569e-02
1.323333333333333428e+01	-3.309625600469747603e-02
1.325000000000000000e+01	-4.658350269719014475e-02
1.326666666666666572e+01	-5.768786007049579723e-02
1.328333333333333321e+01	1.350419121423453162e-02
1.329999999999999893e+01	-2.732114429810125322e-03
1.331666666666666821e+01	5.597628754086846070e-02
1.333333333333333393e+01	-4.691379367012951662e-02
1.335000000000000142e+01	1.259867023504001801e-02
1.336666666666666714e+01	4.393018790429769650e-03
1.338333333333333286e+01	2.478301046591516524e-02
1.340000000000000036e+01	-7.929644512218163299e-02
1.341666666666666607e+01	5.222005742811987317e-02
1.343333333333333357e+01	-4.594746814999056683e-02
1.344999999999999929e+01	-8.200681433827188005e-02
1.346666666666666679e+01	2.314534119351015218e-02
1.348333333333333428e+01	-3.615686329791453074e-02
1.350000000000000000e+01	-6.847534860605601625e-02
1.351666666666666750e+01	1.892331879626546823e-02
1.353333333333333321e+01	5.265573961445729062e-02
1.355000000000000071e+01	4.828224433028167201e-02
1.356666666666666643e+01	-1.873893262681278551e-02
1.358333333333333393e+01	-1.139246933115067167e-02
1.359999999999999964e+01	-7.685048827880276712e-02
1.361666666666666536e+01	3.717282862797759158e-02
1.363333333333333464e+01	-4.192637059155190915e-02
1.365000000000000036e+01	-6.228719440374901745e-02
1.366666666666666785e+01	-3.170310117191096899e-02
1.368333333333333357e+01	-2.127651275063291436e-02
1.370000000000000107e+01	-5.215281787579950645e-02
1.371666666666666679e+01	6.113668070411034522e-02
1.373333333333333250e+01	1.928015189039709171e-02
1.375000000000000000e+01	5.827548508197775631e-03
1.376666666666666572e+01	7.571227223036289256e-02
1.378333333333333321e+01	6.969369869095065444e-03
1.380000000000000071e+01	7.371512530792177775e-02
1.381666666666666821e+01	-5.924906027969509270e-02
1.383333333333333393e+01	-1.269308586765542646e-02
1.384999999999999964e+01	-6.048478931663362618e-02
1.386666666666666714e+01	-2.840827112191452244e-02
1.388333333333333286e+01	-1.263246801806773914e-02
1.390000000000000036e+01	8.503016141706983347e-03
1.391666666666666607e+01	4.160386636510046698e-02
1.393333333333333357e+01	9.770490828070341194e-03
1.395000000000000107e+01	6.415753488371733412e-03
1.396666666666666679e+01	-1.872305728655216175e-02
1.398333333333333428e+01	-3.204353674194924256e-02
1.400000000000000000e+01	1.732986325570174541e-02
1.401666666666666750e+01	-7.454343730097299885e-03
1.403333333333333321e+01	4.445384740801903295e-02
1.405000000000000071e+01	7.150821403523699438e-02
1.406666666666666643e+01	4.187988898592572701e-02
1.408333333333333215e+01	2.317879093244110122e-02
1.409999999999999964e+01	6.631273874717012740e-02
1.411666666666666714e+01	-2.331108080788681786e-02
1.413333333333333464e+01	2.459541511682249854e-02
1.415000000000000036e+01	1.576486781836017315e-02
1.416666666666666785e+01	3.991605249745722866e-02
1.418333333333333357e+01	1.261329823972501540e-01
1.419999999999999929e+01	9.318641634866930631e-03
1.421666666666666679e+01	2.638429265471933793e-02
1.423333333333333250e+01	6.715489039561727859e-03
1.425000000000000000e+01	9.255057344888227913e-03
1.426666666666666750e+01	2.057436100526812556e-02
1.428333333333333499e+01	4.055738712219909142e-02
1.430000000000000071e+01	3.640959323363894551e-02
1.431666666666666643e+01	2.994819809048489961e-02
1.433333333333333393e+01	4.317080829109116915e-04
1.434999999999999964e+01	-2.940524747242771048e-02
1.436666666666666714e+01	4.608110286286534046e-02
1.438333333333333286e+01	2.542262033498287124e-02
1.440000000000000036e+01	9.043074666192876809e-03
1.441666666666666785e+01	2.872193711308024602e-02
1.443333333333333357e+01	2.088556746904927930e-02
1.445000000000000107e+01	2.180237423979262523e-03
1.446666666666666679e+01	1.493072719291187525e-02
1.448333333333333428e+01	4.922626076199529584e-03
1.450000000000000000e+01	1.868071882536357850e-02
1.451666666666666750e+01	2.743220411514048218e-02
1.453333333333333321e+01	-3.829116830539632324e-03
1.454999999999999893e+01	-8.710228346523903042e-02
1.456666666666666643e+01	5.257309960412236138e-02
1.458333333333333393e+01	-1.933249606013203239e-02
1.460000000000000142e+01	-2.085038808613381978e-02
1.461666666666666714e+01	4.591817331453747902e-02
1.463333333333333464e+01	-7.710296203607919230e-02
1.465000000000000036e+01	1.927223004025306261e-02
1.466666666666666607e+01	-8.276862120790730304e-02
1.468333333333333357e+01	2.591477529039561307e-04
1.469999999999999929e+01	1.646966007407544078e-02
1.471666666666666679e+01	5.986923096056357557e-02
1.473333333333333428e+01	-4.432339912751191019e-02
1.475000000000000178e+01	-9.998048945000543794e-03
1.476666666666666750e+01	2.370275031118327519e-02
1.478333333333333321e+01	2.608971881179609695e-02
1.480000000000000071e+01	-1.825120985157834691e-02
1.481666666666666643e+01	-1.825851058080849238e-04
1.483333333333333393e+01	2.710886939152066383e-02
1.484999999999999964e+01	4.074481102959636586e-02
1.486666666666666714e+01	-3.748960879333838869e-02
1.488333333333333286e+01	2.641592980122976775e-02
1.490000000000000036e+01	7.068184422069574745e-04
1.491666666666666785e+01	3.238221326570017017e-03
1.493333333333333357e+01	1.008871453210405042e-02
1.495000000000000107e+01	3.149798173493213380e-03
1.496666666666666679e+01	-2.899900158290924165e-02
1.498333333333333428e+01	-3.750475799528359827e-03
1.500000000000000000e+01	5.872289577182643328e-02
1.501666666666666572e+01	-1.167027305252650755e-02
1.503333333333333321e+01	1.005073623882426874e-02
1.505000000000000071e+01	-6.253589491940832190e-02
1.506666666666666821e+01	4.534392569516520338e-02
1.508333333333333393e+01	6.012885787586889734e-03
1.510000000000000142e+01	-2.536118922044276400e-02
1.511666666666666714e+01	-1.844008279699852620e-02
1.513333333333333286e+01	6.104865755965255963e-02
1.515000000000000036e+01	8.233184093289817873e-03
1.516666666666666607e+01	-4.028601769550896891e-04
1.518333333333333357e+01	-2.659455880628974062e-02
1.519999999999999929e+01	-1.920299034205742716e-02
1.521666666666666856e+01	7.729513695509772353e-02
1.523333333333333428e+01	3.254145627456721257e-02
1.525000000000000000e+01	4.333183915444237255e-02
1.526666666666666750e+01	-3.287738369295185870e-02
1.528333333333333321e+01	-5.911791682828732020e-02
1.529999999999999893e+01	-2.969298859669318794e-02
1.531666666666666821e+01	7.717397992863327116e-03
1.533333333333333393e+01	2.288651994083599778e-03
1.534999999999999964e+01	3.582621249590565993e-02
1.536666666666666714e+01	-6.854743599442185073e-03
1.538333333333333286e+01	-1.114046847771479470e-01
1.540000000000000213e+01	-7.404264144667220549e-02
1.541666666666666785e+01	-2.826356750496183956e-02
1.543333333333333357e+01	-3.431481396594354694e-02
1.544999999999999929e+01	-2.295841956371338574e-02
1.546666666666666501e+01	5.140377499967169889e-02
1.548333333333333428e+01	4.706343182407995984e-02
1.550000000000000000e+01	-3.037837738893061582e-03
1.551666666666666750e+01	2.381505697839100127e-02
1.553333333333333321e+01	-9.320770060564708553e-03
1.555000000000000249e+01	4.969122924384362927e-02
1.556666666666666821e+01	-3.736607684421139851e-03
1.558333333333333393e+01	9.877166415573065267e-03
1.559999999999999964e+01	-8.995057613154948395e-02
1.561666666666666536e+01	3.289606294289539740e-02
1.563333333333333464e+01	-1.121986901238348697e-02
1.565000000000000036e+01	8.203035933263980173e-02
1.566666666666666607e+01	7.147207876045236219e-02
1.568333333333333357e+01	2.739323813981477704e-04
1.569999999999999929e+01	7.773865534306775849e-02
1.571666666666666856e+01	4.358809153916631124e-02
1.573333333333333428e+01	-2.474338110036677571e-02
1.575000000000000000e+01	-4.411469173928383308e-02
1.576666666666666572e+01	2.027255718762953351e-02
1.578333333333333499e+01	-7.528534451861882033e-03
1.580000000000000071e+01	-6.970757709524502688e-02
1.581666666666666643e+01	-1.963777108047669653e-02
1.583333333333333393e+01	-7.176398770343073164e-02
1.584999999999999964e+01	-5.033597694357958008e-02
1.586666666666666892e+01	4.526740312210438683e-02
1.588333333333333464e+01	-2.711931342945559861e-02
1.590000000000000036e+01	2.980963778534704428e-02
1.591666666666666607e+01	-1.811570780647859744e-02
1.593333333333333179e+01	-2.480711561488393654e-02
1.595000000000000107e+01	4.592857837178374730e-02
1.596666666666666679e+01	-6.186359876980151995e-02
1.598333333333333250e+01	1.156963527462066864e-03
1.600000000000000000e+01	1.074299508609889847e-01
1.601666666666666927e+01	-1.424641845906095966e-02
1.603333333333333499e+01	-1.297128184121294943e-02
1.605000000000000071e+01	3.028935363727054079e-03
1.606666666666666643e+01	2.806888140997923844e-02
1.608333333333333215e+01	2.602474315773113667e-02
1.610000000000000142e+01	6.917206095306750735e-03
1.611666666666666714e+01	9.615867512815700279e-05
1.613333333333333286e+01	1.292371183871698047e-02
1.614999999999999858e+01	-1.648385417162593833e-02
1.616666666666666430e+01	1.382385871691936899e-02
1.618333333333333357e+01	-8.358198777196185203e-02
1.619999999999999929e+01	-6.901312572678139357e-02
1.621666666666666501e+01	-1.594216613534863922e-02
1.623333333333333428e+01	5.944096881843773106e-02
1.625000000000000355e+01	4.264369350366870731e-02
1.626666666666666927e+01	5.846975474437789838e-02
1.628333333333333499e+01	-1.040673280336597457e-02
1.630000000000000071e+01	-1.481408411146102611e-01
1.631666666666666643e+01	4.461509479841693770e-02
1.633333333333333570e+01	1.171659459599220729e-02
1.635000000000000142e+01	7.174144328782271728e-03
1.636666666666666714e+01	3.449192758154273099e-03
1.638333333333333286e+01	5.222590492007581769e-02
1.639999999999999858e+01	6.268741166153614375e-02
1.641666666666666785e+01	2.912642178086374475e-02
1.643333333333333357e+01	3.454772320466353852e-02
1.644999999999999929e+01	6.244727645531028201e-03
1.646666666666666501e+01	3.648633959425597734e-02
1.648333333333333428e+01	-3.446627702607785171e-02
1.650000000000000000e+01	-2.293763291822699044e-02
1.651666666666666572e+01	-4.885199657462453021e-02
1.653333333333333144e+01	-6.713111328064673422e-02
1.655000000000000071e+01	5.832315057504817990e-02
1.656666666666666998e+01	-8.904673414346664373e-02
1.658333333333333570e+01	3.260320569017365055e-02
1.660000000000000142e+01	4.435526655525345169e-02
1.661666666666666714e+01	-1.619482581816836242e-02
1.663333333333333286e+01	-1.276618888569378517e-02
1.665000000000000213e+01	-6.844502978142673333e-02
1.666666666666666785e+01	-4.736869058857331310e-02
1.668333333333333357e+01	-7.237151885517124905e-02
1.669999999999999929e+01	3.577415024715072112e-02
1.671666666666666856e+01	2.752325060718164781e-02
1.673333333333333428e+01	1.391391467427422445e-02
1.675000000000000000e+01	1.363824283056032718e-02
1.676666666666666572e+01	-4.459424907637981510e-05
1.678333333333333144e+01	-2.603649069179487206e-03
1.680000000000000071e+01	4.825908810410479977e-02
1.681666666666666643e+01	-3.313677152768697287e-02
1.683333333333333215e+01	-3.484404718451682668e-03
1.684999999999999787e+01	-1.126956373762896639e-02
1.686666666666666714e+01	-5.452498200407681489e-02
1.688333333333333641e+01	-5.179293466164105325e-02
1.690000000000000213e+01	-4.297681092732069663e-02
1.691666666666666785e+01	1.678161695406748741e-02
1.693333333333333357e+01	5.554334251729755451e-02
1.695000000000000284e+01	2.949670330081661032e-02
1.696666666666666856e+01	3.978226374699662254e-02
1.698333333333333428e+01	4.000055996214503008e-03
1.700000000000000000e+01	-6.454668166601404411e-02
1.701666666666666572e+01	1.027639969010379038e-02
1.703333333333333499e+01	-1.622913159108415812e-02
1.705000000000000071e+01	-2.486858376623997391e-02
1.706666666666666643e+01	-1.121122233304112231e-02
1.708333333333333215e+01	2.479704079528268629e-02
1.709999999999999787e+01	1.549893611635290956e-02
1.711666666666666714e+01	6.951775264265271093e-02
1.713333333333333286e+01	2.729637668310785914e-02
1.714999999999999858e+01	3.601364142390481304e-02
1.716666666666666430e+01	-8.149519344175441826e-02
1.718333333333333357e+01	-4.801162770759350579e-02
1.720000000000000284e+01	3.037532410276452127e-02
1.721666666666666856e+01	3.949517210469956352e-02
1.723333333333333428e+01	-4.804288184838924336e-02
1.725000000000000000e+01	8.966017548387232583e-02
1.726666666666666927e+01	-1.621313946029414406e-03
1.728333333333333499e+01	3.934250828023514585e-02
1.730000000000000071e+01	9.184168717038679666e-03
1.731666666666666643e+01	7.702904829799105124e-02
1.733333333333333215e+01	1.620254550228493809e-02
1.735000000000000142e+01	-6.390220012618329226e-02
1.736666666666666714e+01	-2.445277867396524613e-02
1.738333333333333286e+01	2.053562639963511793e-02
1.739999999999999858e+01	-6.224759438523821964e-02
1.741666666666666430e+01	2.207416857408611363e-02
1.743333333333333357e+01	1.024431390756361769e-02
1.744999999999999929e+01	3.106680674554627986e-02
1.746666666666666501e+01	8.280744680396813148e-03
1.748333333333333428e+01	-4.460766252809744703e-02
1.750000000000000355e+01	-9.748401703933845530e-03
1.751666666666666927e+01	-2.718305038314476965e-02
1.753333333333333499e+01	2.197161171949592665e-02
1.755000000000000071e+01	5.256463232485369258e-02
1.756666666666666643e+01	5.196338771690199587e-02
1.758333333333333570e+01	3.845062403471703055e-02
1.760000000000000142e+01	-6.928209024147167182e-03
1.761666666666666714e+01	4.470978421691575860e-02
1.763333333333333286e+01	-4.306056277423776779e-02
1.764999999999999858e+01	-3.314383895075517783e-02
1.766666666666666785e+01	-2.111978481366019039e-02
1.768333333333333357e+01	-6.334604071264460234e-02
1.769999999999999929e+01	2.763115331569026070e-02
1.771666666666666501e+01	-4.587689211595091972e-03
1.773333333333333428e+01	6.720028569456300283e-02
1.775000000000000000e+01	-5.257135683313406832e-02
1.776666666666666572e+01	-4.395784152501527181e-02
1.778333333333333144e+01	-1.245595521107776410e-02
1.780000000000000071e+01	-2.706016851465308654e-02
1.781666666666666998e+01	-4.561688063922569869e-02
1.783333333333333570e+01	-1.185657841068335147e-02
1.785000000000000142e+01	-1.344302426626951472e-02
1.786666666666666714e+01	-4.272301326954665301e-02
1.788333333333333286e+01	4.938670845870363896e-02
1.790000000000000213e+01	-5.393891038577738190e-02
1.791666666666666785e+01	-7.794220480850159311e-03
1.793333333333333357e+01	-2.708211192347060453e-02
1.794999999999999929e+01	5.238726779237184300e-02
1.796666666666666856e+01	6.443806447341959322e-03
1.798333333333333428e+01	7.206008368677700726e-02
1.800000000000000000e+01	8.410344314552641032e-03
1.801666666666666572e+01	-7.663224716652386470e-02
1.803333333333333144e+01	-6.609774389274954143e-02
1.805000000000000071e+01	-7.957312704216111532e-02
1.806666666666666643e+01	-7.919063595924624721e-02
1.808333333333333215e+01	-6.842114692923220720e-02
1.809999999999999787e+01	-2.160031625779516504e-02
1.811666666666666714e+01	-3.458280902358886605e-02
1.813333333333333641e+01	-1.595283165911212143e-03
1.815000000000000213e+01	-3.994216462881531454e-02
1.816666666666666785e+01	1.926593531048390734e-02
1.818333333333333357e+01	3.528475433496679886e-02
1.820000000000000284e+01	-4.135232725840683188e-02
1.821666666666666856e+01	5.175131495495718589e-03
1.823333333333333428e+01	6.949661316697081093e-02
1.825000000000000000e+01	3.461953780996773061e-02
1.826666666666666572e+01	3.640959266565963609e-02
1.828333333333333499e+01	-1.874426905500364490e-02
1.830000000000000071e+01	8.552409672175853572e-02
1.831666666666666643e+01	-3.892459224644524707e-02
1.833333333333333215e+01	2.945532955869806235e-02
1.834999999999999787e+01	5.744494241652020605e-02
1.836666666666666714e+01	3.878801560668133919e-02
1.838333333333333286e+01	-1.149900172372883729e-02
1.839999999999999858e+01	5.167747993680547880e-02
1.841666666666666430e+01	5.244360134129946727e-02
1.843333333333333357e+01	7.629676999409188386e-03
1.845000000000000284e+01	-2.963107045264176329e-02
1.846666666666666856e+01	3.820624509594781632e-04
1.848333333333333428e+01	-9.470515021721366555e-03
1.850000000000000000e+01	-3.773642824154024161e-02
1.851666666666666927e+01	2.336345642906060768e-02
1.853333333333333499e+01	1.448537513834550344e-02
1.855000000000000071e+01	2.936516782083913729e-02
1.856666666666666643e+01	-2.161282601098002409e-02
1.858333333333333215e+01	-1.296205324514125221e-02
1.860000000000000142e+01	-5.939319897291168299e-02
1.861666666666666714e+01	7.827479161142181230e-02
1.863333333333333286e+01	7.647430501482278820e-02
1.864999999999999858e+01	-8.879752396258993805e-03
1.866666666666666785e+01	-4.940277933304688951e-02
1.868333333333333357e+01	-1.940517808179015660e-02
1.869999999999999929e+01	-5.555708663675380105e-02
1.871666666666666501e+01	1.721750693874518623e-02
1.873333333333333073e+01	9.966511857272679353e-02
1.875000000000000000e+01	4.141316417178794035e-02
1.876666666666666927e+01	4.337470014784261660e-04
1.878333333333333499e+01	-8.594428013732510752e-02
1.880000000000000071e+01	1.562314726692766789e-02
1.881666666666666643e+01	7.614088250198344787e-02
1.883333333333333570e+01	-2.979617154136338097e-02
1.885000000000000142e+01	-4.321673066730129936e-02
1.886666666666666714e+01	-6.546816537254206148e-02
1.888333333333333286e+01	-7.381902133394689647e-02
1.890000000000000213e+01	2.070210694949695118e-02
1.891666666666666785e+01	-5.901324245500049609e-02
1.893333333333333357e+01	1.561114165011575142e-02
1.894999999999999929e+01	6.881414103145372212e-03
1.896666666666666501e+01	-4.339318493508603075e-02
1.898333333333333428e+01	-5.628171980744469532e-03
1.900000000000000000e+01	6.852870113226834647e-03
1.901666666666666572e+01	-1.693652920304338991e-02
1.903333333333333144e+01	-3.873349891664300271e-02
1.904999999999999716e+01	3.922035472684032992e-02
1.906666666666666643e+01	2.508621801650790656e-02
1.908333333333333570e+01	-2.939419069154213318e-02
1.910000000000000142e+01	4.165026816383812086e-02
1.911666666666666714e+01	-2.060302041271154169e-02
1.913333333333333641e+01	-3.907985020318092279e-02
1.915000000000000213e+01	-4.213081490968695331e-02
1.916666666666666785e+01	-4.151131641543043260e-03
1.918333333333333357e+01	1.659354579328649673e-02
1.919999999999999929e+01	-3.248152170572658065e-02
1.921666666666666856e+01	5.760353595522706149e-02
1.923333333333333428e+01	1.062700925799335908e-02
1.925000000000000000e+01	-1.297724890848474255e-02
1.926666666666666572e+01	2.919471083722589844e-02
1.928333333333333144e+01	-5.526397174661262617e-03
1.930000000000000071e+01	3.569961709859054751e-03
1.931666666666666643e+01	4.395770487639796137e-02
1.933333333333333215e+01	4.694389867425885661e-03
1.934999999999999787e+01	-1.364115323207359606e-02
1.936666666666666714e+01	6.107778909541590473e-02
1.938333333333333641e+01	-2.529374959547342483e-02
1.940000000000000213e+01	-1.535799047780601542e-02
1.941666666666666785e+01	-9.604984956586180844e-02
1.943333333333333357e+01	3.656537594225568732e-02
1.945000000000000284e+01	2.230104200451161339e-02
1.946666666666666856e+01	-4.459273731935723545e-03
1.948333333333333428e+01	-2.240006430320462538e-02
1.950000000000000000e+01	-2.170053884493694518e-02
1.951666666666666572e+01	7.289219247566083859e-02
1.953333333333333499e+01	1.204463068376163681e-01
1.955000000000000071e+01	-9.335460735538692045e-02
1.956666666666666643e+01	-8.273793804248568556e-03
1.958333333333333215e+01	2.481615970929889128e-02
1.960000000000000142e+01	4.898860704307737846e-02
1.961666666666666714e+01	1.176422401780997384e-01
1.963333333333333286e+01	-4.977384031997663522e-02
1.964999999999999858e+01	-4.582256611723602852e-02
1.966666666666666430e+01	-8.202941815884311552e-03
1.968333333333333357e+01	-1.181803488714734847e-02
1.970000000000000284e+01	-1.879517611500855848e-03
1.971666666666666856e+01	-6.152042130402265996e-02
1.973333333333333428e+01	3.050419836451210426e-02
1.975000000000000000e+01	8.754821286265970434e-03
1.976666666666666927e+01	1.407615154603917770e-02
1.978333333333333499e+01	7.640304752138780964e-02
1.980000000000000071e+01	2.033225223575819279e-02
1.981666666666666643e+01	-5.660782459354955776e-02
1.983333333333333570e+01	-1.493812837734836453e-02
1.985000000000000142e+01	-4.964759969936779344e-02
1.986666666666666714e+01	8.592562299468651035e-03
1.988333333333333286e+01	3.855385347869119683e-02
1.989999999999999858e+01	6.581381773400513113e-02
1.991666666666666785e+01	1.754912839004132974e-02
1.993333333333333357e+01	-1.497901305558848456e-02
1.994999999999999929e+01	3.699473012080557732e-02
1.996666666666666501e+01	-6.140405743347257528e-02
1.998333333333333073e+01	-4.451144599905660498e-02
2.000000000000000000e+01	-5.178302549513723665e-03
2.001666666666666927e+01	-7.199312209444233557e-02
2.003333333333333499e+01	-4.783569057466696695e-02
2.005000000000000071e+01	6.918452753763883190e-03
2.006666666666666643e+01	-7.960347101315731408e-03
2.008333333333333570e+01	3.667122438970597375e-03
2.010000000000000142e+01	-5.535832997208518097e-02
2.011666666666666714e+01	-4.911454416294949027e-02
2.013333333333333286e+01	-3.881305389987103199e-02
2.015000000000000213e+01	-3.101017107327799088e-02
2.016666666666666785e+01	-1.198274225438560395e-02
2.018333333333333357e+01	-2.150899522689812826e-02
2.019999999999999929e+01	-7.671977290988848952e-02
2.021666666666666501e+01	3.993121905945672123e-02
2.023333333333333428e+01	1.773835993967161698e-02
2.025000000000000000e+01	-4.841681412530204898e-03
2.026666666666666572e+01	1.542402411091356278e-02
2.028333333333333144e+01	5.807657237603549606e-03
2.029999999999999716e+01	2.345774025866286319e-02
2.031666666666666643e+01	7.633712323138813413e-03
2.033333333333333570e+01	3.411159043298644944e-02
2.035000000000000142e+01	-1.085118297269898951e-03
2.036666666666666714e+01	1.341770829926913940e-02
2.038333333333333641e+01	3.397492829242401008e-02
2.040000000000000213e+01	1.053220813577637055e-02
2.041666666666666785e+01	5.163645164428316836e-02
2.043333333333333357e+01	-3.533578706568848288e-02
2.044999999999999929e+01	-4.463453119551519938e-02
2.046666666666666856e+01	4.362067084250070836e-02
2.048333333333333428e+01	1.550314666599910685e-01
2.050000000000000000e+01	1.641509181701362660e-02
2.051666666666666572e+01	-1.485892958680530909e-02
2.053333333333333144e+01	1.040208658250905537e-03
2.055000000000000071e+01	3.135751756684213021e-02
2.056666666666666643e+01	-4.122662024544706399e-02
2.058333333333333215e+01	-3.234376351920439929e-02
2.059999999999999787e+01	8.366882181924570339e-02
2.061666666666666714e+01	-1.550068486389422767e-02
2.063333333333333286e+01	-1.159454507899109962e-02
2.065000000000000213e+01	1.241476436955511742e-02
2.066666666666666785e+01	5.427271179219461672e-02
2.068333333333333357e+01	1.115566179843334969e-02
2.070000000000000284e+01	-4.336244762040133288e-02
2.071666666666666856e+01	-5.631169289032749575e-02
2.073333333333333428e+01	2.129063869602383641e-02
2.075000000000000000e+01	-2.660294555372828482e-02
2.076666666666666572e+01	-6.579700448756770070e-02
2.078333333333333499e+01	5.057278066313949938e-02
2.080000000000000071e+01	-4.228137623874438783e-02
2.081666666666666643e+01	7.675653919321594187e-02
2.083333333333333215e+01	-3.156930816322406352e-02
2.085000000000000142e+01	4.034635704015057667e-02
2.086666666666666714e+01	2.723562630655506842e-02
2.088333333333333286e+01	1.850885651193336784e-02
2.089999999999999858e+01	-1.115509441569924277e-03
2.091666666666666430e+01	7.831345269650635821e-02
2.093333333333333357e+01	1.598644394349365769e-02
2.094999999999999929e+01	-1.884365163162162946e-02
2.096666666666666856e+01	-6.207039284819449408e-03
2.098333333333333428e+01	7.380076632582295570e-02
2.100000000000000000e+01	-5.224702493583118293e-03
2.101666666666666927e+01	-5.966974217517508061e-02
2.103333333333333499e+01	7.342856768251196375e-02
2.105000000000000071e+01	-4.482868846814826863e-02
2.106666666666666643e+01	9.001782833887275737e-02
2.108333333333333570e+01	-6.001851149516313627e-02
2.110000000000000142e+01	-2.676023254911259232e-03
2.111666666666666714e+01	5.771758816331621494e-02
2.113333333333333286e+01	-4.704231765808578047e-02
2.114999999999999858e+01	-2.277918284047919517e-02
2.116666666666666785e+01	-3.332636346938547267e-02
2.118333333333333357e+01	-3.582135882229840751e-02
2.119999999999999929e+01	6.517298092505495466e-02
2.121666666666666501e+01	-5.638080629190854757e-04
2.123333333333333073e+01	-5.381614364618998031e-02
2.125000000000000000e+01	-3.153001068559929676e-02
2.126666666666666572e+01	3.229230176509782779e-02
2.128333333333333499e+01	4.647606874974125578e-03
2.130000000000000071e+01	1.671232860608443810e-02
2.131666666666666998e+01	-4.497742098441406822e-02
2.133333333333333570e+01	-5.497100563502065745e-03
2.135000000000000142e+01	-7.376410628512929113e-03
2.136666666666666714e+01	-6.535495937038446508e-03
2.138333333333333286e+01	5.285920075244963240e-02
2.140000000000000213e+01	1.999166009536043620e-02
2.141666666666666785e+01	-1.798808217386030014e-02
2.143333333333333357e+01	-1.481196536226326958e-02
2.144999999999999929e+01	1.733453893156312875e-02
2.146666666666666501e+01	-9.199527403643933260e-03
2.148333333333333428e+01	-4.478719424464514681e-02
2.150000000000000000e+01	9.434911701312149665e-03
2.151666666666666572e+01	-1.286730304783717180e-02
2.153333333333333144e+01	-1.001872603680794560e-01
2.155000000000000071e+01	-4.140786463712164966e-02
2.156666666666666643e+01	2.288375649123408628e-02
2.158333333333333570e+01	-3.838182709996046382e-02
2.160000000000000142e+01	3.548251685270097794e-02
