Time_us	Received_Longitudinal
0.000000000000000000e+00	-5.449114831980901574e-02
1.666666666666666644e-02	4.586644290090831355e-02
3.333333333333333287e-02	5.274380058176875163e-02
4.999999999999999584e-02	7.197973151102711464e-02
6.666666666666666574e-02	3.221915520312007564e-03
8.333333333333334259e-02	2.527310041050450512e-02
9.999999999999999167e-02	8.690888271096049167e-02
1.166666666666666685e-01	-9.397459337077352509e-03
1.333333333333333315e-01	-4.099922810423625719e-02
1.499999999999999944e-01	-6.779353109511912501e-02
1.666666666666666852e-01	-1.481724550862379142e-01
1.833333333333333204e-01	-1.580451139026849972e-01
1.999999999999999833e-01	-2.005858109221407559e-01
2.166666666666666741e-01	-1.867275308716523918e-01
2.333333333333333370e-01	-2.669842112980056470e-01
2.500000000000000000e-01	-2.036057854114825261e-01
2.666666666666666630e-01	-1.153999537108579276e-01
2.833333333333333814e-01	-2.629918449832318456e-02
2.999999999999999889e-01	2.871046531664804904e-02
3.166666666666666519e-01	6.813126363744209657e-02
3.333333333333333703e-01	2.164887550510160852e-01
3.499999999999999778e-01	2.569642801981799618e-01
3.666666666666666408e-01	2.866749512044252102e-01
3.833333333333333592e-01	2.827101243650284590e-01
3.999999999999999667e-01	2.974504595275744290e-01
4.166666666666666852e-01	1.831436928216584881e-01
4.333333333333333481e-01	1.556850456633391278e-01
4.500000000000000111e-01	8.323803378287822352e-02
4.666666666666666741e-01	-3.876163702663568827e-02
4.833333333333332815e-01	-1.013467794284478030e-01
5.000000000000000000e-01	-2.519801830676580146e-01
5.166666666666666075e-01	-2.272785687572211055e-01
5.333333333333333259e-01	-1.929086032066200385e-01
5.500000000000000444e-01	-2.510389681073189605e-01
5.666666666666667629e-01	-2.734989365960444618e-01
5.833333333333333703e-01	-1.445579478520585548e-01
5.999999999999999778e-01	-8.716770830760245392e-02
6.166666666666666963e-01	-6.004182706481540205e-02
6.333333333333333037e-01	-3.196808780731438121e-02
6.500000000000000222e-01	8.740139316555776972e-02
6.666666666666667407e-01	1.113721782833101276e-01
6.833333333333333481e-01	1.310144185309473908e-01
6.999999999999999556e-01	1.111356332242613709e-01
7.166666666666666741e-01	1.780030778878208819e-01
7.333333333333332815e-01	8.018340190528083777e-02
7.500000000000000000e-01	8.951555165094064737e-02
7.666666666666667185e-01	5.459100722229527636e-03
7.833333333333334370e-01	-1.530877934870076076e-02
7.999999999999999334e-01	-7.116857217187044782e-02
8.166666666666666519e-01	5.888569600238556523e-03
8.333333333333333703e-01	-9.625780154929278187e-02
8.499999999999999778e-01	-7.187154936722030263e-02
8.666666666666666963e-01	-6.837078097595745974e-02
8.833333333333334147e-01	-1.461842953114623755e-01
9.000000000000000222e-01	-3.747739105650928215e-02
9.166666666666666297e-01	-3.039522276629764291e-02
9.333333333333333481e-01	1.043683255146249378e-02
9.499999999999999556e-01	3.223402366178929057e-02
9.666666666666665630e-01	-9.788323629540022358e-03
9.833333333333333925e-01	3.954288728848663614e-02
1.000000000000000000e+00	2.873371142035688330e-03
1.016666666666666829e+00	7.921810614163941888e-02
1.033333333333333215e+00	-2.114739457846984833e-02
1.050000000000000044e+00	3.858634854257558811e-02
1.066666666666666652e+00	6.990954546462863073e-02
1.083333333333333259e+00	4.925390946281727605e-02
1.100000000000000089e+00	-4.343704209657231474e-02
1.116666666666666696e+00	-3.558639521261961619e-02
1.133333333333333526e+00	-8.943471253945382837e-02
1.149999999999999911e+00	-5.630569267065577144e-02
1.166666666666666741e+00	1.831764543312356525e-03
1.183333333333333348e+00	-4.668292543676746953e-02
1.199999999999999956e+00	-1.367199226186416663e-02
1.216666666666666785e+00	3.090518521315158834e-02
1.233333333333333393e+00	-1.253164271674816685e-02
1.250000000000000000e+00	7.997488968972572831e-03
1.266666666666666607e+00	3.148775965127662176e-03
1.283333333333333215e+00	-4.753318380076572078e-03
1.300000000000000044e+00	1.548683996218036367e-03
1.316666666666666652e+00	2.596274924635005518e-02
1.333333333333333481e+00	-3.361117502729649847e-02
1.350000000000000089e+00	-1.431970680992139359e-02
1.366666666666666696e+00	4.778605001399001580e-03
1.383333333333333304e+00	3.090436552437526158e-02
1.399999999999999911e+00	-1.048363759279423088e-02
1.416666666666666741e+00	-3.557433711099618201e-02
1.433333333333333348e+00	-2.052254580354905336e-02
1.450000000000000178e+00	1.695839761171409610e-02
1.466666666666666563e+00	3.775468645371015015e-03
1.483333333333333393e+00	2.949024085161090075e-02
1.500000000000000000e+00	5.544835311725831994e-02
1.516666666666666607e+00	-8.068239954336005326e-02
1.533333333333333437e+00	-2.692137299560705497e-03
1.550000000000000044e+00	-3.878819767884095909e-02
1.566666666666666874e+00	-5.895993045877616356e-03
1.583333333333333259e+00	2.385867287039751192e-02
1.599999999999999867e+00	1.301772502964460010e-01
1.616666666666666696e+00	9.992767873280232471e-03
1.633333333333333304e+00	-3.370529410067647780e-02
1.650000000000000133e+00	1.415723520540860224e-03
1.666666666666666741e+00	-2.184427807684693502e-03
1.683333333333333348e+00	5.101271227134685643e-02
1.699999999999999956e+00	3.597091399155459557e-02
1.716666666666666563e+00	6.327677221851270295e-02
1.733333333333333393e+00	8.818287477651624157e-03
1.750000000000000000e+00	6.702133362628896751e-02
1.766666666666666829e+00	-1.131689515266618394e-02
1.783333333333333437e+00	-2.693739945568585439e-02
1.800000000000000044e+00	3.500171554991467898e-02
1.816666666666666652e+00	-1.408904729137532702e-02
1.833333333333333259e+00	3.302227955021418138e-02
1.850000000000000089e+00	-3.056733917546031187e-02
1.866666666666666696e+00	-2.893741137861987906e-03
1.883333333333333526e+00	5.825189976921374413e-02
1.899999999999999911e+00	-1.643287528211324899e-02
1.916666666666666741e+00	1.276273144692943382e-02
1.933333333333333126e+00	5.503003715462679787e-03
1.949999999999999956e+00	8.573143142790701221e-03
1.966666666666666785e+00	4.217604704642206881e-02
1.983333333333333615e+00	-1.222604729162639174e-02
2.000000000000000000e+00	7.018859197236020087e-02
2.016666666666666607e+00	-5.879071246025559250e-02
2.033333333333333659e+00	-3.030395429660657364e-02
2.049999999999999822e+00	-4.830227227586510186e-02
2.066666666666666430e+00	6.865529311561387182e-02
2.083333333333333481e+00	8.116717784805048408e-02
2.100000000000000089e+00	3.280550455766832740e-02
2.116666666666666696e+00	-7.205717050363151521e-02
2.133333333333333304e+00	-2.143671428017017433e-02
2.150000000000000355e+00	2.866734764028021701e-02
2.166666666666666519e+00	4.734977226837908115e-02
2.183333333333333126e+00	-2.621320807301888434e-02
2.200000000000000178e+00	-3.906144471982736510e-02
2.216666666666666785e+00	-2.082227113712917417e-03
2.233333333333333393e+00	-7.407672491038454210e-02
2.250000000000000000e+00	-6.052990262217156081e-02
2.266666666666667052e+00	1.607954991592941765e-02
2.283333333333333215e+00	-8.645058909191095931e-02
2.299999999999999822e+00	-6.064214664868270745e-03
2.316666666666666874e+00	5.771554256546573836e-03
2.333333333333333481e+00	5.362568089980034730e-02
2.350000000000000089e+00	5.003000506619856291e-02
2.366666666666666696e+00	1.506538957038554456e-02
2.383333333333333304e+00	2.756504162236180552e-03
2.399999999999999911e+00	2.740268116466375997e-02
2.416666666666666519e+00	-2.126045977967896267e-02
2.433333333333333570e+00	2.729986783430403408e-02
2.450000000000000178e+00	3.071692769475629567e-02
2.466666666666666785e+00	-7.370072395748455789e-03
2.483333333333333393e+00	-3.943347886361374399e-02
2.500000000000000000e+00	-5.426172121345154697e-02
2.516666666666666607e+00	-8.678697101892236809e-03
2.533333333333333215e+00	5.747419611539635043e-03
2.550000000000000266e+00	4.937336042618932497e-02
2.566666666666666430e+00	5.659894460214211914e-02
2.583333333333333481e+00	-1.273752556989095168e-02
2.600000000000000089e+00	2.157180105790339891e-02
2.616666666666666696e+00	-8.662574277486014343e-03
2.633333333333333304e+00	1.726864918793280870e-02
2.649999999999999911e+00	1.836179108344648467e-02
2.666666666666666963e+00	-3.455963110553011280e-02
2.683333333333333126e+00	-5.507203823061361525e-02
2.700000000000000178e+00	2.436467898974978633e-02
2.716666666666666785e+00	-2.659253549326667104e-02
2.733333333333333393e+00	1.696759616589208278e-02
2.750000000000000000e+00	1.591756213503651290e-02
2.766666666666666607e+00	1.194245626587086759e-02
2.783333333333333659e+00	-6.552435636884224729e-03
2.799999999999999822e+00	4.870299311211402638e-02
2.816666666666666874e+00	-1.959853406396376563e-02
2.833333333333333481e+00	3.390594274490864313e-03
2.850000000000000089e+00	4.142545480487427184e-02
2.866666666666666696e+00	5.416674319143439248e-02
2.883333333333333304e+00	6.560962927905714115e-02
2.900000000000000355e+00	2.565523567880049344e-02
2.916666666666666519e+00	1.700759913844507309e-01
2.933333333333333126e+00	3.205444064682258509e-02
2.950000000000000178e+00	7.697114926624255837e-02
2.966666666666666785e+00	1.404183772761780358e-01
2.983333333333333393e+00	1.899558109249712690e-01
3.000000000000000000e+00	1.046944292023488932e-01
3.016666666666667052e+00	9.635471429086497896e-02
3.033333333333333215e+00	1.266965408012815375e-01
3.049999999999999822e+00	1.106527838944417197e-01
3.066666666666666874e+00	1.620906891469538480e-01
3.083333333333333481e+00	1.530697671921872061e-01
3.100000000000000089e+00	1.675598285088639450e-01
3.116666666666666696e+00	1.574186795004075545e-01
3.133333333333333748e+00	8.381210311317466299e-02
3.149999999999999911e+00	1.469539504342050884e-01
3.166666666666666519e+00	1.490692298728270859e-01
3.183333333333333570e+00	7.201513483199432908e-02
3.199999999999999734e+00	1.169823583329741012e-01
3.216666666666666785e+00	1.846104817307155921e-01
3.233333333333333393e+00	6.938622988003297076e-02
3.250000000000000444e+00	4.360934612598341142e-02
3.266666666666666607e+00	8.264558828501145094e-02
3.283333333333333215e+00	6.988184091726085123e-02
3.300000000000000266e+00	4.067156646143724186e-02
3.316666666666666430e+00	7.566478294788830244e-03
3.333333333333333481e+00	-5.651139156875821523e-02
3.350000000000000089e+00	-7.201422863064890767e-02
3.366666666666666696e+00	-3.633021754599301267e-02
3.383333333333333304e+00	-7.941002834248098163e-02
3.399999999999999911e+00	-1.657914695910210345e-01
3.416666666666666963e+00	-2.268605827371861783e-01
3.433333333333333126e+00	-2.074362502678553655e-01
3.450000000000000178e+00	-2.350763342894656993e-01
3.466666666666666785e+00	-3.495752192031525429e-01
3.483333333333333393e+00	-3.577283170206909668e-01
3.500000000000000000e+00	-4.268156666514028030e-01
3.516666666666666607e+00	-4.147584900430573152e-01
3.533333333333333659e+00	-4.288209751729126218e-01
3.549999999999999822e+00	-4.221405979488810356e-01
3.566666666666666874e+00	-4.878218408005612905e-01
3.583333333333333481e+00	-5.029316188124741682e-01
3.600000000000000089e+00	-4.778403419070031966e-01
3.616666666666666696e+00	-5.421429305997097492e-01
3.633333333333333304e+00	-5.565332303455673424e-01
3.650000000000000355e+00	-5.853577724820432371e-01
3.666666666666666519e+00	-6.197670948081219766e-01
3.683333333333333570e+00	-5.764809067323225511e-01
3.700000000000000178e+00	-6.798367212442206764e-01
3.716666666666666785e+00	-6.187244730539490645e-01
3.733333333333333393e+00	-5.681959020407536531e-01
3.750000000000000000e+00	-6.024157246811453481e-01
3.766666666666667052e+00	-6.515877262035972839e-01
3.783333333333333215e+00	-6.242537226719777621e-01
3.799999999999999822e+00	-5.607415198411849211e-01
3.816666666666666874e+00	-4.930828642213578861e-01
3.833333333333333481e+00	-5.468748101670479755e-01
3.850000000000000533e+00	-4.386415193874692586e-01
3.866666666666666252e+00	-4.001684124071543391e-01
3.883333333333333304e+00	-4.711544888589382363e-01
3.899999999999999911e+00	-4.002178527083645188e-01
3.916666666666666519e+00	-3.105576442247174884e-01
3.933333333333333570e+00	-2.845516505064095147e-01
3.950000000000000178e+00	-1.833299318111177578e-01
3.966666666666667229e+00	-1.531503980034093493e-01
3.983333333333332948e+00	-7.737479706472528973e-02
4.000000000000000000e+00	-9.783510737829395620e-02
4.016666666666666607e+00	-7.407080015002828755e-02
4.033333333333333215e+00	2.126854624034110394e-02
4.049999999999999822e+00	3.305582394514742367e-02
4.066666666666667318e+00	1.256044596436485250e-01
4.083333333333333925e+00	1.502209137796325089e-01
4.099999999999999645e+00	2.591830831730618789e-01
4.116666666666666252e+00	2.719099848436906108e-01
4.133333333333332860e+00	3.022920957695441890e-01
4.150000000000000355e+00	3.719067865291497132e-01
4.166666666666666963e+00	3.612249268753487397e-01
4.183333333333333570e+00	4.767876697520807561e-01
4.200000000000000178e+00	4.920375663663637544e-01
4.216666666666666785e+00	4.638535339165633653e-01
4.233333333333333393e+00	5.600805482830271131e-01
4.250000000000000000e+00	5.993041822997695611e-01
4.266666666666666607e+00	5.673054053870421054e-01
4.283333333333333215e+00	6.040126318779854842e-01
4.300000000000000711e+00	6.206946942637114883e-01
4.316666666666667318e+00	6.004398711079796946e-01
4.333333333333333037e+00	6.357206973181642740e-01
4.349999999999999645e+00	7.181284340227070961e-01
4.366666666666666252e+00	6.778839251886906725e-01
4.383333333333333748e+00	7.203333644517633250e-01
4.400000000000000355e+00	6.499375689221342789e-01
4.416666666666666963e+00	7.771933436760666281e-01
4.433333333333333570e+00	6.810623387259976402e-01
4.450000000000000178e+00	6.703333245941560659e-01
4.466666666666666785e+00	6.986776193344114150e-01
4.483333333333333393e+00	7.026577311299636586e-01
4.500000000000000000e+00	5.867854988343486067e-01
4.516666666666666607e+00	5.729936156682886583e-01
4.533333333333334103e+00	4.679014000028915432e-01
4.550000000000000711e+00	4.624110875026897771e-01
4.566666666666666430e+00	4.881021550312449331e-01
4.583333333333333037e+00	4.683961807914812092e-01
4.599999999999999645e+00	4.180861669130095382e-01
4.616666666666667140e+00	3.760751230224306796e-01
4.633333333333333748e+00	2.980924512226738599e-01
4.650000000000000355e+00	3.150865560458661618e-01
4.666666666666666963e+00	2.691710267634714882e-01
4.683333333333332682e+00	1.979661202590672076e-01
4.700000000000000178e+00	1.613600318995920269e-01
4.716666666666666785e+00	5.983717749596939584e-03
4.733333333333333393e+00	4.506359796246275917e-02
4.750000000000000000e+00	-5.786026361145751862e-02
4.766666666666666607e+00	-8.819258229944265670e-02
4.783333333333334103e+00	-1.259803999560064058e-01
4.799999999999999822e+00	-2.039281425085142374e-01
4.816666666666666430e+00	-2.723848155553564854e-01
4.833333333333333037e+00	-2.480365433743217385e-01
4.850000000000000533e+00	-3.685226157599632568e-01
4.866666666666667140e+00	-3.339469268826430470e-01
4.883333333333333748e+00	-4.020612594141331209e-01
4.900000000000000355e+00	-4.791317451082335865e-01
4.916666666666666075e+00	-4.739666572225689212e-01
4.933333333333333570e+00	-4.638120341110975042e-01
4.950000000000000178e+00	-5.747944078245273980e-01
4.966666666666666785e+00	-6.075269968482870375e-01
4.983333333333333393e+00	-5.553887132046340103e-01
5.000000000000000000e+00	-6.305653477020181086e-01
5.016666666666666607e+00	-6.680809866038844858e-01
5.033333333333333215e+00	-6.797802573769111678e-01
5.049999999999999822e+00	-7.209228199236441537e-01
5.066666666666666430e+00	-6.379439002989309992e-01
5.083333333333333925e+00	-7.292415227569553071e-01
5.100000000000000533e+00	-7.024250334379400496e-01
5.116666666666667140e+00	-7.235498787835150658e-01
5.133333333333332860e+00	-6.942153152101382396e-01
5.149999999999999467e+00	-6.471838234909090826e-01
5.166666666666666963e+00	-6.498535172849728703e-01
5.183333333333333570e+00	-6.719746793606582447e-01
5.200000000000000178e+00	-6.005621616399756668e-01
5.216666666666666785e+00	-5.726273565339767835e-01
5.233333333333333393e+00	-5.787922271969078158e-01
5.250000000000000000e+00	-4.945399177428888016e-01
5.266666666666666607e+00	-5.750732488424027400e-01
5.283333333333333215e+00	-4.784222978927763492e-01
5.299999999999999822e+00	-3.833518869694313991e-01
5.316666666666666430e+00	-3.612222754058331819e-01
5.333333333333333925e+00	-3.719231708791543300e-01
5.350000000000000533e+00	-3.327136723991168665e-01
5.366666666666666252e+00	-2.904746282831980331e-01
5.383333333333332860e+00	-2.590335090255109218e-01
5.400000000000000355e+00	-1.714946821939057342e-01
5.416666666666666963e+00	-2.051437209188350652e-01
5.433333333333333570e+00	-4.145626580924287319e-02
5.450000000000000178e+00	7.089652948996692100e-03
5.466666666666666785e+00	-5.495119266495106930e-03
5.483333333333333393e+00	1.342550386380489402e-01
5.500000000000000000e+00	8.603013420303919079e-02
5.516666666666666607e+00	1.540533460538790755e-01
5.533333333333333215e+00	2.252647750046913311e-01
5.549999999999999822e+00	2.844276519859419428e-01
5.566666666666667318e+00	3.189411247119683934e-01
5.583333333333333925e+00	4.182568843034464301e-01
5.599999999999999645e+00	4.083900433072220060e-01
5.616666666666666252e+00	4.862083108674425946e-01
5.633333333333333748e+00	4.872170570531934586e-01
5.650000000000000355e+00	5.005900810146171054e-01
5.666666666666666963e+00	5.502412389276157834e-01
5.683333333333333570e+00	5.293610426984214357e-01
5.700000000000000178e+00	5.843176464790731384e-01
5.716666666666666785e+00	6.760132168515170514e-01
5.733333333333333393e+00	6.213743700198963715e-01
5.750000000000000000e+00	6.533901133328268163e-01
5.766666666666666607e+00	6.892377997950694946e-01
5.783333333333333215e+00	6.769265974919862483e-01
5.800000000000000711e+00	7.031195623776267389e-01
5.816666666666667318e+00	6.444039066195396126e-01
5.833333333333333037e+00	6.993323705204648189e-01
5.849999999999999645e+00	6.496878005892761099e-01
5.866666666666666252e+00	6.211550214852330498e-01
5.883333333333333748e+00	6.645021169847931120e-01
5.900000000000000355e+00	6.693424607647494584e-01
5.916666666666666963e+00	6.453808957249703715e-01
5.933333333333333570e+00	6.519268770914816713e-01
5.950000000000000178e+00	6.365699997804539212e-01
5.966666666666666785e+00	5.110131236201180815e-01
5.983333333333333393e+00	5.297326505873923841e-01
6.000000000000000000e+00	4.213159014823034121e-01
6.016666666666666607e+00	4.586412738040763215e-01
6.033333333333334103e+00	3.734187897824686186e-01
6.050000000000000711e+00	3.758543393436878932e-01
6.066666666666666430e+00	3.298289267374481248e-01
6.083333333333333037e+00	2.212578847408360472e-01
6.099999999999999645e+00	2.128214974944145077e-01
6.116666666666667140e+00	1.785286732289525224e-01
6.133333333333333748e+00	4.376393847303505780e-02
6.150000000000000355e+00	1.036141039578195866e-01
6.166666666666666963e+00	2.054408113270051600e-02
6.183333333333333570e+00	-1.082613069224569111e-02
6.200000000000000178e+00	-6.068402490270548288e-02
6.216666666666666785e+00	-1.442968837323405085e-01
6.233333333333333393e+00	-2.618475804894156433e-01
6.250000000000000000e+00	-3.138336438214257007e-01
6.266666666666667496e+00	-3.501839244853043320e-01
6.283333333333334103e+00	-3.220196872341032912e-01
6.299999999999999822e+00	-3.365752779367184866e-01
6.316666666666666430e+00	-4.570665946222633447e-01
6.333333333333333037e+00	-4.448527459048020605e-01
6.350000000000000533e+00	-4.744177013701511014e-01
6.366666666666667140e+00	-5.630327218364209463e-01
6.383333333333333748e+00	-5.713681122392917366e-01
6.399999999999999467e+00	-5.670502221279442034e-01
6.416666666666666075e+00	-5.736569760003743523e-01
6.433333333333333570e+00	-7.207311754793968017e-01
6.450000000000000178e+00	-6.524695267795707077e-01
6.466666666666666785e+00	-6.167544507612487958e-01
6.483333333333333393e+00	-7.018212906310422605e-01
6.500000000000000888e+00	-6.713364718443218804e-01
6.516666666666666607e+00	-7.759796010804810296e-01
6.533333333333333215e+00	-7.209960172929488209e-01
6.549999999999999822e+00	-6.926673288481035584e-01
6.566666666666666430e+00	-6.584527681174732194e-01
6.583333333333333925e+00	-6.868118828569611534e-01
6.600000000000000533e+00	-7.237826186713450793e-01
6.616666666666667140e+00	-5.797138466507028021e-01
6.633333333333332860e+00	-6.011821490714303051e-01
6.649999999999999467e+00	-6.101975172852005525e-01
6.666666666666666963e+00	-5.972418829630306014e-01
6.683333333333333570e+00	-5.070883566809928356e-01
6.700000000000000178e+00	-4.526449138997254429e-01
6.716666666666666785e+00	-5.030140133259828339e-01
6.733333333333333393e+00	-4.321393052422664582e-01
6.750000000000000000e+00	-3.623359641868754699e-01
6.766666666666666607e+00	-3.760211608012242190e-01
6.783333333333333215e+00	-2.637495413635178032e-01
6.799999999999999822e+00	-3.127496657274082548e-01
6.816666666666667318e+00	-1.944892850911800197e-01
6.833333333333333925e+00	-1.230470239757098516e-01
6.850000000000000533e+00	-1.211219671241416523e-01
6.866666666666666252e+00	-1.388088527989733145e-01
6.883333333333332860e+00	4.909893676138796931e-02
6.900000000000000355e+00	3.173916800706877428e-02
6.916666666666666963e+00	7.395096903880471473e-02
6.933333333333333570e+00	2.203148527244151444e-01
6.950000000000000178e+00	2.392141528554518060e-01
6.966666666666666785e+00	1.673419473824651615e-01
6.983333333333333393e+00	3.564064757207825451e-01
7.000000000000000000e+00	3.656234509693623846e-01
7.016666666666666607e+00	4.448384454115348330e-01
7.033333333333333215e+00	3.910935585216344101e-01
7.049999999999999822e+00	4.685660621003175375e-01
7.066666666666667318e+00	5.080169183779621456e-01
7.083333333333333925e+00	4.810663557981781913e-01
7.099999999999999645e+00	4.964678486586038275e-01
7.116666666666666252e+00	5.893801834995144873e-01
7.133333333333333748e+00	6.219930864153772054e-01
7.150000000000000355e+00	6.348850661232432468e-01
7.166666666666666963e+00	6.362308188229749417e-01
7.183333333333333570e+00	7.393259641434843932e-01
7.200000000000000178e+00	7.401050770104868892e-01
7.216666666666666785e+00	7.448282529889316272e-01
7.233333333333333393e+00	7.473980965021495004e-01
7.250000000000000000e+00	7.338857094317400298e-01
7.266666666666666607e+00	7.623033519053847851e-01
7.283333333333333215e+00	7.305330737202049285e-01
7.300000000000000711e+00	6.809843291383398389e-01
7.316666666666667318e+00	6.072937594843814679e-01
7.333333333333333037e+00	5.843960936872955036e-01
7.349999999999999645e+00	6.520230271796663146e-01
7.366666666666667140e+00	6.040473610939390836e-01
7.383333333333333748e+00	5.567661094087186235e-01
7.400000000000000355e+00	4.908881110727641994e-01
7.416666666666666963e+00	4.818985638197318400e-01
7.433333333333333570e+00	4.250703426994106859e-01
7.450000000000000178e+00	4.328870125063348784e-01
7.466666666666666785e+00	3.718286784458975647e-01
7.483333333333333393e+00	3.145624389323544157e-01
7.500000000000000000e+00	2.729078208438739939e-01
7.516666666666666607e+00	2.483891083624805429e-01
7.533333333333334103e+00	2.814772657861668859e-01
7.550000000000000711e+00	2.137943202797132902e-01
7.566666666666666430e+00	1.471380810426084207e-01
7.583333333333333037e+00	2.745589093624586918e-02
7.599999999999999645e+00	-4.126658091333894069e-04
7.616666666666667140e+00	-1.430129648724306757e-01
7.633333333333333748e+00	-1.225126559308314378e-01
7.649999999999999467e+00	-1.271986521153297134e-01
7.666666666666666963e+00	-1.745892462452080518e-01
7.683333333333333570e+00	-2.535384908635818224e-01
7.700000000000001066e+00	-3.137729589637441308e-01
7.716666666666666785e+00	-3.319734719402879786e-01
7.733333333333332504e+00	-4.328808520651217240e-01
7.750000000000000000e+00	-4.627325757996987865e-01
7.766666666666666607e+00	-4.421821973830914465e-01
7.783333333333334103e+00	-5.389549710588705800e-01
7.799999999999999822e+00	-4.957673077923677174e-01
7.816666666666667318e+00	-5.879213750997580590e-01
7.833333333333333037e+00	-6.599671399785533854e-01
7.849999999999999645e+00	-6.157231027058324146e-01
7.866666666666667140e+00	-6.092431416607613226e-01
7.883333333333332860e+00	-7.210577758693879069e-01
7.900000000000000355e+00	-6.592142255239004101e-01
7.916666666666666963e+00	-6.943912747374096917e-01
7.933333333333334458e+00	-7.065038167900042909e-01
7.950000000000000178e+00	-7.368107450043963613e-01
7.966666666666665897e+00	-6.907491067276670949e-01
7.983333333333333393e+00	-7.311538565075162976e-01
8.000000000000000000e+00	-6.817304463235708267e-01
8.016666666666667496e+00	-6.393541548417126519e-01
8.033333333333333215e+00	-6.905443900187406836e-01
8.050000000000000711e+00	-6.748187654876661723e-01
8.066666666666666430e+00	-6.086057692110212747e-01
8.083333333333332149e+00	-6.528712933685671960e-01
8.099999999999999645e+00	-5.426761665086061726e-01
8.116666666666667140e+00	-5.082198246351496973e-01
8.133333333333334636e+00	-5.403241951460174830e-01
8.150000000000000355e+00	-4.391142725377116252e-01
8.166666666666667851e+00	-4.181252946316126873e-01
8.183333333333333570e+00	-3.397003546745979707e-01
8.199999999999999289e+00	-3.878200262089426253e-01
8.216666666666666785e+00	-2.856027760248703307e-01
8.233333333333332504e+00	-2.293121507079184107e-01
8.250000000000000000e+00	-2.031776407936097262e-01
8.266666666666665719e+00	-1.477440612934539654e-01
8.283333333333334991e+00	-1.730638467141640824e-01
8.300000000000000711e+00	-1.670617502701835302e-02
8.316666666666666430e+00	5.601514350032887370e-03
8.333333333333333925e+00	1.009723991538665211e-01
8.349999999999999645e+00	1.138940478686859964e-01
8.366666666666667140e+00	5.419465586856450634e-02
8.383333333333332860e+00	1.617967225876139059e-01
8.400000000000000355e+00	2.633915405495443340e-01
8.416666666666666075e+00	3.187209829678669948e-01
8.433333333333333570e+00	3.600738410239251452e-01
8.450000000000001066e+00	3.868141675094534104e-01
8.466666666666666785e+00	4.105761410449336735e-01
8.483333333333334281e+00	3.822598114442883332e-01
8.500000000000000000e+00	4.882757847381635208e-01
8.516666666666667496e+00	5.151559191818032568e-01
8.533333333333333215e+00	5.292468835719609244e-01
8.549999999999998934e+00	5.790102045995607627e-01
8.566666666666666430e+00	4.941503158253439110e-01
8.583333333333332149e+00	6.015783936965574119e-01
8.600000000000001421e+00	6.317039693147936674e-01
8.616666666666667140e+00	5.770939592124365580e-01
8.633333333333334636e+00	6.463157270530197618e-01
8.650000000000000355e+00	5.910304827270435046e-01
8.666666666666666075e+00	6.081902156541802995e-01
8.683333333333333570e+00	5.681481521862054018e-01
8.699999999999999289e+00	5.398003775625559442e-01
8.716666666666666785e+00	6.072924462214353003e-01
8.733333333333332504e+00	5.152015361794328729e-01
8.750000000000001776e+00	4.760428230484484713e-01
8.766666666666667496e+00	4.781643148567542578e-01
8.783333333333333215e+00	4.639383720098121389e-01
8.800000000000000711e+00	4.388744649688151589e-01
8.816666666666666430e+00	3.434621450183217850e-01
8.833333333333333925e+00	3.302570417453275509e-01
8.849999999999999645e+00	4.102031659346594417e-01
8.866666666666667140e+00	2.758504222875663436e-01
8.883333333333332860e+00	3.311677519116333901e-01
8.900000000000000355e+00	2.269849936236797150e-01
8.916666666666667851e+00	2.296605536078399901e-01
8.933333333333333570e+00	1.105483840263575823e-01
8.950000000000001066e+00	1.297199145787904517e-01
8.966666666666666785e+00	6.927154868413673561e-02
8.983333333333334281e+00	7.147965935081779243e-02
9.000000000000000000e+00	1.185278862869842131e-01
9.016666666666665719e+00	7.078259371199832617e-02
9.033333333333333215e+00	2.260318093579760136e-03
9.049999999999998934e+00	-8.309027581797429063e-02
9.066666666666668206e+00	-3.470666339378839643e-02
9.083333333333333925e+00	-6.934253721684285887e-02
9.100000000000001421e+00	-7.643419481180005470e-02
9.116666666666667140e+00	-7.786744148628667317e-02
9.133333333333332860e+00	-1.075569906480973725e-01
9.150000000000000355e+00	-1.036536355701653811e-01
9.166666666666666075e+00	-1.324348892329047234e-01
9.183333333333333570e+00	-1.335246940359716694e-01
9.199999999999999289e+00	-1.356444334086018555e-01
9.216666666666666785e+00	-2.043004281052492321e-01
9.233333333333334281e+00	-1.656383163165173755e-01
9.250000000000000000e+00	-2.344408249979825498e-01
9.266666666666667496e+00	-1.195128179829619691e-01
9.283333333333333215e+00	-1.412720672216005446e-01
9.300000000000000711e+00	-1.257455613561862251e-01
9.316666666666666430e+00	-1.419828274549307656e-01
9.333333333333333925e+00	-1.940971482368542000e-01
9.349999999999999645e+00	-1.326943214969154849e-01
9.366666666666665364e+00	-5.903436471456977724e-02
9.383333333333334636e+00	-1.057991003403342123e-01
9.400000000000000355e+00	-5.787389272829875780e-02
9.416666666666667851e+00	-1.004542254740911217e-01
9.433333333333333570e+00	-2.654365580146902243e-02
9.450000000000001066e+00	-1.171827187591217845e-01
9.466666666666666785e+00	-5.999389426697433747e-02
9.483333333333332504e+00	6.807034573260997701e-02
9.500000000000000000e+00	-1.117115917934438651e-01
9.516666666666665719e+00	-3.730268769424700814e-02
9.533333333333333215e+00	-3.988686379416506167e-02
9.550000000000000711e+00	-1.119407087749029091e-02
9.566666666666668206e+00	-4.779235990201104178e-02
9.583333333333333925e+00	-4.537225481244666625e-02
9.599999999999999645e+00	-2.891480847094938557e-03
9.616666666666667140e+00	-6.726915878992166531e-02
9.633333333333332860e+00	2.352818849357062383e-02
9.650000000000000355e+00	1.048147747253751379e-02
9.666666666666666075e+00	6.539037386022926446e-03
9.683333333333333570e+00	5.102591973698301225e-02
9.700000000000001066e+00	6.250522308791756597e-03
9.716666666666666785e+00	2.373965873800087251e-02
9.733333333333334281e+00	4.594215620511116899e-02
9.750000000000000000e+00	-4.611778501216053094e-02
9.766666666666667496e+00	5.272996430420365255e-02
9.783333333333333215e+00	-3.589527985899637619e-02
9.800000000000000711e+00	-1.893033851140477758e-02
9.816666666666666430e+00	-4.886716003554056505e-03
9.833333333333332149e+00	6.563794144182680257e-02
9.850000000000001421e+00	-1.094630868768343632e-02
9.866666666666667140e+00	-2.756533777821843986e-02
9.883333333333334636e+00	-1.153882891951570414e-02
9.900000000000000355e+00	3.438532795783322965e-02
9.916666666666667851e+00	-3.911544524729939493e-02
9.933333333333333570e+00	-4.745904005619398618e-03
9.949999999999999289e+00	1.667776298006209620e-02
9.966666666666666785e+00	-4.275414212429996808e-02
9.983333333333332504e+00	-6.263097944130847916e-02
1.000000000000000000e+01	2.204657643531495511e-03
1.001666666666666750e+01	6.697067436955917753e-03
1.003333333333333321e+01	1.204012493351675449e-02
1.005000000000000071e+01	2.131723602565675779e-02
1.006666666666666643e+01	1.611284033553431541e-02
1.008333333333333393e+01	1.464488864971664854e-02
1.009999999999999964e+01	-8.068593942781327605e-03
1.011666666666666714e+01	2.779491882564554331e-02
1.013333333333333286e+01	3.671714740793009368e-03
1.014999999999999858e+01	-5.764943022530841232e-02
1.016666666666666785e+01	2.982741453421339228e-02
1.018333333333333357e+01	-9.287548540431110611e-02
1.020000000000000107e+01	-9.776146649389762982e-05
1.021666666666666679e+01	-2.054948669496068150e-02
1.023333333333333428e+01	2.697131200595131659e-02
1.025000000000000000e+01	-5.968698369445289004e-02
1.026666666666666572e+01	4.549560053202981319e-02
1.028333333333333321e+01	1.751761476284299790e-02
1.029999999999999893e+01	5.080993629209491075e-02
1.031666666666666643e+01	-9.499188582219529955e-03
1.033333333333333393e+01	9.756027368296745330e-04
1.035000000000000142e+01	-8.456357395347733350e-04
1.036666666666666714e+01	-4.867220745371753261e-03
1.038333333333333286e+01	3.404685858734315257e-02
1.040000000000000036e+01	-1.305479513898846929e-02
1.041666666666666607e+01	-6.556604890974607192e-02
1.043333333333333357e+01	4.394564053279985567e-03
1.044999999999999929e+01	-2.833331686615689002e-02
1.046666666666666679e+01	-2.344557427924509607e-02
1.048333333333333428e+01	1.808117758941189812e-02
1.050000000000000000e+01	-3.380265733406165318e-02
1.051666666666666750e+01	-6.791334669371770251e-03
1.053333333333333321e+01	-2.392704308619714865e-02
1.055000000000000071e+01	-6.951938027562229797e-03
1.056666666666666643e+01	7.074634212358116292e-02
1.058333333333333393e+01	-5.944807458280990282e-03
1.059999999999999964e+01	-3.828451125958275830e-02
1.061666666666666536e+01	5.506466398570127041e-02
1.063333333333333286e+01	-3.861796172403223620e-02
1.065000000000000036e+01	1.221722159930257040e-01
1.066666666666666785e+01	2.979201734114199362e-02
1.068333333333333357e+01	2.551436466461546454e-02
1.070000000000000107e+01	-1.940241431540957670e-02
1.071666666666666679e+01	2.316537429102458190e-02
1.073333333333333250e+01	2.418272949826466220e-02
1.075000000000000000e+01	4.463692957439115150e-02
1.076666666666666572e+01	3.416031671182064022e-02
1.078333333333333321e+01	-4.804707097308619917e-02
1.080000000000000071e+01	-4.425025965429803254e-02
1.081666666666666821e+01	2.238221272948771878e-02
1.083333333333333393e+01	-8.385608659772282938e-03
1.084999999999999964e+01	1.965317160733673005e-02
1.086666666666666714e+01	4.924169795135953116e-04
1.088333333333333286e+01	3.859585567566687497e-02
1.090000000000000036e+01	2.668084147118110830e-02
1.091666666666666607e+01	-7.381512545162756400e-02
1.093333333333333357e+01	8.534193641956656917e-03
1.095000000000000107e+01	5.577913478154930896e-03
1.096666666666666679e+01	-3.072775140409395381e-02
1.098333333333333428e+01	-3.828438184775652398e-02
1.100000000000000000e+01	1.252315918605249184e-02
1.101666666666666750e+01	6.979643503571214894e-03
1.103333333333333321e+01	4.174266319434493874e-03
1.105000000000000071e+01	3.396440254533977798e-02
1.106666666666666643e+01	2.364862671617135037e-02
1.108333333333333215e+01	3.009346118250876955e-03
1.109999999999999964e+01	-4.880916273885499423e-02
1.111666666666666714e+01	-5.931963704339213855e-02
1.113333333333333464e+01	-1.791211937614412691e-02
1.115000000000000036e+01	1.375615497352250917e-03
1.116666666666666785e+01	-4.772007128774100743e-02
1.118333333333333357e+01	3.933467569245566176e-02
1.119999999999999929e+01	3.167636531821874102e-02
1.121666666666666679e+01	5.699063251810600195e-02
1.123333333333333250e+01	-2.629387887831542182e-03
1.125000000000000000e+01	8.191420096314426524e-03
1.126666666666666750e+01	1.198024515832931194e-02
1.128333333333333499e+01	3.207918527811108589e-02
1.130000000000000071e+01	1.635835915447335712e-02
1.131666666666666643e+01	3.576661994327307720e-02
1.133333333333333393e+01	2.006889251888782644e-02
1.134999999999999964e+01	2.069634915595951804e-03
1.136666666666666714e+01	-4.165190460243833881e-02
1.138333333333333286e+01	2.661305109087944501e-02
1.140000000000000036e+01	-4.237389197185155443e-02
1.141666666666666607e+01	-5.096316166712049067e-02
1.143333333333333357e+01	2.073941408130086650e-02
1.145000000000000107e+01	-8.007904564334407047e-03
1.146666666666666679e+01	3.210677461110791886e-02
1.148333333333333428e+01	-4.829992687528165962e-02
1.150000000000000000e+01	-2.069738772613043815e-02
1.151666666666666750e+01	-3.491205785298015507e-02
1.153333333333333321e+01	1.827349115423353154e-02
1.154999999999999893e+01	-3.996999939982531086e-02
1.156666666666666643e+01	-2.956159490119214181e-03
1.158333333333333393e+01	3.686828383661868835e-03
1.160000000000000142e+01	-3.921379974767195270e-02
1.161666666666666714e+01	-2.889918544741413436e-02
1.163333333333333464e+01	6.717166290721702897e-03
1.165000000000000036e+01	4.000723430034060224e-02
1.166666666666666607e+01	1.905003448334679703e-02
1.168333333333333357e+01	1.924347480870522778e-02
1.169999999999999929e+01	-3.456661289933841280e-02
1.171666666666666679e+01	6.722599205047745385e-02
1.173333333333333250e+01	1.762518638786003677e-02
1.175000000000000178e+01	-1.038491527455204406e-02
1.176666666666666750e+01	7.634726855324373840e-02
1.178333333333333321e+01	-2.540837063213180827e-02
1.180000000000000071e+01	-2.399229607494075822e-02
1.181666666666666643e+01	9.828410653563192378e-03
1.183333333333333393e+01	5.718184584780534874e-02
1.184999999999999964e+01	2.766046401721038162e-02
1.186666666666666714e+01	9.199482291787874910e-02
1.188333333333333286e+01	-5.491661524823832075e-02
1.190000000000000036e+01	1.682272554556023605e-02
1.191666666666666785e+01	-1.237375850102029155e-02
1.193333333333333357e+01	-1.854791233934766775e-02
1.195000000000000107e+01	6.902828276445513792e-03
1.196666666666666679e+01	1.735503389978394415e-02
1.198333333333333428e+01	-4.268605225403224873e-02
1.200000000000000000e+01	-2.708009299587966698e-02
1.201666666666666572e+01	-8.105872120455171956e-03
1.203333333333333321e+01	1.346076746364361244e-03
1.205000000000000071e+01	2.873960886054842748e-02
1.206666666666666821e+01	-4.304120549013966401e-02
1.208333333333333393e+01	4.979442838068326264e-03
1.210000000000000142e+01	3.535770099502503171e-03
1.211666666666666714e+01	-2.404837801216666224e-02
1.213333333333333286e+01	6.892923804019911171e-02
1.215000000000000036e+01	-1.467482502081569537e-02
1.216666666666666607e+01	-2.358808367219391786e-02
1.218333333333333357e+01	-3.632041006470202588e-02
1.219999999999999929e+01	-4.507539752199075933e-02
1.221666666666666856e+01	-5.780197769110852202e-02
1.223333333333333428e+01	-1.385051793017702711e-02
1.225000000000000000e+01	3.856532972735903647e-02
1.226666666666666750e+01	-3.624002006957992295e-02
1.228333333333333321e+01	-1.907535072450467981e-02
1.230000000000000071e+01	-2.114799478088940938e-03
1.231666666666666643e+01	4.468489033129668941e-02
1.233333333333333393e+01	6.108781578207740648e-02
1.234999999999999964e+01	2.368306115273515616e-02
1.236666666666666714e+01	4.316960037340980549e-02
1.238333333333333464e+01	-4.779997454227198628e-02
1.240000000000000036e+01	-4.626831024809180404e-02
1.241666666666666785e+01	4.535458786656214152e-03
1.243333333333333357e+01	-3.042318699222981010e-02
1.245000000000000107e+01	-3.545292616526640739e-02
1.246666666666666679e+01	2.592957525708713962e-02
1.248333333333333250e+01	2.563659459416583672e-02
1.250000000000000000e+01	-1.931918066736932477e-02
1.251666666666666572e+01	-1.945239388339761039e-02
1.253333333333333499e+01	4.691229731002282896e-03
1.255000000000000071e+01	2.194668584830472211e-02
1.256666666666666821e+01	-3.271851905042369446e-02
1.258333333333333393e+01	7.529133756676017336e-03
1.259999999999999964e+01	-8.703610837680281209e-02
1.261666666666666714e+01	6.871755702096468688e-02
1.263333333333333286e+01	-3.807093457253354213e-02
1.265000000000000036e+01	-2.725212435396202199e-02
1.266666666666666607e+01	-1.972069508109000613e-02
1.268333333333333357e+01	4.639848412841555275e-02
1.270000000000000107e+01	5.006611836579798885e-02
1.271666666666666679e+01	-2.777183391864093340e-02
1.273333333333333428e+01	-4.378162261371552205e-02
1.275000000000000000e+01	-1.382047562971687633e-02
1.276666666666666750e+01	-6.766448800459805291e-02
1.278333333333333321e+01	-3.436073576986136552e-02
1.279999999999999893e+01	-5.512935493249482288e-02
1.281666666666666643e+01	3.168625911720069493e-02
1.283333333333333215e+01	3.445870682119399342e-02
1.285000000000000142e+01	-1.938046781591314105e-02
1.286666666666666714e+01	-1.046344133503150642e-01
1.288333333333333464e+01	-2.461586888413962605e-03
1.290000000000000036e+01	-5.021135786823776453e-02
1.291666666666666607e+01	3.303755420245405028e-02
1.293333333333333357e+01	1.743332330613952749e-02
1.294999999999999929e+01	-1.830062168838062636e-02
1.296666666666666679e+01	6.801508965211837399e-02
1.298333333333333250e+01	1.630802182335303746e-02
1.300000000000000178e+01	2.260373264132274520e-04
1.301666666666666750e+01	-5.764120438573726996e-02
1.303333333333333321e+01	1.356195150613883835e-02
1.305000000000000071e+01	1.502776768790964161e-02
1.306666666666666643e+01	-4.238706418041279789e-02
1.308333333333333393e+01	-2.528549355204378116e-04
1.309999999999999964e+01	3.280677033361216466e-02
1.311666666666666714e+01	-2.683032292446070610e-02
1.313333333333333286e+01	6.110757008011399871e-02
1.314999999999999858e+01	2.285846088769276710e-02
1.316666666666666785e+01	-4.682711978744137638e-02
1.318333333333333357e+01	9.824879244608668294e-03
1.320000000000000107e+01	-3.339964198522249461e-02
1.321666666666666679e+01	1.109512241865873855e-02
1.323333333333333428e+01	1.910831957196772526e-02
1.325000000000000000e+01	-2.311172492121525181e-03
1.326666666666666572e+01	-1.230092886775910332e-02
1.328333333333333321e+01	5.562904474577177322e-02
1.329999999999999893e+01	7.722779760394321222e-03
1.331666666666666821e+01	2.848297514617674497e-03
1.333333333333333393e+01	-2.362488067648002565e-02
1.335000000000000142e+01	3.942306384670195979e-02
1.336666666666666714e+01	2.359031824497560131e-02
1.338333333333333286e+01	2.301149508392054399e-02
1.340000000000000036e+01	-5.150047117960056958e-02
1.341666666666666607e+01	8.598213387800991703e-02
1.343333333333333357e+01	2.682257825309214416e-02
1.344999999999999929e+01	8.383440486836391328e-03
1.346666666666666679e+01	-2.075077457825324004e-02
1.348333333333333428e+01	1.567305629744882370e-02
1.350000000000000000e+01	-5.509114191771330438e-03
1.351666666666666750e+01	2.338337526709510089e-02
1.353333333333333321e+01	8.653712809922445987e-03
1.355000000000000071e+01	-3.235782308262218077e-02
1.356666666666666643e+01	-6.939870808856372399e-03
1.358333333333333393e+01	1.982800826928104304e-02
1.359999999999999964e+01	-3.562478391168816955e-02
1.361666666666666536e+01	1.449307802348524278e-02
1.363333333333333464e+01	7.299695359332485090e-02
1.365000000000000036e+01	1.959346698784273505e-02
1.366666666666666785e+01	-4.498865905881308663e-02
1.368333333333333357e+01	2.676323452035632433e-02
1.370000000000000107e+01	-1.797607548297454685e-02
1.371666666666666679e+01	1.580442423725741258e-02
1.373333333333333250e+01	4.682125735617129886e-02
1.375000000000000000e+01	5.885187578815877923e-02
1.376666666666666572e+01	4.343423723497370770e-02
1.378333333333333321e+01	-2.924361438061091889e-02
1.380000000000000071e+01	2.320866788729166255e-02
1.381666666666666821e+01	9.403536365726875013e-02
1.383333333333333393e+01	2.084201882127189806e-02
1.384999999999999964e+01	-1.595016731881568339e-02
1.386666666666666714e+01	2.067934467898163090e-04
1.388333333333333286e+01	5.531560095358311474e-02
1.390000000000000036e+01	8.062508411108195577e-03
1.391666666666666607e+01	-7.395987811508672460e-02
1.393333333333333357e+01	2.897559413065063302e-02
1.395000000000000107e+01	-1.111945793217305328e-02
1.396666666666666679e+01	1.352250587000023985e-01
1.398333333333333428e+01	-4.113325005267232104e-02
1.400000000000000000e+01	-2.463674128691039841e-02
1.401666666666666750e+01	-2.295360443987327220e-02
1.403333333333333321e+01	7.083692548651085441e-03
1.405000000000000071e+01	4.853152808941266216e-02
1.406666666666666643e+01	3.626400556895133243e-02
1.408333333333333215e+01	-7.622109175811962734e-02
1.409999999999999964e+01	6.409623206744321025e-03
1.411666666666666714e+01	-2.326061596680090854e-02
1.413333333333333464e+01	4.711618396824060473e-02
1.415000000000000036e+01	-3.324394091362186526e-02
1.416666666666666785e+01	4.624480454685176573e-02
1.418333333333333357e+01	-5.791465680488536161e-02
1.419999999999999929e+01	-7.489947755594545536e-03
1.421666666666666679e+01	-1.750723094411875749e-02
1.423333333333333250e+01	-9.121196625772322666e-03
1.425000000000000000e+01	2.322061946235846538e-02
1.426666666666666750e+01	2.480375718905517002e-02
1.428333333333333499e+01	-1.781796297247367072e-02
1.430000000000000071e+01	-1.691744840426596258e-02
1.431666666666666643e+01	-4.023360731201330864e-02
1.433333333333333393e+01	-4.355758780793825280e-02
1.434999999999999964e+01	5.530546959144284902e-02
1.436666666666666714e+01	-8.405427245453066243e-02
1.438333333333333286e+01	-4.263970054972229112e-02
1.440000000000000036e+01	3.338694281073349701e-02
1.441666666666666785e+01	5.125509787265603717e-02
1.443333333333333357e+01	3.814799112361346150e-03
1.445000000000000107e+01	2.750207348282992029e-02
1.446666666666666679e+01	-6.510324884797255574e-02
1.448333333333333428e+01	-7.194927426840909412e-02
1.450000000000000000e+01	2.586366925214441531e-02
1.451666666666666750e+01	-1.816920804976162804e-02
1.453333333333333321e+01	-7.030138367776369267e-03
1.454999999999999893e+01	-1.584643021668885945e-02
1.456666666666666643e+01	6.693965403768047107e-02
1.458333333333333393e+01	-6.358204453771256794e-03
1.460000000000000142e+01	2.651902593006462763e-02
1.461666666666666714e+01	-1.525725003059372892e-02
1.463333333333333464e+01	1.661359910443653554e-02
1.465000000000000036e+01	-7.586083149697399330e-02
1.466666666666666607e+01	1.789074275264254318e-02
1.468333333333333357e+01	5.325972501424204586e-02
1.469999999999999929e+01	-4.810896359012339918e-02
1.471666666666666679e+01	-7.078052655083352795e-02
1.473333333333333428e+01	-1.958581778774655738e-02
1.475000000000000178e+01	-2.861652242298109647e-02
1.476666666666666750e+01	1.185547398692886681e-02
1.478333333333333321e+01	-3.460200235219403064e-02
1.480000000000000071e+01	9.732580580880296778e-04
1.481666666666666643e+01	5.855253995343708689e-02
1.483333333333333393e+01	3.521194959691956866e-02
1.484999999999999964e+01	-4.506058547723117147e-02
1.486666666666666714e+01	2.206475115212013643e-02
1.488333333333333286e+01	-7.853326597039926929e-03
1.490000000000000036e+01	1.368303367340563056e-02
1.491666666666666785e+01	3.417591502250175856e-02
1.493333333333333357e+01	-1.827370120723107241e-02
1.495000000000000107e+01	-4.818412746359980979e-03
1.496666666666666679e+01	-1.785675727700697032e-02
1.498333333333333428e+01	-4.649618066639114172e-02
1.500000000000000000e+01	-1.385177521573312427e-02
1.501666666666666572e+01	4.422515462946809833e-02
1.503333333333333321e+01	-4.133782587815753445e-02
1.505000000000000071e+01	4.323137786385967268e-02
1.506666666666666821e+01	2.712618375202103388e-02
1.508333333333333393e+01	4.812255982149570704e-02
1.510000000000000142e+01	2.279879863346023772e-02
1.511666666666666714e+01	-4.438997573486106601e-02
1.513333333333333286e+01	-8.044920647213306061e-03
1.515000000000000036e+01	4.460998083066280290e-02
1.516666666666666607e+01	2.137762618809039769e-02
1.518333333333333357e+01	-5.964893749408856777e-03
1.519999999999999929e+01	8.202237143077470427e-02
1.521666666666666856e+01	1.177512837854290985e-02
1.523333333333333428e+01	-2.970536255905306330e-02
1.525000000000000000e+01	2.182819690795916381e-02
1.526666666666666750e+01	1.989363473561357731e-02
1.528333333333333321e+01	1.933816349087868341e-02
1.529999999999999893e+01	1.124008436973577586e-02
1.531666666666666821e+01	8.694159746066394343e-03
1.533333333333333393e+01	-1.551753379144847622e-02
1.534999999999999964e+01	-2.297578836047437303e-02
1.536666666666666714e+01	9.655360236689171718e-03
1.538333333333333286e+01	7.924697919470019558e-02
1.540000000000000213e+01	-5.472811577338901334e-02
1.541666666666666785e+01	1.777357677027806976e-02
1.543333333333333357e+01	-5.033624866806403128e-03
1.544999999999999929e+01	-1.354954938676276865e-02
1.546666666666666501e+01	-4.458118923084253629e-03
1.548333333333333428e+01	-1.959877327142304712e-02
1.550000000000000000e+01	-3.136521385472063527e-04
1.551666666666666750e+01	2.836088775152209931e-02
1.553333333333333321e+01	2.655465220376837521e-02
1.555000000000000249e+01	-1.470884143660768388e-03
1.556666666666666821e+01	4.733651583073979902e-02
1.558333333333333393e+01	-3.199074386759683669e-02
1.559999999999999964e+01	1.503959059195346393e-02
1.561666666666666536e+01	3.111863695110850259e-02
1.563333333333333464e+01	-1.605571294457273229e-02
1.565000000000000036e+01	1.112876178577968805e-01
1.566666666666666607e+01	3.019572624667458960e-02
1.568333333333333357e+01	-2.970664707984219458e-02
1.569999999999999929e+01	-1.746782145470091377e-02
1.571666666666666856e+01	1.966214264257860889e-02
1.573333333333333428e+01	-5.270941455938803893e-02
1.575000000000000000e+01	-2.031668095604329330e-02
1.576666666666666572e+01	-4.113436171672123914e-02
1.578333333333333499e+01	4.174967745156277742e-03
1.580000000000000071e+01	-3.478272722625622843e-02
1.581666666666666643e+01	-7.426516490536459736e-03
1.583333333333333393e+01	9.219899556584601474e-02
1.584999999999999964e+01	-3.002953865772846342e-02
1.586666666666666892e+01	-1.401380816687590458e-02
1.588333333333333464e+01	5.415855050039353191e-02
1.590000000000000036e+01	-7.987843878410409715e-02
1.591666666666666607e+01	6.596497208647368604e-02
1.593333333333333179e+01	1.461295283449250658e-02
1.595000000000000107e+01	-5.106704214188811236e-02
1.596666666666666679e+01	2.252348515640254650e-02
1.598333333333333250e+01	9.019383938016482805e-03
1.600000000000000000e+01	-2.512465752604848765e-02
1.601666666666666927e+01	-8.655076838550906926e-03
1.603333333333333499e+01	5.128653703501939026e-02
1.605000000000000071e+01	7.592384138390261689e-03
1.606666666666666643e+01	-2.030677960826910919e-02
1.608333333333333215e+01	-7.004304235188003880e-03
1.610000000000000142e+01	-3.367569357154667764e-02
1.611666666666666714e+01	4.659414581045798892e-02
1.613333333333333286e+01	-4.042474970101631038e-02
1.614999999999999858e+01	-4.814380251850855497e-02
1.616666666666666430e+01	-4.789620672594870066e-02
1.618333333333333357e+01	3.639416066129791405e-02
1.619999999999999929e+01	-3.021465175874153003e-03
1.621666666666666501e+01	-9.629812655254103848e-02
1.623333333333333428e+01	-1.454442870784134617e-02
1.625000000000000355e+01	-1.169528676718437597e-02
1.626666666666666927e+01	1.980539144390111583e-02
1.628333333333333499e+01	-8.707879846576437044e-02
1.630000000000000071e+01	2.454913618522744714e-02
1.631666666666666643e+01	1.490593391601965825e-03
1.633333333333333570e+01	3.541955533838779882e-03
1.635000000000000142e+01	-1.064650344670275278e-02
1.636666666666666714e+01	2.502193666493635754e-02
1.638333333333333286e+01	1.249091376280004294e-02
1.639999999999999858e+01	-4.220863113202901092e-03
1.641666666666666785e+01	-1.902735359329645742e-02
1.643333333333333357e+01	1.891817535298486591e-02
1.644999999999999929e+01	7.081725345270022121e-02
1.646666666666666501e+01	2.881355958121607774e-02
1.648333333333333428e+01	4.930823995045716113e-02
1.650000000000000000e+01	2.852030223284311022e-02
1.651666666666666572e+01	2.878859136174523672e-02
1.653333333333333144e+01	-3.090252410163078344e-03
1.655000000000000071e+01	1.539960301523482858e-02
1.656666666666666998e+01	7.544107351072604217e-02
1.658333333333333570e+01	4.894721956311463146e-02
1.660000000000000142e+01	2.571564698905492302e-02
1.661666666666666714e+01	1.735534837852455506e-02
1.663333333333333286e+01	3.492693561731099842e-03
1.665000000000000213e+01	5.875171556946014693e-03
1.666666666666666785e+01	-8.668036865889461318e-02
1.668333333333333357e+01	1.131390616588713073e-02
1.669999999999999929e+01	4.951173574020400342e-02
1.671666666666666856e+01	1.011575866896422693e-04
1.673333333333333428e+01	1.624148385343811068e-03
1.675000000000000000e+01	-6.087809821957555073e-02
1.676666666666666572e+01	2.753630539780236447e-02
1.678333333333333144e+01	6.896350622310275236e-02
1.680000000000000071e+01	-3.376168767077238758e-02
1.681666666666666643e+01	2.255081453947553258e-02
1.683333333333333215e+01	9.512554239712363302e-02
1.684999999999999787e+01	-6.205107065260527521e-02
1.686666666666666714e+01	-4.043816546726768796e-02
1.688333333333333641e+01	1.526695291525328319e-02
1.690000000000000213e+01	-2.913841917158480760e-02
1.691666666666666785e+01	-2.385660239900404614e-02
1.693333333333333357e+01	-6.123307876353997758e-02
1.695000000000000284e+01	2.298429810635241495e-03
1.696666666666666856e+01	5.263491565127327576e-02
1.698333333333333428e+01	-1.427306826747129498e-02
1.700000000000000000e+01	1.201656769557458114e-02
1.701666666666666572e+01	-6.548557235437120309e-03
1.703333333333333499e+01	2.413663517845852924e-02
1.705000000000000071e+01	2.455638622832318971e-02
1.706666666666666643e+01	5.933084469225400476e-02
1.708333333333333215e+01	1.546990717630183573e-02
1.709999999999999787e+01	-3.877089735588525737e-02
1.711666666666666714e+01	2.084719911854806748e-02
1.713333333333333286e+01	-5.641265876912043148e-02
1.714999999999999858e+01	-1.088223161590888598e-03
1.716666666666666430e+01	-3.566661999394304255e-02
1.718333333333333357e+01	-2.989022041006384085e-03
1.720000000000000284e+01	4.323511927265600435e-02
1.721666666666666856e+01	-1.366254135725484577e-02
1.723333333333333428e+01	1.338695575059504345e-02
1.725000000000000000e+01	-4.089266492517586865e-02
1.726666666666666927e+01	3.838179144379520041e-02
1.728333333333333499e+01	6.645787815730404453e-03
1.730000000000000071e+01	4.386579268840353450e-03
1.731666666666666643e+01	-5.904329231469434593e-03
1.733333333333333215e+01	7.669035434860070090e-03
1.735000000000000142e+01	-4.960088917514485218e-02
1.736666666666666714e+01	-3.247586357801864748e-02
1.738333333333333286e+01	1.527388728871321467e-02
1.739999999999999858e+01	6.258977466098045173e-02
1.741666666666666430e+01	8.757662611814528986e-02
1.743333333333333357e+01	2.712891004972592737e-02
1.744999999999999929e+01	-5.511504014707971355e-02
1.746666666666666501e+01	1.206044999128266272e-02
1.748333333333333428e+01	2.385243289962071800e-02
1.750000000000000355e+01	-4.025730807413058763e-04
1.751666666666666927e+01	3.705695797100725525e-02
1.753333333333333499e+01	-3.568567427174139384e-02
1.755000000000000071e+01	2.447897460058190075e-02
1.756666666666666643e+01	-4.714480838225601489e-02
1.758333333333333570e+01	7.863007121687663400e-03
1.760000000000000142e+01	2.543484567077748670e-02
1.761666666666666714e+01	-5.086896433884581514e-03
1.763333333333333286e+01	-1.136177613207902358e-02
1.764999999999999858e+01	-2.032822548249489311e-02
1.766666666666666785e+01	-2.473597184813669525e-02
1.768333333333333357e+01	-2.754737741556422675e-02
1.769999999999999929e+01	-1.735569116966098266e-02
1.771666666666666501e+01	-1.727005723715614380e-02
1.773333333333333428e+01	3.687024333259471959e-02
1.775000000000000000e+01	3.348837515066289267e-02
1.776666666666666572e+01	-2.079739926380764353e-02
1.778333333333333144e+01	7.665511214784259675e-02
1.780000000000000071e+01	-7.581126879363367377e-02
1.781666666666666998e+01	2.059340738272538371e-02
1.783333333333333570e+01	4.679696189938915146e-02
1.785000000000000142e+01	-4.796977774589238769e-02
1.786666666666666714e+01	1.193513597759191316e-02
1.788333333333333286e+01	5.472481587618419768e-02
1.790000000000000213e+01	2.695984551898157264e-02
1.791666666666666785e+01	6.838578531406680483e-03
1.793333333333333357e+01	-2.686678788825771352e-02
1.794999999999999929e+01	-2.973675709874863335e-02
1.796666666666666856e+01	-3.795089446526021815e-02
1.798333333333333428e+01	-5.021659990438380461e-02
1.800000000000000000e+01	-6.760413207997646723e-02
1.801666666666666572e+01	-4.379681892372060126e-02
1.803333333333333144e+01	-2.494839308977615105e-02
1.805000000000000071e+01	-4.030899521137584762e-02
1.806666666666666643e+01	1.002485059243277826e-02
1.808333333333333215e+01	6.595201972951552846e-03
1.809999999999999787e+01	3.243117857120011299e-02
1.811666666666666714e+01	6.823842488511044219e-03
1.813333333333333641e+01	2.839012289330991590e-02
1.815000000000000213e+01	4.342805221759918517e-03
1.816666666666666785e+01	-1.115582378699493497e-02
1.818333333333333357e+01	-6.584777740101852017e-02
1.820000000000000284e+01	3.204470083857531657e-03
1.821666666666666856e+01	-1.478088507789850764e-02
1.823333333333333428e+01	4.054646191869793609e-02
1.825000000000000000e+01	-2.603413892820616998e-02
1.826666666666666572e+01	-4.438536557121090798e-02
1.828333333333333499e+01	-4.558428991728490781e-03
1.830000000000000071e+01	4.201157870536643968e-02
1.831666666666666643e+01	5.540787533189353575e-02
1.833333333333333215e+01	4.018241618096538709e-02
1.834999999999999787e+01	-5.077393731389593518e-02
1.836666666666666714e+01	-4.180288899474599029e-02
1.838333333333333286e+01	7.385056367349758510e-02
1.839999999999999858e+01	1.069799566180835472e-02
1.841666666666666430e+01	5.550103975393864963e-02
1.843333333333333357e+01	6.411849165050165222e-02
1.845000000000000284e+01	-5.057929145958599271e-02
1.846666666666666856e+01	8.454695151200610978e-03
1.848333333333333428e+01	-8.049889530228382384e-02
1.850000000000000000e+01	2.606883171742784347e-02
1.851666666666666927e+01	-6.674552734235389417e-02
1.853333333333333499e+01	7.959205677186470540e-03
1.855000000000000071e+01	-5.673585069389675689e-02
1.856666666666666643e+01	3.123075184634549473e-02
1.858333333333333215e+01	4.285162942478865089e-02
1.860000000000000142e+01	-2.557451847153663360e-02
1.861666666666666714e+01	1.477057231967888323e-02
1.863333333333333286e+01	1.004267719866264869e-01
1.864999999999999858e+01	6.370383317131250722e-02
1.866666666666666785e+01	-5.403361556955939976e-02
1.868333333333333357e+01	3.936530099033337671e-02
1.869999999999999929e+01	-9.564044561570233735e-03
1.871666666666666501e+01	-1.424253644523508847e-02
1.873333333333333073e+01	1.272424964047283794e-02
1.875000000000000000e+01	2.229469206838675249e-02
1.876666666666666927e+01	-4.992389356046584431e-02
1.878333333333333499e+01	6.027982881815076993e-02
1.880000000000000071e+01	7.529590303567915144e-02
1.881666666666666643e+01	-1.663767164759269099e-02
1.883333333333333570e+01	-3.861718738415392815e-02
1.885000000000000142e+01	5.613979788945655178e-03
1.886666666666666714e+01	3.728648058225624007e-02
1.888333333333333286e+01	8.930563419771053724e-02
1.890000000000000213e+01	-5.042054099238459791e-02
1.891666666666666785e+01	-1.680742598714807592e-02
1.893333333333333357e+01	-7.116548184074193706e-02
1.894999999999999929e+01	-4.646685797588921002e-02
1.896666666666666501e+01	-6.874185476613788037e-02
1.898333333333333428e+01	5.901511380826170855e-02
1.900000000000000000e+01	-2.329710492905665703e-02
1.901666666666666572e+01	-4.347963332839151901e-02
1.903333333333333144e+01	-9.700693185164269150e-03
1.904999999999999716e+01	-4.465833887177923095e-02
1.906666666666666643e+01	-6.616586093289625325e-02
1.908333333333333570e+01	-3.699152029020320170e-02
1.910000000000000142e+01	1.460108947633481993e-02
1.911666666666666714e+01	3.767721849040539528e-02
1.913333333333333641e+01	-5.808500949107122530e-02
1.915000000000000213e+01	6.027510344483003046e-02
1.916666666666666785e+01	9.056690115090899537e-03
1.918333333333333357e+01	-3.242653876364069709e-02
1.919999999999999929e+01	3.110338846146887964e-02
1.921666666666666856e+01	8.476235388415496314e-03
1.923333333333333428e+01	-8.221416793238854603e-02
1.925000000000000000e+01	-2.328551035950727349e-02
1.926666666666666572e+01	-2.061081646563554803e-02
1.928333333333333144e+01	-2.726774749458910768e-02
1.930000000000000071e+01	-1.901679042695563274e-02
1.931666666666666643e+01	-2.356262204348091513e-02
1.933333333333333215e+01	4.104149653518417151e-02
1.934999999999999787e+01	-1.562636260959210724e-02
1.936666666666666714e+01	-1.788509196789763583e-02
1.938333333333333641e+01	9.383441406372618199e-02
1.940000000000000213e+01	9.703658988702209068e-03
1.941666666666666785e+01	-9.412829356370346068e-02
