Time_us	Excitation
0.000000000000000000e+00	0.000000000000000000e+00
1.666666666666666644e-02	2.465932141040925912e-05
3.333333333333333287e-02	1.966785419047304968e-04
4.999999999999999584e-02	6.604466192136552571e-04
6.666666666666666574e-02	1.554453463704292540e-03
8.333333333333334259e-02	3.008446947346277069e-03
9.999999999999999167e-02	5.140716202792488566e-03
1.166666666666666685e-01	8.055540748189260469e-03
1.333333333333333315e-01	1.184084281921005816e-02
1.499999999999999944e-01	1.656607764793491602e-02
1.666666666666666852e-01	2.228039333151220214e-02
1.833333333333333204e-01	2.901108842066465673e-02
1.999999999999999833e-01	3.676239147287198999e-02
2.166666666666666741e-01	4.551458260599567512e-02
2.333333333333333370e-01	5.522347260779034844e-02
2.500000000000000000e-01	6.582025046121388334e-02
2.666666666666666630e-01	7.721170529347083644e-02
2.833333333333333814e-01	8.928082380910851157e-02
2.999999999999999889e-01	1.018877592863265125e-01
3.166666666666666519e-01	1.148711632635426583e-01
3.333333333333333703e-01	1.280498661825595907e-01
3.499999999999999778e-01	1.412248885466992898e-01
3.666666666666666408e-01	1.541817596565988047e-01
3.833333333333333592e-01	1.666931167600289865e-01
3.999999999999999667e-01	1.785215535489479421e-01
4.166666666666666852e-01	1.894226834069870358e-01
4.333333333333333481e-01	1.991483796991616317e-01
4.500000000000000111e-01	2.074501527431858450e-01
4.666666666666666741e-01	2.140826209432066807e-01
4.833333333333332815e-01	2.188070319308619838e-01
5.000000000000000000e-01	2.213947884678111599e-01
5.166666666666666075e-01	2.216309333340829024e-01
5.333333333333333259e-01	2.193175474666972380e-01
5.500000000000000444e-01	2.142770162250478005e-01
5.666666666666667629e-01	2.063551198384242502e-01
5.833333333333333703e-01	1.954239058248352090e-01
5.999999999999999778e-01	1.813843034401100840e-01
6.166666666666666963e-01	1.641684429966809300e-01
6.333333333333333037e-01	1.437416461506796084e-01
6.500000000000000222e-01	1.201040569563399524e-01
6.666666666666667407e-01	9.329188758492015787e-02
6.833333333333333481e-01	6.337825705328305192e-02
6.999999999999999556e-01	3.047360605224707503e-02
7.166666666666666741e-01	-5.274324049520012596e-03
7.333333333333332815e-01	-4.368095478346881860e-02
7.500000000000000000e-01	-8.452577821229409483e-02
7.666666666666667185e-01	-1.275537047436473281e-01
7.833333333333334370e-01	-1.724768419226671290e-01
7.999999999999999334e-01	-2.189766897395231116e-01
8.166666666666666519e-01	-2.667067328651272495e-01
8.333333333333333703e-01	-3.152954053045124438e-01
8.499999999999999778e-01	-3.643493982932579645e-01
8.666666666666666963e-01	-4.134572779150004762e-01
8.833333333333334147e-01	-4.621933749410858661e-01
9.000000000000000222e-01	-5.101219058361081693e-01
9.166666666666666297e-01	-5.568012807798446984e-01
9.333333333333333481e-01	-6.017885519659000870e-01
9.499999999999999556e-01	-6.446439533833083768e-01
9.666666666666665630e-01	-6.849354817960756625e-01
9.833333333333333925e-01	-7.222434677273328330e-01
1.000000000000000000e+00	-7.561650849424893517e-01
1.016666666666666829e+00	-7.863187472156840663e-01
1.033333333333333215e+00	-8.123483420547550349e-01
1.050000000000000044e+00	-8.339272525437175787e-01
1.066666666666666652e+00	-8.507621205229259909e-01
1.083333333333333259e+00	-8.625963069435138575e-01
1.100000000000000089e+00	-8.692130083754158187e-01
1.116666666666666696e+00	-8.704379922820415505e-01
1.133333333333333526e+00	-8.661419177583912221e-01
1.149999999999999911e+00	-8.562422129164675155e-01
1.166666666666666741e+00	-8.407044849408249476e-01
1.183333333333333348e+00	-8.195434439722931730e-01
1.199999999999999956e+00	-7.928233273499674105e-01
1.216666666666666785e+00	-7.606578162882206007e-01
1.233333333333333393e+00	-7.232094427223981770e-01
1.250000000000000000e+00	-6.806884897580974814e-01
1.266666666666666607e+00	-6.333513948381289671e-01
1.283333333333333215e+00	-5.814986703320642603e-01
1.300000000000000044e+00	-5.254723616904013461e-01
1.316666666666666652e+00	-4.656530685251797363e-01
1.333333333333333481e+00	-4.024565589202157567e-01
1.350000000000000089e+00	-3.363300118792015292e-01
1.366666666666666696e+00	-2.677479270345541340e-01
1.383333333333333304e+00	-1.972077445148194552e-01
1.399999999999999911e+00	-1.252252211592268516e-01
1.416666666666666741e+00	-5.233595624294436893e-02
1.433333333333333348e+00	2.094241988335629814e-02
1.450000000000000178e+00	9.410831331851353398e-02
1.466666666666666563e+00	1.667687467161013959e-01
1.483333333333333393e+00	2.385334575785798827e-01
1.500000000000000000e+00	3.090169943749463410e-01
1.516666666666666607e+00	3.778407868184659457e-01
1.533333333333333437e+00	4.446351791849270096e-01
1.550000000000000044e+00	5.090414157503707626e-01
1.566666666666666874e+00	5.707135676844310446e-01
1.583333333333333259e+00	6.293203910498368359e-01
1.599999999999999867e+00	6.845471059286879489e-01
1.616666666666666696e+00	7.360970871197336507e-01
1.633333333333333304e+00	7.836934573258390602e-01
1.650000000000000133e+00	8.270805742745616085e-01
1.666666666666666741e+00	8.660254037844383745e-01
1.683333333333333348e+00	9.003187714021928523e-01
1.699999999999999956e+00	9.297764858882511252e-01
1.716666666666666563e+00	9.542403285162766036e-01
1.733333333333333393e+00	9.735789028731600681e-01
1.750000000000000000e+00	9.876883405951375483e-01
1.766666666666666829e+00	9.964928592495042592e-01
1.783333333333333437e+00	9.999451693655121431e-01
1.800000000000000044e+00	9.980267284282716700e-01
1.816666666666666652e+00	9.907478404714437081e-01
1.833333333333333259e+00	9.781476007338057999e-01
1.850000000000000089e+00	9.602936856769430651e-01
1.866666666666666696e+00	9.372819894918918981e-01
1.883333333333333526e+00	9.092361090470694185e-01
1.899999999999999911e+00	8.763066800438642501e-01
1.916666666666666741e+00	8.386705679454243834e-01
1.933333333333333126e+00	7.965299180241972588e-01
1.949999999999999956e+00	7.501110696304601477e-01
1.966666666666666785e+00	6.996633405133655392e-01
1.983333333333333615e+00	6.454576877239514010e-01
2.000000000000000000e+00	5.877852522924748024e-01
2.016666666666666607e+00	5.269557954966787028e-01
2.033333333333333659e+00	4.632960351198622262e-01
2.049999999999999822e+00	3.971478906347820637e-01
2.066666666666666430e+00	3.288666467385840120e-01
2.083333333333333481e+00	2.588190451025207950e-01
2.100000000000000089e+00	1.873813145857274320e-01
2.116666666666666696e+00	1.149371504928686782e-01
2.133333333333333304e+00	4.187565372920094148e-02
2.150000000000000355e+00	-3.141075907812775070e-02
2.166666666666666519e+00	-1.045284632676519304e-01
2.183333333333333126e+00	-1.770847403195825176e-01
2.200000000000000178e+00	-2.486898871648547671e-01
2.216666666666666785e+00	-3.189593092980673172e-01
2.233333333333333393e+00	-3.875155864521011018e-01
2.250000000000000000e+00	-4.539904997395456387e-01
2.266666666666667052e+00	-5.180270093731297321e-01
2.283333333333333215e+00	-5.792811723426776194e-01
2.299999999999999822e+00	-6.374239897486890793e-01
2.316666666666666874e+00	-6.921431738704068026e-01
2.333333333333333481e+00	-7.431448254773923567e-01
2.350000000000000089e+00	-7.901550123756891919e-01
2.366666666666666696e+00	-8.329212407100987647e-01
2.383333333333333304e+00	-8.712138111201891411e-01
2.399999999999999911e+00	-9.048270524660189107e-01
2.416666666666666519e+00	-9.335804264972015210e-01
2.433333333333333570e+00	-9.573194975320667988e-01
2.450000000000000178e+00	-9.759167619387467685e-01
2.466666666666666785e+00	-9.892723329629879991e-01
2.483333333333333393e+00	-9.973144772244579848e-01
2.500000000000000000e+00	-1.000000000000000000e+00
2.516666666666666607e+00	-9.973144772244582068e-01
2.533333333333333215e+00	-9.892723329629884432e-01
2.550000000000000266e+00	-9.759167619387477677e-01
2.566666666666666430e+00	-9.573194975320680200e-01
2.583333333333333481e+00	-9.335804264972024091e-01
2.600000000000000089e+00	-9.048270524660200209e-01
2.616666666666666696e+00	-8.712138111201904733e-01
2.633333333333333304e+00	-8.329212407101002080e-01
2.649999999999999911e+00	-7.901550123756907462e-01
2.666666666666666963e+00	-7.431448254773953543e-01
2.683333333333333126e+00	-6.921431738704086900e-01
2.700000000000000178e+00	-6.374239897486911888e-01
2.716666666666666785e+00	-5.792811723426797288e-01
2.733333333333333393e+00	-5.180270093731320635e-01
2.750000000000000000e+00	-4.539904997395480257e-01
2.766666666666666607e+00	-3.875155864521035443e-01
2.783333333333333659e+00	-3.189593092980714806e-01
2.799999999999999822e+00	-2.486898871648573206e-01
2.816666666666666874e+00	-1.770847403195850989e-01
2.833333333333333481e+00	-1.045284632676545394e-01
2.850000000000000089e+00	-3.141075907813038054e-02
2.866666666666666696e+00	4.187565372919831164e-02
2.883333333333333304e+00	1.149371504928660553e-01
2.900000000000000355e+00	1.873813145857231022e-01
2.916666666666666519e+00	2.588190451025182970e-01
2.933333333333333126e+00	3.288666467385815140e-01
2.950000000000000178e+00	3.971478906347796767e-01
2.966666666666666785e+00	4.632960351198599502e-01
2.983333333333333393e+00	5.269557954966764823e-01
3.000000000000000000e+00	5.877852522924712497e-01
3.016666666666667052e+00	6.454576877239494026e-01
3.033333333333333215e+00	6.996633405133636519e-01
3.049999999999999822e+00	7.501110696304583714e-01
3.066666666666666874e+00	7.965299180241957044e-01
3.083333333333333481e+00	8.386705679454229401e-01
3.100000000000000089e+00	8.763066800438630288e-01
3.116666666666666696e+00	9.092361090470676421e-01
3.133333333333333748e+00	9.372819894918910100e-01
3.149999999999999911e+00	9.602936856769423990e-01
3.166666666666666519e+00	9.781476007338052447e-01
3.183333333333333570e+00	9.907478404714434861e-01
3.199999999999999734e+00	9.980267284282714479e-01
3.216666666666666785e+00	9.999451693655121431e-01
3.233333333333333393e+00	9.964928592495044812e-01
3.250000000000000444e+00	9.876883405951382144e-01
3.266666666666666607e+00	9.735789028731608452e-01
3.283333333333333215e+00	9.542403285162773807e-01
3.300000000000000266e+00	9.297764858882517913e-01
3.316666666666666430e+00	9.003187714021942956e-01
3.333333333333333481e+00	8.660254037844392627e-01
3.350000000000000089e+00	8.270805742745630518e-01
3.366666666666666696e+00	7.836934573258417247e-01
3.383333333333333304e+00	7.360970871197359822e-01
3.399999999999999911e+00	6.845471059286898363e-01
3.416666666666666963e+00	6.293203910498381681e-01
3.433333333333333126e+00	5.707135676844332650e-01
3.450000000000000178e+00	5.090414157503737602e-01
3.466666666666666785e+00	4.446351791849293966e-01
3.483333333333333393e+00	3.778407868184700535e-01
3.500000000000000000e+00	3.090169943749496717e-01
3.516666666666666607e+00	2.385334575785824363e-01
3.533333333333333659e+00	1.667687467161031167e-01
3.549999999999999822e+00	9.410831331851615689e-02
3.566666666666666874e+00	2.094241988335981963e-02
3.583333333333333481e+00	-5.233595624294173909e-02
3.600000000000000089e+00	-1.253332335643011775e-01
3.616666666666666696e+00	-1.976573403791238581e-01
3.633333333333333304e+00	-2.689198206152642046e-01
3.650000000000000355e+00	-3.387379202452906468e-01
3.666666666666666519e+00	-4.067366430757985429e-01
3.683333333333333570e+00	-4.725507648690515095e-01
3.700000000000000178e+00	-5.358267949789964346e-01
3.716666666666666785e+00	-5.962248749656148261e-01
3.733333333333333393e+00	-6.534206039901037100e-01
3.750000000000000000e+00	-7.071067811865452413e-01
3.766666666666667052e+00	-7.569950556517536233e-01
3.783333333333333215e+00	-8.028174751911134610e-01
3.799999999999999822e+00	-8.443279255020136320e-01
3.816666666666666874e+00	-8.813034520649920545e-01
3.833333333333333481e+00	-9.135454576426004225e-01
3.850000000000000533e+00	-9.408807689542246777e-01
3.866666666666666252e+00	-9.631625667976573268e-01
3.883333333333333304e+00	-9.802711746217209754e-01
3.899999999999999911e+00	-9.921147013144776539e-01
3.916666666666666519e+00	-9.986295347545737222e-01
3.933333333333333570e+00	-9.997806834748454996e-01
3.950000000000000178e+00	-9.955619646030801073e-01
3.966666666666667229e+00	-9.859960370705053156e-01
3.983333333333332948e+00	-9.711342799096368550e-01
4.000000000000000000e+00	-9.510565162951548634e-01
4.016666666666666607e+00	-9.258705848099954006e-01
4.033333333333333215e+00	-8.957117602394140121e-01
4.049999999999999822e+00	-8.607420270039437549e-01
4.066666666666667318e+00	-8.211492091337047050e-01
4.083333333333333925e+00	-7.771459614569744545e-01
4.099999999999999645e+00	-7.289686274214136619e-01
4.116666666666666252e+00	-6.768759696826638361e-01
4.133333333333332860e+00	-6.211477802783116342e-01
4.150000000000000355e+00	-5.620833778521328039e-01
4.166666666666666963e+00	-5.000000000000001110e-01
4.183333333333333570e+00	-4.352310993723285115e-01
4.200000000000000178e+00	-3.681245526846832483e-01
4.216666666666666785e+00	-2.990407922560896492e-01
4.233333333333333393e+00	-2.283508701106597982e-01
4.250000000000000000e+00	-1.564344650402324788e-01
4.266666666666666607e+00	-8.367784333231810534e-02
4.283333333333333215e+00	-1.047178411624587711e-02
4.300000000000000711e+00	6.279051952931229141e-02
4.316666666666667318e+00	1.357155724342987979e-01
4.333333333333333037e+00	2.079116908177562895e-01
4.349999999999999645e+00	2.789911060392252784e-01
4.366666666666666252e+00	3.485720473218137383e-01
4.383333333333333748e+00	4.162807922603988242e-01
4.400000000000000355e+00	4.817536741017152679e-01
4.416666666666666963e+00	5.446390350150261961e-01
4.433333333333333570e+00	6.045991148623703904e-01
4.450000000000000178e+00	6.613118653236496058e-01
4.466666666666666785e+00	7.144726796328005891e-01
4.483333333333333393e+00	7.637960286346412442e-01
4.500000000000000000e+00	8.090169943749458970e-01
4.516666666666666607e+00	8.498926929868638735e-01
4.533333333333334103e+00	8.862035792312142890e-01
4.550000000000000711e+00	9.177546256839789196e-01
4.566666666666666430e+00	9.443763702374801117e-01
4.583333333333333037e+00	9.659258262890672020e-01
4.599999999999999645e+00	9.822872507286883881e-01
4.616666666666667140e+00	9.933727656003961126e-01
4.633333333333333748e+00	9.991228300988583833e-01
4.650000000000000355e+00	9.995065603657316000e-01
4.666666666666666963e+00	9.945218953682739560e-01
4.683333333333332682e+00	9.841956079692424364e-01
4.700000000000000178e+00	9.685831611286320753e-01
4.716666666666666785e+00	9.477684100095861153e-01
4.733333333333333393e+00	9.218631515885015171e-01
4.750000000000000000e+00	8.910065241883677878e-01
4.766666666666666607e+00	8.553642601605071505e-01
4.783333333333334103e+00	8.151277957285574249e-01
4.799999999999999822e+00	7.705132427757911406e-01
4.816666666666666430e+00	7.217602280983649310e-01
4.833333333333333037e+00	6.691306063588592368e-01
4.850000000000000533e+00	6.129070536529783730e-01
4.866666666666667140e+00	5.533915492433469918e-01
4.883333333333333748e+00	4.909037536151416026e-01
4.900000000000000355e+00	4.257792915650776000e-01
4.916666666666666075e+00	3.583679495453029884e-01
4.933333333333333570e+00	2.890317969444753388e-01
4.950000000000000178e+00	2.181432413965438966e-01
4.966666666666666785e+00	1.460830285624139802e-01
4.983333333333333393e+00	7.323819712763507406e-02
5.000000000000000000e+00	8.572527594031472204e-16
5.016666666666666607e+00	-7.323819712762628942e-02
5.033333333333333215e+00	-1.460830285624087621e-01
5.049999999999999822e+00	-2.181432413965387618e-01
5.066666666666666430e+00	-2.890317969444702872e-01
5.083333333333333925e+00	-3.583679495452980479e-01
5.100000000000000533e+00	-4.257792915650696064e-01
5.116666666666667140e+00	-4.909037536151401038e-01
5.133333333333332860e+00	-5.533915492433396643e-01
5.149999999999999467e+00	-6.129070536529742652e-01
5.166666666666666963e+00	-6.691306063588553510e-01
5.183333333333333570e+00	-7.217602280983612673e-01
5.200000000000000178e+00	-7.705132427757878100e-01
5.216666666666666785e+00	-8.151277957285523179e-01
5.233333333333333393e+00	-8.553642601605043749e-01
5.250000000000000000e+00	-8.910065241883654563e-01
5.266666666666666607e+00	-9.218631515884994077e-01
5.283333333333333215e+00	-9.477684100095844499e-01
5.299999999999999822e+00	-9.685831611286308540e-01
5.316666666666666430e+00	-9.841956079692415482e-01
5.333333333333333925e+00	-9.945218953682729568e-01
5.350000000000000533e+00	-9.995065603657313780e-01
5.366666666666666252e+00	-9.991228300988586053e-01
5.383333333333332860e+00	-9.933727656003967788e-01
5.400000000000000355e+00	-9.822872507286893873e-01
5.416666666666666963e+00	-9.659258262890686453e-01
5.433333333333333570e+00	-9.443763702374817770e-01
5.450000000000000178e+00	-9.177546256839824723e-01
5.466666666666666785e+00	-8.862035792312167315e-01
5.483333333333333393e+00	-8.498926929868666491e-01
5.500000000000000000e+00	-8.090169943749490056e-01
5.516666666666666607e+00	-7.637960286346445749e-01
5.533333333333333215e+00	-7.144726796328042528e-01
5.549999999999999822e+00	-6.613118653236534916e-01
5.566666666666667318e+00	-6.045991148623773848e-01
5.583333333333333925e+00	-5.446390350150306370e-01
5.599999999999999645e+00	-4.817536741017198754e-01
5.616666666666666252e+00	-4.162807922604035982e-01
5.633333333333333748e+00	-3.485720473218186788e-01
5.650000000000000355e+00	-2.789911060392303299e-01
5.666666666666666963e+00	-2.079116908177614520e-01
5.683333333333333570e+00	-1.357155724343075132e-01
5.700000000000000178e+00	-6.279051952931753722e-02
5.716666666666666785e+00	1.047178411624060876e-02
5.733333333333333393e+00	8.360572961711471018e-02
5.750000000000000000e+00	1.560786356620607052e-01
5.766666666666666607e+00	2.273557671159384119e-01
5.783333333333333215e+00	2.969150697359888569e-01
5.800000000000000711e+00	3.642507830304029248e-01
5.816666666666667318e+00	4.288781481423897812e-01
5.833333333333333037e+00	4.903378914738613648e-01
5.849999999999999645e+00	5.482004367154537094e-01
5.866666666666666252e+00	6.020698010401748235e-01
5.883333333333333748e+00	6.515871348082631354e-01
5.900000000000000355e+00	6.964338681784968399e-01
5.916666666666666963e+00	7.363344324789933282e-01
5.933333333333333570e+00	7.710585290058866725e-01
5.950000000000000178e+00	8.004229230347794655e-01
5.966666666666666785e+00	8.242927461876948803e-01
5.983333333333333393e+00	8.425822958344917346e-01
6.000000000000000000e+00	8.552553258577292317e-01
6.016666666666666607e+00	8.623248288077106638e-01
6.033333333333334103e+00	8.638523151534561739e-01
6.050000000000000711e+00	8.599466009295426705e-01
6.066666666666666430e+00	8.507621205229259909e-01
6.083333333333333037e+00	8.364967865751238296e-01
6.099999999999999645e+00	8.173894239326796596e-01
6.116666666666667140e+00	7.937168092057508284e-01
6.133333333333333748e+00	7.657903517375755920e-01
6.150000000000000355e+00	7.339524555982253062e-01
6.166666666666666963e+00	6.985726055509268173e-01
6.183333333333333570e+00	6.600432227610198987e-01
6.200000000000000178e+00	6.187753382948202319e-01
6.216666666666666785e+00	5.751941341634385640e-01
6.233333333333333393e+00	5.297344027870639627e-01
6.250000000000000000e+00	4.828359762772520547e-01
6.266666666666667496e+00	4.349391768546252979e-01
6.283333333333334103e+00	3.864803390402787309e-01
6.299999999999999822e+00	3.378874529918446945e-01
6.316666666666666430e+00	2.895759765166184274e-01
6.333333333333333037e+00	2.419448609090633917e-01
6.350000000000000533e+00	1.953728328586308016e-01
6.366666666666667140e+00	1.502149712933100734e-01
6.383333333333333748e+00	1.067996142066387905e-01
6.399999999999999467e+00	6.542562630882547969e-02
6.416666666666666075e+00	2.636005379814708796e-02
6.433333333333333570e+00	-1.016381227755491952e-02
6.450000000000000178e+00	-4.394794764792865627e-02
6.466666666666666785e+00	-7.483067022408762536e-02
6.483333333333333393e+00	-1.026872733748797339e-01
6.500000000000000888e+00	-1.274302165112522478e-01
6.516666666666666607e+00	-1.490088777236352191e-01
6.533333333333333215e+00	-1.674088784310917011e-01
6.549999999999999822e+00	-1.826509950572978158e-01
6.566666666666666430e+00	-1.947896775861853724e-01
6.583333333333333925e+00	-2.039111994123117277e-01
6.600000000000000533e+00	-2.101314671330254680e-01
6.616666666666667140e+00	-2.135935227818313853e-01
6.633333333333332860e+00	-2.144647744295085645e-01
6.649999999999999467e+00	-2.129339940418649713e-01
6.666666666666666963e+00	-2.092081239464281539e-01
6.683333333333333570e+00	-2.035089351968630278e-01
6.700000000000000178e+00	-1.960695825123867919e-01
6.716666666666666785e+00	-1.871311012949607167e-01
6.733333333333333393e+00	-1.769388924822795084e-01
6.750000000000000000e+00	-1.657392406785336836e-01
6.766666666666666607e+00	-1.537759101242063275e-01
6.783333333333333215e+00	-1.412868616337866201e-01
6.799999999999999822e+00	-1.285011316664224912e-01
6.816666666666667318e+00	-1.156359122254428107e-01
6.833333333333333925e+00	-1.028938673411740334e-01
6.850000000000000533e+00	-9.046071851567173694e-02
6.866666666666666252e+00	-7.850312774170882524e-02
6.883333333333332860e+00	-6.716690259970113652e-02
6.900000000000000355e+00	-5.657554353784393503e-02
6.916666666666666963e+00	-4.682914880831946097e-02
6.933333333333333570e+00	-3.800368772478222162e-02
6.950000000000000178e+00	-3.015064798417123326e-02
6.966666666666666785e+00	-2.329705782120116558e-02
6.983333333333333393e+00	-1.744587879934206623e-02
7.000000000000000000e+00	-1.257676014995398085e-02
7.016666666666666607e+00	-8.647140812954581465e-03
7.033333333333333215e+00	-5.593680767506824768e-03
7.049999999999999822e+00	-3.333998926916379932e-03
7.066666666666667318e+00	-1.768690862126224422e-03
7.083333333333333925e+00	-7.835959630550622329e-04
7.099999999999999645e+00	-2.522803921549820615e-04
7.116666666666666252e+00	-3.869937064481566459e-05
7.133333333333333748e+00	-0.000000000000000000e+00
7.150000000000000355e+00	0.000000000000000000e+00
7.166666666666666963e+00	0.000000000000000000e+00
7.183333333333333570e+00	0.000000000000000000e+00
7.200000000000000178e+00	0.000000000000000000e+00
7.216666666666666785e+00	0.000000000000000000e+00
7.233333333333333393e+00	0.000000000000000000e+00
7.250000000000000000e+00	0.000000000000000000e+00
7.266666666666666607e+00	0.000000000000000000e+00
7.283333333333333215e+00	0.000000000000000000e+00
7.300000000000000711e+00	0.000000000000000000e+00
7.316666666666667318e+00	0.000000000000000000e+00
7.333333333333333037e+00	0.000000000000000000e+00
7.349999999999999645e+00	0.000000000000000000e+00
7.366666666666667140e+00	0.000000000000000000e+00
7.383333333333333748e+00	0.000000000000000000e+00
7.400000000000000355e+00	0.000000000000000000e+00
7.416666666666666963e+00	0.000000000000000000e+00
7.433333333333333570e+00	0.000000000000000000e+00
7.450000000000000178e+00	0.000000000000000000e+00
7.466666666666666785e+00	0.000000000000000000e+00
7.483333333333333393e+00	0.000000000000000000e+00
7.500000000000000000e+00	0.000000000000000000e+00
7.516666666666666607e+00	0.000000000000000000e+00
7.533333333333334103e+00	0.000000000000000000e+00
7.550000000000000711e+00	0.000000000000000000e+00
7.566666666666666430e+00	0.000000000000000000e+00
7.583333333333333037e+00	0.000000000000000000e+00
7.599999999999999645e+00	0.000000000000000000e+00
7.616666666666667140e+00	0.000000000000000000e+00
7.633333333333333748e+00	0.000000000000000000e+00
7.649999999999999467e+00	0.000000000000000000e+00
7.666666666666666963e+00	0.000000000000000000e+00
7.683333333333333570e+00	0.000000000000000000e+00
7.700000000000001066e+00	0.000000000000000000e+00
7.716666666666666785e+00	0.000000000000000000e+00
7.733333333333332504e+00	0.000000000000000000e+00
7.750000000000000000e+00	0.000000000000000000e+00
7.766666666666666607e+00	0.000000000000000000e+00
7.783333333333334103e+00	0.000000000000000000e+00
7.799999999999999822e+00	0.000000000000000000e+00
7.816666666666667318e+00	0.000000000000000000e+00
7.833333333333333037e+00	0.000000000000000000e+00
7.849999999999999645e+00	0.000000000000000000e+00
7.866666666666667140e+00	0.000000000000000000e+00
7.883333333333332860e+00	0.000000000000000000e+00
7.900000000000000355e+00	0.000000000000000000e+00
7.916666666666666963e+00	0.000000000000000000e+00
7.933333333333334458e+00	0.000000000000000000e+00
7.950000000000000178e+00	0.000000000000000000e+00
7.966666666666665897e+00	0.000000000000000000e+00
7.983333333333333393e+00	0.000000000000000000e+00
8.000000000000000000e+00	0.000000000000000000e+00
8.016666666666667496e+00	0.000000000000000000e+00
8.033333333333333215e+00	0.000000000000000000e+00
8.050000000000000711e+00	0.000000000000000000e+00
8.066666666666666430e+00	0.000000000000000000e+00
8.083333333333332149e+00	0.000000000000000000e+00
8.099999999999999645e+00	0.000000000000000000e+00
8.116666666666667140e+00	0.000000000000000000e+00
8.133333333333334636e+00	0.000000000000000000e+00
8.150000000000000355e+00	0.000000000000000000e+00
8.166666666666667851e+00	0.000000000000000000e+00
8.183333333333333570e+00	0.000000000000000000e+00
8.199999999999999289e+00	0.000000000000000000e+00
8.216666666666666785e+00	0.000000000000000000e+00
8.233333333333332504e+00	0.000000000000000000e+00
8.250000000000000000e+00	0.000000000000000000e+00
8.266666666666665719e+00	0.000000000000000000e+00
8.283333333333334991e+00	0.000000000000000000e+00
8.300000000000000711e+00	0.000000000000000000e+00
8.316666666666666430e+00	0.000000000000000000e+00
8.333333333333333925e+00	0.000000000000000000e+00
8.349999999999999645e+00	0.000000000000000000e+00
8.366666666666667140e+00	0.000000000000000000e+00
8.383333333333332860e+00	0.000000000000000000e+00
8.400000000000000355e+00	0.000000000000000000e+00
8.416666666666666075e+00	0.000000000000000000e+00
8.433333333333333570e+00	0.000000000000000000e+00
8.450000000000001066e+00	0.000000000000000000e+00
8.466666666666666785e+00	0.000000000000000000e+00
8.483333333333334281e+00	0.000000000000000000e+00
8.500000000000000000e+00	0.000000000000000000e+00
8.516666666666667496e+00	0.000000000000000000e+00
8.533333333333333215e+00	0.000000000000000000e+00
8.549999999999998934e+00	0.000000000000000000e+00
8.566666666666666430e+00	0.000000000000000000e+00
8.583333333333332149e+00	0.000000000000000000e+00
8.600000000000001421e+00	0.000000000000000000e+00
8.616666666666667140e+00	0.000000000000000000e+00
8.633333333333334636e+00	0.000000000000000000e+00
8.650000000000000355e+00	0.000000000000000000e+00
8.666666666666666075e+00	0.000000000000000000e+00
8.683333333333333570e+00	0.000000000000000000e+00
8.699999999999999289e+00	0.000000000000000000e+00
8.716666666666666785e+00	0.000000000000000000e+00
8.733333333333332504e+00	0.000000000000000000e+00
8.750000000000001776e+00	0.000000000000000000e+00
8.766666666666667496e+00	0.000000000000000000e+00
8.783333333333333215e+00	0.000000000000000000e+00
8.800000000000000711e+00	0.000000000000000000e+00
8.816666666666666430e+00	0.000000000000000000e+00
8.833333333333333925e+00	0.000000000000000000e+00
8.849999999999999645e+00	0.000000000000000000e+00
8.866666666666667140e+00	0.000000000000000000e+00
8.883333333333332860e+00	0.000000000000000000e+00
8.900000000000000355e+00	0.000000000000000000e+00
8.916666666666667851e+00	0.000000000000000000e+00
8.933333333333333570e+00	0.000000000000000000e+00
8.950000000000001066e+00	0.000000000000000000e+00
8.966666666666666785e+00	0.000000000000000000e+00
8.983333333333334281e+00	0.000000000000000000e+00
9.000000000000000000e+00	0.000000000000000000e+00
9.016666666666665719e+00	0.000000000000000000e+00
9.033333333333333215e+00	0.000000000000000000e+00
9.049999999999998934e+00	0.000000000000000000e+00
9.066666666666668206e+00	0.000000000000000000e+00
9.083333333333333925e+00	0.000000000000000000e+00
9.100000000000001421e+00	0.000000000000000000e+00
9.116666666666667140e+00	0.000000000000000000e+00
9.133333333333332860e+00	0.000000000000000000e+00
9.150000000000000355e+00	0.000000000000000000e+00
9.166666666666666075e+00	0.000000000000000000e+00
9.183333333333333570e+00	0.000000000000000000e+00
9.199999999999999289e+00	0.000000000000000000e+00
9.216666666666666785e+00	0.000000000000000000e+00
9.233333333333334281e+00	0.000000000000000000e+00
9.250000000000000000e+00	0.000000000000000000e+00
9.266666666666667496e+00	0.000000000000000000e+00
9.283333333333333215e+00	0.000000000000000000e+00
9.300000000000000711e+00	0.000000000000000000e+00
9.316666666666666430e+00	0.000000000000000000e+00
9.333333333333333925e+00	0.000000000000000000e+00
9.349999999999999645e+00	0.000000000000000000e+00
9.366666666666665364e+00	0.000000000000000000e+00
9.383333333333334636e+00	0.000000000000000000e+00
9.400000000000000355e+00	0.000000000000000000e+00
9.416666666666667851e+00	0.000000000000000000e+00
9.433333333333333570e+00	0.000000000000000000e+00
9.450000000000001066e+00	0.000000000000000000e+00
9.466666666666666785e+00	0.000000000000000000e+00
9.483333333333332504e+00	0.000000000000000000e+00
9.500000000000000000e+00	0.000000000000000000e+00
9.516666666666665719e+00	0.000000000000000000e+00
9.533333333333333215e+00	0.000000000000000000e+00
9.550000000000000711e+00	0.000000000000000000e+00
9.566666666666668206e+00	0.000000000000000000e+00
9.583333333333333925e+00	0.000000000000000000e+00
9.599999999999999645e+00	0.000000000000000000e+00
9.616666666666667140e+00	0.000000000000000000e+00
9.633333333333332860e+00	0.000000000000000000e+00
9.650000000000000355e+00	0.000000000000000000e+00
9.666666666666666075e+00	0.000000000000000000e+00
9.683333333333333570e+00	0.000000000000000000e+00
9.700000000000001066e+00	0.000000000000000000e+00
9.716666666666666785e+00	0.000000000000000000e+00
9.733333333333334281e+00	0.000000000000000000e+00
9.750000000000000000e+00	0.000000000000000000e+00
9.766666666666667496e+00	0.000000000000000000e+00
9.783333333333333215e+00	0.000000000000000000e+00
9.800000000000000711e+00	0.000000000000000000e+00
9.816666666666666430e+00	0.000000000000000000e+00
9.833333333333332149e+00	0.000000000000000000e+00
9.850000000000001421e+00	0.000000000000000000e+00
9.866666666666667140e+00	0.000000000000000000e+00
9.883333333333334636e+00	0.000000000000000000e+00
9.900000000000000355e+00	0.000000000000000000e+00
9.916666666666667851e+00	0.000000000000000000e+00
9.933333333333333570e+00	0.000000000000000000e+00
9.949999999999999289e+00	0.000000000000000000e+00
9.966666666666666785e+00	0.000000000000000000e+00
9.983333333333332504e+00	0.000000000000000000e+00
1.000000000000000000e+01	0.000000000000000000e+00
1.001666666666666750e+01	0.000000000000000000e+00
1.003333333333333321e+01	0.000000000000000000e+00
1.005000000000000071e+01	0.000000000000000000e+00
1.006666666666666643e+01	0.000000000000000000e+00
1.008333333333333393e+01	0.000000000000000000e+00
1.009999999999999964e+01	0.000000000000000000e+00
1.011666666666666714e+01	0.000000000000000000e+00
1.013333333333333286e+01	0.000000000000000000e+00
1.014999999999999858e+01	0.000000000000000000e+00
1.016666666666666785e+01	0.000000000000000000e+00
1.018333333333333357e+01	0.000000000000000000e+00
1.020000000000000107e+01	0.000000000000000000e+00
1.021666666666666679e+01	0.000000000000000000e+00
1.023333333333333428e+01	0.000000000000000000e+00
1.025000000000000000e+01	0.000000000000000000e+00
1.026666666666666572e+01	0.000000000000000000e+00
1.028333333333333321e+01	0.000000000000000000e+00
1.029999999999999893e+01	0.000000000000000000e+00
1.031666666666666643e+01	0.000000000000000000e+00
1.033333333333333393e+01	0.000000000000000000e+00
1.035000000000000142e+01	0.000000000000000000e+00
1.036666666666666714e+01	0.000000000000000000e+00
1.038333333333333286e+01	0.000000000000000000e+00
1.040000000000000036e+01	0.000000000000000000e+00
1.041666666666666607e+01	0.000000000000000000e+00
1.043333333333333357e+01	0.000000000000000000e+00
1.044999999999999929e+01	0.000000000000000000e+00
1.046666666666666679e+01	0.000000000000000000e+00
1.048333333333333428e+01	0.000000000000000000e+00
1.050000000000000000e+01	0.000000000000000000e+00
1.051666666666666750e+01	0.000000000000000000e+00
1.053333333333333321e+01	0.000000000000000000e+00
1.055000000000000071e+01	0.000000000000000000e+00
1.056666666666666643e+01	0.000000000000000000e+00
1.058333333333333393e+01	0.000000000000000000e+00
1.059999999999999964e+01	0.000000000000000000e+00
1.061666666666666536e+01	0.000000000000000000e+00
1.063333333333333286e+01	0.000000000000000000e+00
1.065000000000000036e+01	0.000000000000000000e+00
1.066666666666666785e+01	0.000000000000000000e+00
1.068333333333333357e+01	0.000000000000000000e+00
1.070000000000000107e+01	0.000000000000000000e+00
1.071666666666666679e+01	0.000000000000000000e+00
1.073333333333333250e+01	0.000000000000000000e+00
1.075000000000000000e+01	0.000000000000000000e+00
1.076666666666666572e+01	0.000000000000000000e+00
1.078333333333333321e+01	0.000000000000000000e+00
1.080000000000000071e+01	0.000000000000000000e+00
1.081666666666666821e+01	0.000000000000000000e+00
1.083333333333333393e+01	0.000000000000000000e+00
1.084999999999999964e+01	0.000000000000000000e+00
1.086666666666666714e+01	0.000000000000000000e+00
1.088333333333333286e+01	0.000000000000000000e+00
1.090000000000000036e+01	0.000000000000000000e+00
1.091666666666666607e+01	0.000000000000000000e+00
1.093333333333333357e+01	0.000000000000000000e+00
1.095000000000000107e+01	0.000000000000000000e+00
1.096666666666666679e+01	0.000000000000000000e+00
1.098333333333333428e+01	0.000000000000000000e+00
1.100000000000000000e+01	0.000000000000000000e+00
1.101666666666666750e+01	0.000000000000000000e+00
1.103333333333333321e+01	0.000000000000000000e+00
1.105000000000000071e+01	0.000000000000000000e+00
1.106666666666666643e+01	0.000000000000000000e+00
1.108333333333333215e+01	0.000000000000000000e+00
1.109999999999999964e+01	0.000000000000000000e+00
1.111666666666666714e+01	0.000000000000000000e+00
1.113333333333333464e+01	0.000000000000000000e+00
1.115000000000000036e+01	0.000000000000000000e+00
1.116666666666666785e+01	0.000000000000000000e+00
1.118333333333333357e+01	0.000000000000000000e+00
1.119999999999999929e+01	0.000000000000000000e+00
1.121666666666666679e+01	0.000000000000000000e+00
1.123333333333333250e+01	0.000000000000000000e+00
1.125000000000000000e+01	0.000000000000000000e+00
1.126666666666666750e+01	0.000000000000000000e+00
1.128333333333333499e+01	0.000000000000000000e+00
1.130000000000000071e+01	0.000000000000000000e+00
1.131666666666666643e+01	0.000000000000000000e+00
1.133333333333333393e+01	0.000000000000000000e+00
1.134999999999999964e+01	0.000000000000000000e+00
1.136666666666666714e+01	0.000000000000000000e+00
1.138333333333333286e+01	0.000000000000000000e+00
1.140000000000000036e+01	0.000000000000000000e+00
1.141666666666666607e+01	0.000000000000000000e+00
1.143333333333333357e+01	0.000000000000000000e+00
1.145000000000000107e+01	0.000000000000000000e+00
1.146666666666666679e+01	0.000000000000000000e+00
1.148333333333333428e+01	0.000000000000000000e+00
1.150000000000000000e+01	0.000000000000000000e+00
1.151666666666666750e+01	0.000000000000000000e+00
1.153333333333333321e+01	0.000000000000000000e+00
1.154999999999999893e+01	0.000000000000000000e+00
1.156666666666666643e+01	0.000000000000000000e+00
1.158333333333333393e+01	0.000000000000000000e+00
1.160000000000000142e+01	0.000000000000000000e+00
1.161666666666666714e+01	0.000000000000000000e+00
1.163333333333333464e+01	0.000000000000000000e+00
1.165000000000000036e+01	0.000000000000000000e+00
1.166666666666666607e+01	0.000000000000000000e+00
1.168333333333333357e+01	0.000000000000000000e+00
1.169999999999999929e+01	0.000000000000000000e+00
1.171666666666666679e+01	0.000000000000000000e+00
1.173333333333333250e+01	0.000000000000000000e+00
1.175000000000000178e+01	0.000000000000000000e+00
1.176666666666666750e+01	0.000000000000000000e+00
1.178333333333333321e+01	0.000000000000000000e+00
1.180000000000000071e+01	0.000000000000000000e+00
1.181666666666666643e+01	0.000000000000000000e+00
1.183333333333333393e+01	0.000000000000000000e+00
1.184999999999999964e+01	0.000000000000000000e+00
1.186666666666666714e+01	0.000000000000000000e+00
1.188333333333333286e+01	0.000000000000000000e+00
1.190000000000000036e+01	0.000000000000000000e+00
1.191666666666666785e+01	0.000000000000000000e+00
1.193333333333333357e+01	0.000000000000000000e+00
1.195000000000000107e+01	0.000000000000000000e+00
1.196666666666666679e+01	0.000000000000000000e+00
1.198333333333333428e+01	0.000000000000000000e+00
1.200000000000000000e+01	0.000000000000000000e+00
1.201666666666666572e+01	0.000000000000000000e+00
1.203333333333333321e+01	0.000000000000000000e+00
1.205000000000000071e+01	0.000000000000000000e+00
1.206666666666666821e+01	0.000000000000000000e+00
1.208333333333333393e+01	0.000000000000000000e+00
1.210000000000000142e+01	0.000000000000000000e+00
1.211666666666666714e+01	0.000000000000000000e+00
1.213333333333333286e+01	0.000000000000000000e+00
1.215000000000000036e+01	0.000000000000000000e+00
1.216666666666666607e+01	0.000000000000000000e+00
1.218333333333333357e+01	0.000000000000000000e+00
1.219999999999999929e+01	0.000000000000000000e+00
1.221666666666666856e+01	0.000000000000000000e+00
1.223333333333333428e+01	0.000000000000000000e+00
1.225000000000000000e+01	0.000000000000000000e+00
1.226666666666666750e+01	0.000000000000000000e+00
1.228333333333333321e+01	0.000000000000000000e+00
1.230000000000000071e+01	0.000000000000000000e+00
1.231666666666666643e+01	0.000000000000000000e+00
1.233333333333333393e+01	0.000000000000000000e+00
1.234999999999999964e+01	0.000000000000000000e+00
1.236666666666666714e+01	0.000000000000000000e+00
1.238333333333333464e+01	0.000000000000000000e+00
1.240000000000000036e+01	0.000000000000000000e+00
1.241666666666666785e+01	0.000000000000000000e+00
1.243333333333333357e+01	0.000000000000000000e+00
1.245000000000000107e+01	0.000000000000000000e+00
1.246666666666666679e+01	0.000000000000000000e+00
1.248333333333333250e+01	0.000000000000000000e+00
1.250000000000000000e+01	0.000000000000000000e+00
1.251666666666666572e+01	0.000000000000000000e+00
1.253333333333333499e+01	0.000000000000000000e+00
1.255000000000000071e+01	0.000000000000000000e+00
1.256666666666666821e+01	0.000000000000000000e+00
1.258333333333333393e+01	0.000000000000000000e+00
1.259999999999999964e+01	0.000000000000000000e+00
1.261666666666666714e+01	0.000000000000000000e+00
1.263333333333333286e+01	0.000000000000000000e+00
1.265000000000000036e+01	0.000000000000000000e+00
1.266666666666666607e+01	0.000000000000000000e+00
1.268333333333333357e+01	0.000000000000000000e+00
1.270000000000000107e+01	0.000000000000000000e+00
1.271666666666666679e+01	0.000000000000000000e+00
1.273333333333333428e+01	0.000000000000000000e+00
1.275000000000000000e+01	0.000000000000000000e+00
1.276666666666666750e+01	0.000000000000000000e+00
1.278333333333333321e+01	0.000000000000000000e+00
1.279999999999999893e+01	0.000000000000000000e+00
1.281666666666666643e+01	0.000000000000000000e+00
1.283333333333333215e+01	0.000000000000000000e+00
1.285000000000000142e+01	0.000000000000000000e+00
1.286666666666666714e+01	0.000000000000000000e+00
1.288333333333333464e+01	0.000000000000000000e+00
1.290000000000000036e+01	0.000000000000000000e+00
1.291666666666666607e+01	0.000000000000000000e+00
1.293333333333333357e+01	0.000000000000000000e+00
1.294999999999999929e+01	0.000000000000000000e+00
1.296666666666666679e+01	0.000000000000000000e+00
1.298333333333333250e+01	0.000000000000000000e+00
1.300000000000000178e+01	0.000000000000000000e+00
1.301666666666666750e+01	0.000000000000000000e+00
1.303333333333333321e+01	0.000000000000000000e+00
1.305000000000000071e+01	0.000000000000000000e+00
1.306666666666666643e+01	0.000000000000000000e+00
1.308333333333333393e+01	0.000000000000000000e+00
1.309999999999999964e+01	0.000000000000000000e+00
1.311666666666666714e+01	0.000000000000000000e+00
1.313333333333333286e+01	0.000000000000000000e+00
1.314999999999999858e+01	0.000000000000000000e+00
1.316666666666666785e+01	0.000000000000000000e+00
1.318333333333333357e+01	0.000000000000000000e+00
1.320000000000000107e+01	0.000000000000000000e+00
1.321666666666666679e+01	0.000000000000000000e+00
1.323333333333333428e+01	0.000000000000000000e+00
1.325000000000000000e+01	0.000000000000000000e+00
1.326666666666666572e+01	0.000000000000000000e+00
1.328333333333333321e+01	0.000000000000000000e+00
1.329999999999999893e+01	0.000000000000000000e+00
1.331666666666666821e+01	0.000000000000000000e+00
1.333333333333333393e+01	0.000000000000000000e+00
1.335000000000000142e+01	0.000000000000000000e+00
1.336666666666666714e+01	0.000000000000000000e+00
1.338333333333333286e+01	0.000000000000000000e+00
1.340000000000000036e+01	0.000000000000000000e+00
1.341666666666666607e+01	0.000000000000000000e+00
1.343333333333333357e+01	0.000000000000000000e+00
1.344999999999999929e+01	0.000000000000000000e+00
1.346666666666666679e+01	0.000000000000000000e+00
1.348333333333333428e+01	0.000000000000000000e+00
1.350000000000000000e+01	0.000000000000000000e+00
1.351666666666666750e+01	0.000000000000000000e+00
1.353333333333333321e+01	0.000000000000000000e+00
1.355000000000000071e+01	0.000000000000000000e+00
1.356666666666666643e+01	0.000000000000000000e+00
1.358333333333333393e+01	0.000000000000000000e+00
1.359999999999999964e+01	0.000000000000000000e+00
1.361666666666666536e+01	0.000000000000000000e+00
1.363333333333333464e+01	0.000000000000000000e+00
1.365000000000000036e+01	0.000000000000000000e+00
1.366666666666666785e+01	0.000000000000000000e+00
1.368333333333333357e+01	0.000000000000000000e+00
1.370000000000000107e+01	0.000000000000000000e+00
1.371666666666666679e+01	0.000000000000000000e+00
1.373333333333333250e+01	0.000000000000000000e+00
1.375000000000000000e+01	0.000000000000000000e+00
1.376666666666666572e+01	0.000000000000000000e+00
1.378333333333333321e+01	0.000000000000000000e+00
1.380000000000000071e+01	0.000000000000000000e+00
1.381666666666666821e+01	0.000000000000000000e+00
1.383333333333333393e+01	0.000000000000000000e+00
1.384999999999999964e+01	0.000000000000000000e+00
1.386666666666666714e+01	0.000000000000000000e+00
1.388333333333333286e+01	0.000000000000000000e+00
1.390000000000000036e+01	0.000000000000000000e+00
1.391666666666666607e+01	0.000000000000000000e+00
1.393333333333333357e+01	0.000000000000000000e+00
1.395000000000000107e+01	0.000000000000000000e+00
1.396666666666666679e+01	0.000000000000000000e+00
1.398333333333333428e+01	0.000000000000000000e+00
1.400000000000000000e+01	0.000000000000000000e+00
1.401666666666666750e+01	0.000000000000000000e+00
1.403333333333333321e+01	0.000000000000000000e+00
1.405000000000000071e+01	0.000000000000000000e+00
1.406666666666666643e+01	0.000000000000000000e+00
1.408333333333333215e+01	0.000000000000000000e+00
1.409999999999999964e+01	0.000000000000000000e+00
1.411666666666666714e+01	0.000000000000000000e+00
1.413333333333333464e+01	0.000000000000000000e+00
1.415000000000000036e+01	0.000000000000000000e+00
1.416666666666666785e+01	0.000000000000000000e+00
1.418333333333333357e+01	0.000000000000000000e+00
1.419999999999999929e+01	0.000000000000000000e+00
1.421666666666666679e+01	0.000000000000000000e+00
1.423333333333333250e+01	0.000000000000000000e+00
1.425000000000000000e+01	0.000000000000000000e+00
1.426666666666666750e+01	0.000000000000000000e+00
1.428333333333333499e+01	0.000000000000000000e+00
1.430000000000000071e+01	0.000000000000000000e+00
1.431666666666666643e+01	0.000000000000000000e+00
1.433333333333333393e+01	0.000000000000000000e+00
1.434999999999999964e+01	0.000000000000000000e+00
1.436666666666666714e+01	0.000000000000000000e+00
1.438333333333333286e+01	0.000000000000000000e+00
1.440000000000000036e+01	0.000000000000000000e+00
1.441666666666666785e+01	0.000000000000000000e+00
1.443333333333333357e+01	0.000000000000000000e+00
1.445000000000000107e+01	0.000000000000000000e+00
1.446666666666666679e+01	0.000000000000000000e+00
1.448333333333333428e+01	0.000000000000000000e+00
1.450000000000000000e+01	0.000000000000000000e+00
1.451666666666666750e+01	0.000000000000000000e+00
1.453333333333333321e+01	0.000000000000000000e+00
1.454999999999999893e+01	0.000000000000000000e+00
1.456666666666666643e+01	0.000000000000000000e+00
1.458333333333333393e+01	0.000000000000000000e+00
1.460000000000000142e+01	0.000000000000000000e+00
1.461666666666666714e+01	0.000000000000000000e+00
1.463333333333333464e+01	0.000000000000000000e+00
1.465000000000000036e+01	0.000000000000000000e+00
1.466666666666666607e+01	0.000000000000000000e+00
1.468333333333333357e+01	0.000000000000000000e+00
1.469999999999999929e+01	0.000000000000000000e+00
1.471666666666666679e+01	0.000000000000000000e+00
1.473333333333333428e+01	0.000000000000000000e+00
1.475000000000000178e+01	0.000000000000000000e+00
1.476666666666666750e+01	0.000000000000000000e+00
1.478333333333333321e+01	0.000000000000000000e+00
1.480000000000000071e+01	0.000000000000000000e+00
1.481666666666666643e+01	0.000000000000000000e+00
1.483333333333333393e+01	0.000000000000000000e+00
1.484999999999999964e+01	0.000000000000000000e+00
1.486666666666666714e+01	0.000000000000000000e+00
1.488333333333333286e+01	0.000000000000000000e+00
1.490000000000000036e+01	0.000000000000000000e+00
1.491666666666666785e+01	0.000000000000000000e+00
1.493333333333333357e+01	0.000000000000000000e+00
1.495000000000000107e+01	0.000000000000000000e+00
1.496666666666666679e+01	0.000000000000000000e+00
1.498333333333333428e+01	0.000000000000000000e+00
1.500000000000000000e+01	0.000000000000000000e+00
1.501666666666666572e+01	0.000000000000000000e+00
1.503333333333333321e+01	0.000000000000000000e+00
1.505000000000000071e+01	0.000000000000000000e+00
1.506666666666666821e+01	0.000000000000000000e+00
1.508333333333333393e+01	0.000000000000000000e+00
1.510000000000000142e+01	0.000000000000000000e+00
1.511666666666666714e+01	0.000000000000000000e+00
1.513333333333333286e+01	0.000000000000000000e+00
1.515000000000000036e+01	0.000000000000000000e+00
1.516666666666666607e+01	0.000000000000000000e+00
1.518333333333333357e+01	0.000000000000000000e+00
1.519999999999999929e+01	0.000000000000000000e+00
1.521666666666666856e+01	0.000000000000000000e+00
1.523333333333333428e+01	0.000000000000000000e+00
1.525000000000000000e+01	0.000000000000000000e+00
1.526666666666666750e+01	0.000000000000000000e+00
1.528333333333333321e+01	0.000000000000000000e+00
1.529999999999999893e+01	0.000000000000000000e+00
1.531666666666666821e+01	0.000000000000000000e+00
1.533333333333333393e+01	0.000000000000000000e+00
1.534999999999999964e+01	0.000000000000000000e+00
1.536666666666666714e+01	0.000000000000000000e+00
1.538333333333333286e+01	0.000000000000000000e+00
1.540000000000000213e+01	0.000000000000000000e+00
1.541666666666666785e+01	0.000000000000000000e+00
1.543333333333333357e+01	0.000000000000000000e+00
1.544999999999999929e+01	0.000000000000000000e+00
1.546666666666666501e+01	0.000000000000000000e+00
1.548333333333333428e+01	0.000000000000000000e+00
1.550000000000000000e+01	0.000000000000000000e+00
1.551666666666666750e+01	0.000000000000000000e+00
1.553333333333333321e+01	0.000000000000000000e+00
1.555000000000000249e+01	0.000000000000000000e+00
1.556666666666666821e+01	0.000000000000000000e+00
1.558333333333333393e+01	0.000000000000000000e+00
1.559999999999999964e+01	0.000000000000000000e+00
1.561666666666666536e+01	0.000000000000000000e+00
1.563333333333333464e+01	0.000000000000000000e+00
1.565000000000000036e+01	0.000000000000000000e+00
1.566666666666666607e+01	0.000000000000000000e+00
1.568333333333333357e+01	0.000000000000000000e+00
1.569999999999999929e+01	0.000000000000000000e+00
1.571666666666666856e+01	0.000000000000000000e+00
1.573333333333333428e+01	0.000000000000000000e+00
1.575000000000000000e+01	0.000000000000000000e+00
1.576666666666666572e+01	0.000000000000000000e+00
1.578333333333333499e+01	0.000000000000000000e+00
1.580000000000000071e+01	0.000000000000000000e+00
1.581666666666666643e+01	0.000000000000000000e+00
1.583333333333333393e+01	0.000000000000000000e+00
1.584999999999999964e+01	0.000000000000000000e+00
1.586666666666666892e+01	0.000000000000000000e+00
1.588333333333333464e+01	0.000000000000000000e+00
1.590000000000000036e+01	0.000000000000000000e+00
1.591666666666666607e+01	0.000000000000000000e+00
1.593333333333333179e+01	0.000000000000000000e+00
1.595000000000000107e+01	0.000000000000000000e+00
1.596666666666666679e+01	0.000000000000000000e+00
1.598333333333333250e+01	0.000000000000000000e+00
1.600000000000000000e+01	0.000000000000000000e+00
1.601666666666666927e+01	0.000000000000000000e+00
1.603333333333333499e+01	0.000000000000000000e+00
1.605000000000000071e+01	0.000000000000000000e+00
1.606666666666666643e+01	0.000000000000000000e+00
1.608333333333333215e+01	0.000000000000000000e+00
1.610000000000000142e+01	0.000000000000000000e+00
1.611666666666666714e+01	0.000000000000000000e+00
1.613333333333333286e+01	0.000000000000000000e+00
1.614999999999999858e+01	0.000000000000000000e+00
1.616666666666666430e+01	0.000000000000000000e+00
1.618333333333333357e+01	0.000000000000000000e+00
1.619999999999999929e+01	0.000000000000000000e+00
1.621666666666666501e+01	0.000000000000000000e+00
1.623333333333333428e+01	0.000000000000000000e+00
1.625000000000000355e+01	0.000000000000000000e+00
1.626666666666666927e+01	0.000000000000000000e+00
1.628333333333333499e+01	0.000000000000000000e+00
1.630000000000000071e+01	0.000000000000000000e+00
1.631666666666666643e+01	0.000000000000000000e+00
1.633333333333333570e+01	0.000000000000000000e+00
1.635000000000000142e+01	0.000000000000000000e+00
1.636666666666666714e+01	0.000000000000000000e+00
1.638333333333333286e+01	0.000000000000000000e+00
1.639999999999999858e+01	0.000000000000000000e+00
1.641666666666666785e+01	0.000000000000000000e+00
1.643333333333333357e+01	0.000000000000000000e+00
1.644999999999999929e+01	0.000000000000000000e+00
1.646666666666666501e+01	0.000000000000000000e+00
1.648333333333333428e+01	0.000000000000000000e+00
1.650000000000000000e+01	0.000000000000000000e+00
1.651666666666666572e+01	0.000000000000000000e+00
1.653333333333333144e+01	0.000000000000000000e+00
1.655000000000000071e+01	0.000000000000000000e+00
1.656666666666666998e+01	0.000000000000000000e+00
1.658333333333333570e+01	0.000000000000000000e+00
1.660000000000000142e+01	0.000000000000000000e+00
1.661666666666666714e+01	0.000000000000000000e+00
1.663333333333333286e+01	0.000000000000000000e+00
1.665000000000000213e+01	0.000000000000000000e+00
1.666666666666666785e+01	0.000000000000000000e+00
1.668333333333333357e+01	0.000000000000000000e+00
1.669999999999999929e+01	0.000000000000000000e+00
1.671666666666666856e+01	0.000000000000000000e+00
1.673333333333333428e+01	0.000000000000000000e+00
1.675000000000000000e+01	0.000000000000000000e+00
1.676666666666666572e+01	0.000000000000000000e+00
1.678333333333333144e+01	0.000000000000000000e+00
1.680000000000000071e+01	0.000000000000000000e+00
1.681666666666666643e+01	0.000000000000000000e+00
1.683333333333333215e+01	0.000000000000000000e+00
1.684999999999999787e+01	0.000000000000000000e+00
1.686666666666666714e+01	0.000000000000000000e+00
1.688333333333333641e+01	0.000000000000000000e+00
1.690000000000000213e+01	0.000000000000000000e+00
1.691666666666666785e+01	0.000000000000000000e+00
1.693333333333333357e+01	0.000000000000000000e+00
1.695000000000000284e+01	0.000000000000000000e+00
1.696666666666666856e+01	0.000000000000000000e+00
1.698333333333333428e+01	0.000000000000000000e+00
1.700000000000000000e+01	0.000000000000000000e+00
1.701666666666666572e+01	0.000000000000000000e+00
1.703333333333333499e+01	0.000000000000000000e+00
1.705000000000000071e+01	0.000000000000000000e+00
1.706666666666666643e+01	0.000000000000000000e+00
1.708333333333333215e+01	0.000000000000000000e+00
1.709999999999999787e+01	0.000000000000000000e+00
1.711666666666666714e+01	0.000000000000000000e+00
1.713333333333333286e+01	0.000000000000000000e+00
1.714999999999999858e+01	0.000000000000000000e+00
1.716666666666666430e+01	0.000000000000000000e+00
1.718333333333333357e+01	0.000000000000000000e+00
1.720000000000000284e+01	0.000000000000000000e+00
1.721666666666666856e+01	0.000000000000000000e+00
1.723333333333333428e+01	0.000000000000000000e+00
1.725000000000000000e+01	0.000000000000000000e+00
1.726666666666666927e+01	0.000000000000000000e+00
1.728333333333333499e+01	0.000000000000000000e+00
1.730000000000000071e+01	0.000000000000000000e+00
1.731666666666666643e+01	0.000000000000000000e+00
1.733333333333333215e+01	0.000000000000000000e+00
1.735000000000000142e+01	0.000000000000000000e+00
1.736666666666666714e+01	0.000000000000000000e+00
1.738333333333333286e+01	0.000000000000000000e+00
1.739999999999999858e+01	0.000000000000000000e+00
1.741666666666666430e+01	0.000000000000000000e+00
1.743333333333333357e+01	0.000000000000000000e+00
1.744999999999999929e+01	0.000000000000000000e+00
1.746666666666666501e+01	0.000000000000000000e+00
1.748333333333333428e+01	0.000000000000000000e+00
1.750000000000000355e+01	0.000000000000000000e+00
1.751666666666666927e+01	0.000000000000000000e+00
1.753333333333333499e+01	0.000000000000000000e+00
1.755000000000000071e+01	0.000000000000000000e+00
1.756666666666666643e+01	0.000000000000000000e+00
1.758333333333333570e+01	0.000000000000000000e+00
1.760000000000000142e+01	0.000000000000000000e+00
1.761666666666666714e+01	0.000000000000000000e+00
1.763333333333333286e+01	0.000000000000000000e+00
1.764999999999999858e+01	0.000000000000000000e+00
1.766666666666666785e+01	0.000000000000000000e+00
1.768333333333333357e+01	0.000000000000000000e+00
1.769999999999999929e+01	0.000000000000000000e+00
1.771666666666666501e+01	0.000000000000000000e+00
1.773333333333333428e+01	0.000000000000000000e+00
1.775000000000000000e+01	0.000000000000000000e+00
1.776666666666666572e+01	0.000000000000000000e+00
1.778333333333333144e+01	0.000000000000000000e+00
1.780000000000000071e+01	0.000000000000000000e+00
1.781666666666666998e+01	0.000000000000000000e+00
1.783333333333333570e+01	0.000000000000000000e+00
1.785000000000000142e+01	0.000000000000000000e+00
1.786666666666666714e+01	0.000000000000000000e+00
1.788333333333333286e+01	0.000000000000000000e+00
1.790000000000000213e+01	0.000000000000000000e+00
1.791666666666666785e+01	0.000000000000000000e+00
1.793333333333333357e+01	0.000000000000000000e+00
1.794999999999999929e+01	0.000000000000000000e+00
1.796666666666666856e+01	0.000000000000000000e+00
1.798333333333333428e+01	0.000000000000000000e+00
1.800000000000000000e+01	0.000000000000000000e+00
1.801666666666666572e+01	0.000000000000000000e+00
1.803333333333333144e+01	0.000000000000000000e+00
1.805000000000000071e+01	0.000000000000000000e+00
1.806666666666666643e+01	0.000000000000000000e+00
1.808333333333333215e+01	0.000000000000000000e+00
1.809999999999999787e+01	0.000000000000000000e+00
1.811666666666666714e+01	0.000000000000000000e+00
1.813333333333333641e+01	0.000000000000000000e+00
1.815000000000000213e+01	0.000000000000000000e+00
1.816666666666666785e+01	0.000000000000000000e+00
1.818333333333333357e+01	0.000000000000000000e+00
1.820000000000000284e+01	0.000000000000000000e+00
1.821666666666666856e+01	0.000000000000000000e+00
1.823333333333333428e+01	0.000000000000000000e+00
1.825000000000000000e+01	0.000000000000000000e+00
1.826666666666666572e+01	0.000000000000000000e+00
1.828333333333333499e+01	0.000000000000000000e+00
1.830000000000000071e+01	0.000000000000000000e+00
1.831666666666666643e+01	0.000000000000000000e+00
1.833333333333333215e+01	0.000000000000000000e+00
1.834999999999999787e+01	0.000000000000000000e+00
1.836666666666666714e+01	0.000000000000000000e+00
1.838333333333333286e+01	0.000000000000000000e+00
1.839999999999999858e+01	0.000000000000000000e+00
1.841666666666666430e+01	0.000000000000000000e+00
1.843333333333333357e+01	0.000000000000000000e+00
1.845000000000000284e+01	0.000000000000000000e+00
1.846666666666666856e+01	0.000000000000000000e+00
1.848333333333333428e+01	0.000000000000000000e+00
1.850000000000000000e+01	0.000000000000000000e+00
1.851666666666666927e+01	0.000000000000000000e+00
1.853333333333333499e+01	0.000000000000000000e+00
1.855000000000000071e+01	0.000000000000000000e+00
1.856666666666666643e+01	0.000000000000000000e+00
1.858333333333333215e+01	0.000000000000000000e+00
1.860000000000000142e+01	0.000000000000000000e+00
1.861666666666666714e+01	0.000000000000000000e+00
1.863333333333333286e+01	0.000000000000000000e+00
1.864999999999999858e+01	0.000000000000000000e+00
1.866666666666666785e+01	0.000000000000000000e+00
1.868333333333333357e+01	0.000000000000000000e+00
1.869999999999999929e+01	0.000000000000000000e+00
1.871666666666666501e+01	0.000000000000000000e+00
1.873333333333333073e+01	0.000000000000000000e+00
1.875000000000000000e+01	0.000000000000000000e+00
1.876666666666666927e+01	0.000000000000000000e+00
1.878333333333333499e+01	0.000000000000000000e+00
1.880000000000000071e+01	0.000000000000000000e+00
1.881666666666666643e+01	0.000000000000000000e+00
1.883333333333333570e+01	0.000000000000000000e+00
1.885000000000000142e+01	0.000000000000000000e+00
1.886666666666666714e+01	0.000000000000000000e+00
1.888333333333333286e+01	0.000000000000000000e+00
1.890000000000000213e+01	0.000000000000000000e+00
1.891666666666666785e+01	0.000000000000000000e+00
1.893333333333333357e+01	0.000000000000000000e+00
1.894999999999999929e+01	0.000000000000000000e+00
1.896666666666666501e+01	0.000000000000000000e+00
1.898333333333333428e+01	0.000000000000000000e+00
1.900000000000000000e+01	0.000000000000000000e+00
1.901666666666666572e+01	0.000000000000000000e+00
1.903333333333333144e+01	0.000000000000000000e+00
1.904999999999999716e+01	0.000000000000000000e+00
1.906666666666666643e+01	0.000000000000000000e+00
1.908333333333333570e+01	0.000000000000000000e+00
1.910000000000000142e+01	0.000000000000000000e+00
1.911666666666666714e+01	0.000000000000000000e+00
1.913333333333333641e+01	0.000000000000000000e+00
1.915000000000000213e+01	0.000000000000000000e+00
1.916666666666666785e+01	0.000000000000000000e+00
1.918333333333333357e+01	0.000000000000000000e+00
1.919999999999999929e+01	0.000000000000000000e+00
1.921666666666666856e+01	0.000000000000000000e+00
1.923333333333333428e+01	0.000000000000000000e+00
1.925000000000000000e+01	0.000000000000000000e+00
1.926666666666666572e+01	0.000000000000000000e+00
1.928333333333333144e+01	0.000000000000000000e+00
1.930000000000000071e+01	0.000000000000000000e+00
1.931666666666666643e+01	0.000000000000000000e+00
1.933333333333333215e+01	0.000000000000000000e+00
1.934999999999999787e+01	0.000000000000000000e+00
1.936666666666666714e+01	0.000000000000000000e+00
1.938333333333333641e+01	0.000000000000000000e+00
1.940000000000000213e+01	0.000000000000000000e+00
1.941666666666666785e+01	0.000000000000000000e+00
