Time_us	Received_Shear
0.000000000000000000e+00	1.966543073902781574e-02
1.666666666666666644e-02	-2.888370503480478316e-02
3.333333333333333287e-02	2.968579449353067265e-02
4.999999999999999584e-02	7.841217197389080060e-03
6.666666666666666574e-02	-4.987161738771950237e-02
8.333333333333334259e-02	-4.416085794676318649e-02
9.999999999999999167e-02	-4.561492763570468290e-02
1.166666666666666685e-01	-8.771682143998467407e-02
1.333333333333333315e-01	-5.124682174049403210e-02
1.499999999999999944e-01	-8.133438244425866825e-02
1.666666666666666852e-01	-3.354385174602021041e-02
1.833333333333333204e-01	1.655557390634767451e-02
1.999999999999999833e-01	8.835997229317217594e-02
2.166666666666666741e-01	1.545443272384411648e-01
2.333333333333333370e-01	1.431808460058846266e-01
2.500000000000000000e-01	1.221092115962029434e-01
2.666666666666666630e-01	2.087160428538594459e-01
2.833333333333333814e-01	1.764801786407551587e-01
2.999999999999999889e-01	1.544222199178887922e-01
3.166666666666666519e-01	1.016395027826412223e-01
3.333333333333333703e-01	4.362201088315523223e-02
3.499999999999999778e-01	-6.936081247053005328e-02
3.666666666666666408e-01	-6.388583034367184554e-02
3.833333333333333592e-01	-1.457681905791152477e-01
3.999999999999999667e-01	-1.503895115778397240e-01
4.166666666666666852e-01	-1.912985126391122392e-01
4.333333333333333481e-01	-1.515299498673640111e-01
4.500000000000000111e-01	-1.226540346844685880e-01
4.666666666666666741e-01	-8.011360080694382435e-02
4.833333333333332815e-01	-7.410926143678794875e-02
5.000000000000000000e-01	2.209724781828814252e-02
5.166666666666666075e-01	1.043310177462554444e-01
5.333333333333333259e-01	1.402077426535750793e-01
5.500000000000000444e-01	6.489461031535191660e-02
5.666666666666667629e-01	1.247100087805162183e-01
5.833333333333333703e-01	5.939217277337114492e-02
5.999999999999999778e-01	9.648169644625631536e-02
6.166666666666666963e-01	7.080841352309423520e-02
6.333333333333333037e-01	2.632296165807965910e-02
6.500000000000000222e-01	-1.280631152591254693e-02
6.666666666666667407e-01	2.131419978303177032e-03
6.833333333333333481e-01	-5.461816440776590814e-02
6.999999999999999556e-01	-8.166927646728538992e-02
7.166666666666666741e-01	-4.383634599772706641e-02
7.333333333333332815e-01	-6.449743119920435530e-02
7.500000000000000000e-01	-6.320093329677112237e-02
7.666666666666667185e-01	-1.315484602729417862e-02
7.833333333333334370e-01	-1.886813014726501994e-02
7.999999999999999334e-01	-7.135966952468143082e-03
8.166666666666666519e-01	1.311383275055093625e-02
8.333333333333333703e-01	3.750903615137228531e-02
8.499999999999999778e-01	-3.660820197877620585e-02
8.666666666666666963e-01	6.167012251995224875e-02
8.833333333333334147e-01	1.798379317623112483e-02
9.000000000000000222e-01	3.479305809421720519e-02
9.166666666666666297e-01	1.397637408846885004e-02
9.333333333333333481e-01	2.907444771456183658e-02
9.499999999999999556e-01	2.203391937129951100e-02
9.666666666666665630e-01	-1.422082534509778312e-02
9.833333333333333925e-01	-2.489027853700900850e-02
1.000000000000000000e+00	5.845110116998160875e-03
1.016666666666666829e+00	4.733312701698430547e-02
1.033333333333333215e+00	4.927725182329505821e-02
1.050000000000000044e+00	1.636858717544260530e-02
1.066666666666666652e+00	1.991513174847263368e-02
1.083333333333333259e+00	-9.774408512294456911e-03
1.100000000000000089e+00	3.990901120625921922e-02
1.116666666666666696e+00	1.138821087935676726e-02
1.133333333333333526e+00	-1.251577344276661938e-02
1.149999999999999911e+00	-4.223498242052514673e-02
1.166666666666666741e+00	1.918224800436605856e-02
1.183333333333333348e+00	9.987335779126926133e-03
1.199999999999999956e+00	5.432466436531600829e-02
1.216666666666666785e+00	3.086060084842844053e-02
1.233333333333333393e+00	-2.182951387768812535e-02
1.250000000000000000e+00	2.563693827198239295e-02
1.266666666666666607e+00	5.784859712078695149e-02
1.283333333333333215e+00	-5.163759415302091732e-02
1.300000000000000044e+00	-4.985540628739525831e-02
1.316666666666666652e+00	-9.841294511850742777e-03
1.333333333333333481e+00	2.535788094001258791e-02
1.350000000000000089e+00	-2.625204135772297651e-02
1.366666666666666696e+00	-1.676399442525509237e-02
1.383333333333333304e+00	2.132455536188320594e-02
1.399999999999999911e+00	6.043544063787430198e-02
1.416666666666666741e+00	-4.377576081720162965e-03
1.433333333333333348e+00	1.259302432993641627e-02
1.450000000000000178e+00	1.106402644381854206e-02
1.466666666666666563e+00	-8.602041009911336883e-03
1.483333333333333393e+00	1.424945153952282551e-02
1.500000000000000000e+00	1.184307727087693246e-02
1.516666666666666607e+00	3.151332568009952012e-02
1.533333333333333437e+00	4.587947447603081541e-03
1.550000000000000044e+00	1.534872286593149879e-02
1.566666666666666874e+00	-3.862581393618715053e-02
1.583333333333333259e+00	7.461362559817906470e-02
1.599999999999999867e+00	-1.544781514144814155e-02
1.616666666666666696e+00	1.043552031390661099e-02
1.633333333333333304e+00	-3.722406701711541022e-03
1.650000000000000133e+00	1.017259416127119787e-02
1.666666666666666741e+00	6.458302626789608897e-03
1.683333333333333348e+00	-1.629187483886214080e-02
1.699999999999999956e+00	2.055347994298008588e-02
1.716666666666666563e+00	-2.541274979746984894e-02
1.733333333333333393e+00	-1.952027575938518333e-02
1.750000000000000000e+00	-5.813335255815496594e-03
1.766666666666666829e+00	1.206703221378401143e-02
1.783333333333333437e+00	1.272743765340810830e-02
1.800000000000000044e+00	-1.021611587639200021e-02
1.816666666666666652e+00	3.628873601526352854e-02
1.833333333333333259e+00	8.044717785340317617e-02
1.850000000000000089e+00	1.180596028137407237e-02
1.866666666666666696e+00	6.190133389592848874e-03
1.883333333333333526e+00	1.831247631001360621e-02
1.899999999999999911e+00	-5.807003795355945852e-03
1.916666666666666741e+00	-1.540910268667560444e-02
1.933333333333333126e+00	-4.548609694531693254e-02
1.949999999999999956e+00	-6.130031887229449306e-02
1.966666666666666785e+00	2.330109648497810659e-02
1.983333333333333615e+00	2.307194763209908725e-02
2.000000000000000000e+00	2.756252599089829142e-02
2.016666666666666607e+00	-5.097169349899301205e-02
2.033333333333333659e+00	-1.196246728845831546e-02
2.049999999999999822e+00	-2.989952575577991406e-02
2.066666666666666430e+00	-5.428692225758734169e-02
2.083333333333333481e+00	1.882635840637964311e-02
2.100000000000000089e+00	-3.848298163180418480e-02
2.116666666666666696e+00	2.318865427207696117e-03
2.133333333333333304e+00	4.416756722280985176e-02
2.150000000000000355e+00	-1.735056182254748544e-02
2.166666666666666519e+00	-2.980852801718163734e-04
2.183333333333333126e+00	-6.478567304817919349e-03
2.200000000000000178e+00	1.037574650095844132e-02
2.216666666666666785e+00	4.308268421445228535e-02
2.233333333333333393e+00	-1.381777829246122295e-02
2.250000000000000000e+00	-3.623445530127179098e-02
2.266666666666667052e+00	2.890208647257285282e-02
2.283333333333333215e+00	2.877906894878334843e-02
2.299999999999999822e+00	-5.199339149426561273e-03
2.316666666666666874e+00	5.800668761444076338e-03
2.333333333333333481e+00	2.338961169504889803e-02
2.350000000000000089e+00	-3.218193917602820558e-02
2.366666666666666696e+00	-1.282532396018023178e-02
2.383333333333333304e+00	6.062831489457874007e-02
2.399999999999999911e+00	5.589882764900424433e-02
2.416666666666666519e+00	5.141296032925064645e-03
2.433333333333333570e+00	1.044121972570594831e-02
2.450000000000000178e+00	1.379891446370912558e-02
2.466666666666666785e+00	-1.246347419726689075e-02
2.483333333333333393e+00	-6.985707649336720965e-04
2.500000000000000000e+00	-2.631664047956477036e-03
2.516666666666666607e+00	-9.240199658064936900e-03
2.533333333333333215e+00	-1.879710207117089686e-03
2.550000000000000266e+00	-8.122641870828549784e-03
2.566666666666666430e+00	4.524142094781790496e-02
2.583333333333333481e+00	3.531640884888994497e-02
2.600000000000000089e+00	-3.276508138770586193e-02
2.616666666666666696e+00	-3.832424773101993087e-02
2.633333333333333304e+00	-7.028965327477811054e-02
2.649999999999999911e+00	-1.274204591573514789e-02
2.666666666666666963e+00	1.489665448565262625e-02
2.683333333333333126e+00	5.782187335760641776e-03
2.700000000000000178e+00	4.531609159511740953e-02
2.716666666666666785e+00	-4.497285320931494745e-02
2.733333333333333393e+00	5.353053807142020559e-02
2.750000000000000000e+00	-2.223193105947613227e-02
2.766666666666666607e+00	3.743458880704792803e-03
2.783333333333333659e+00	-9.908804473334626925e-03
2.799999999999999822e+00	1.082636239001116656e-02
2.816666666666666874e+00	2.932390861631280557e-02
2.833333333333333481e+00	-3.160320101640265444e-02
2.850000000000000089e+00	-3.553435463063427113e-02
2.866666666666666696e+00	2.422227726692760888e-02
2.883333333333333304e+00	-1.671589042454645763e-02
2.900000000000000355e+00	-7.226367409709821658e-03
2.916666666666666519e+00	-4.591114526595978934e-02
2.933333333333333126e+00	4.894850991774180732e-02
2.950000000000000178e+00	8.004399478075076638e-03
2.966666666666666785e+00	5.204127939716349932e-02
2.983333333333333393e+00	-8.565264743915046268e-04
3.000000000000000000e+00	-3.604953338829969961e-02
3.016666666666667052e+00	-5.171444209170408292e-03
3.033333333333333215e+00	1.042000587068152642e-02
3.049999999999999822e+00	7.869345176783075838e-03
3.066666666666666874e+00	-8.262669008490892281e-03
3.083333333333333481e+00	-1.198364181129280698e-02
3.100000000000000089e+00	5.696670126083568791e-02
3.116666666666666696e+00	-1.686855020020109480e-02
3.133333333333333748e+00	-3.223568350700010965e-02
3.149999999999999911e+00	-6.875964748971255536e-02
3.166666666666666519e+00	-2.888914156285196655e-02
3.183333333333333570e+00	-2.952036914841981580e-02
3.199999999999999734e+00	-1.185081363404122401e-02
3.216666666666666785e+00	-2.984010118422458779e-02
3.233333333333333393e+00	-2.356430093577482898e-02
3.250000000000000444e+00	-4.875493405753310999e-02
3.266666666666666607e+00	-4.207768371504883032e-03
3.283333333333333215e+00	-5.571830024360575895e-02
3.300000000000000266e+00	-5.806401010281161262e-02
3.316666666666666430e+00	2.137478772462034216e-02
3.333333333333333481e+00	-3.897514092143860437e-02
3.350000000000000089e+00	-1.395695427502371272e-02
3.366666666666666696e+00	7.532320855406035576e-02
3.383333333333333304e+00	5.356015184389033984e-02
3.399999999999999911e+00	5.031358644202358482e-02
3.416666666666666963e+00	6.585858076825983065e-02
3.433333333333333126e+00	6.766404257655531107e-02
3.450000000000000178e+00	9.269967069280947436e-02
3.466666666666666785e+00	5.124179468272559851e-02
3.483333333333333393e+00	4.864195138267913415e-02
3.500000000000000000e+00	6.479070431130147523e-02
3.516666666666666607e+00	7.447282584228141766e-02
3.533333333333333659e+00	3.334532201920431538e-02
3.549999999999999822e+00	4.088661950600668005e-03
3.566666666666666874e+00	-9.491404329561968153e-03
3.583333333333333481e+00	-2.326915408483528139e-02
3.600000000000000089e+00	-4.086573740406355959e-02
3.616666666666666696e+00	-9.546988656395344330e-02
3.633333333333333304e+00	-4.926294535886041603e-02
3.650000000000000355e+00	-1.648346993143909867e-01
3.666666666666666519e+00	-8.832149085624027562e-02
3.683333333333333570e+00	-9.127570861212311315e-02
3.700000000000000178e+00	-8.627307865143114818e-02
3.716666666666666785e+00	-1.047197460806502806e-01
3.733333333333333393e+00	-4.890523827030195114e-02
3.750000000000000000e+00	-6.413690368738655945e-02
3.766666666666667052e+00	-9.524108483538670789e-02
3.783333333333333215e+00	1.831075495547628690e-03
3.799999999999999822e+00	1.714116936369656716e-02
3.816666666666666874e+00	3.693740238050043090e-02
3.833333333333333481e+00	3.875397974745731222e-02
3.850000000000000533e+00	7.560072453112014201e-02
3.866666666666666252e+00	3.403076838253436126e-02
3.883333333333333304e+00	3.696878851256524268e-02
3.899999999999999911e+00	1.071856375261175248e-01
3.916666666666666519e+00	5.669962319291503572e-02
3.933333333333333570e+00	7.339360968095498539e-02
3.950000000000000178e+00	9.571476381247404075e-02
3.966666666666667229e+00	8.000913900868948658e-02
3.983333333333332948e+00	3.273947004005767908e-02
4.000000000000000000e+00	3.542087407512209407e-02
4.016666666666666607e+00	-6.233145950877007346e-02
4.033333333333333215e+00	-5.638225262454069076e-03
4.049999999999999822e+00	-5.079577616863784756e-02
4.066666666666667318e+00	2.751561843828954912e-02
4.083333333333333925e+00	-5.744813945890920454e-02
4.099999999999999645e+00	-4.069795072698197125e-02
4.116666666666666252e+00	-1.035292597387706959e-01
4.133333333333332860e+00	-1.110730983760228885e-01
4.150000000000000355e+00	-1.033435290517141780e-01
4.166666666666666963e+00	-1.265308651965784958e-01
4.183333333333333570e+00	-9.272352252393649408e-02
4.200000000000000178e+00	-1.045549014509361552e-02
4.216666666666666785e+00	-9.259483192833393994e-02
4.233333333333333393e+00	-6.061845797237591649e-02
4.250000000000000000e+00	-8.062840253200981300e-02
4.266666666666666607e+00	-2.679771830635244850e-02
4.283333333333333215e+00	-6.987111795660079332e-03
4.300000000000000711e+00	-4.984374102650877131e-03
4.316666666666667318e+00	7.620766284914073929e-02
4.333333333333333037e+00	4.301098089406053815e-02
4.349999999999999645e+00	1.213695703803971404e-01
4.366666666666666252e+00	8.554269009707615723e-02
4.383333333333333748e+00	9.272551525427434604e-02
4.400000000000000355e+00	6.541039280107686926e-02
4.416666666666666963e+00	6.351848362619472166e-02
4.433333333333333570e+00	7.817260977801983313e-02
4.450000000000000178e+00	5.676578359855166678e-02
4.466666666666666785e+00	5.179272467828957560e-02
4.483333333333333393e+00	6.292488978447169368e-02
4.500000000000000000e+00	1.477550450200191927e-02
4.516666666666666607e+00	1.167270442092273146e-02
4.533333333333334103e+00	-2.358130621448478736e-02
4.550000000000000711e+00	-3.460685042599394301e-02
4.566666666666666430e+00	-6.911576007141709277e-02
4.583333333333333037e+00	-7.406302008446657981e-02
4.599999999999999645e+00	-3.366897080308030310e-02
4.616666666666667140e+00	-9.162597574988604054e-02
4.633333333333333748e+00	-8.480383474518254916e-02
4.650000000000000355e+00	-1.243212250268855845e-01
4.666666666666666963e+00	-1.142089898420998728e-01
4.683333333333332682e+00	-7.317657487203664546e-02
4.700000000000000178e+00	-7.146202592394026998e-02
4.716666666666666785e+00	-9.577900682487366923e-02
4.733333333333333393e+00	-3.687916476383011621e-02
4.750000000000000000e+00	-2.693261473574740106e-02
4.766666666666666607e+00	2.885510519255000961e-02
4.783333333333334103e+00	1.928262894266209032e-02
4.799999999999999822e+00	7.796851804526862273e-02
4.816666666666666430e+00	9.966998646683503105e-02
4.833333333333333037e+00	8.005822798836753629e-02
4.850000000000000533e+00	7.885740086771259039e-02
4.866666666666667140e+00	1.823640009550304975e-02
4.883333333333333748e+00	6.413314462335140131e-02
4.900000000000000355e+00	1.096003486328331195e-01
4.916666666666666075e+00	1.374673369418974445e-01
4.933333333333333570e+00	6.834803152875185139e-02
4.950000000000000178e+00	7.575497514631844564e-02
4.966666666666666785e+00	4.820571767113330380e-03
4.983333333333333393e+00	1.441073092629309091e-02
5.000000000000000000e+00	2.280427981537131929e-02
5.016666666666666607e+00	2.484380113845598842e-02
5.033333333333333215e+00	-2.974071366172630071e-02
5.049999999999999822e+00	-8.582433257685631589e-02
5.066666666666666430e+00	-4.378191943809688069e-02
5.083333333333333925e+00	-1.083843485145633556e-01
5.100000000000000533e+00	-1.437132966907840870e-01
5.116666666666667140e+00	-1.399168214463469562e-01
5.133333333333332860e+00	-1.035883252533922882e-01
5.149999999999999467e+00	-9.010606216938707447e-02
5.166666666666666963e+00	-8.149498804451357770e-02
5.183333333333333570e+00	-6.865025554960212106e-02
5.200000000000000178e+00	-6.020463481363393793e-02
5.216666666666666785e+00	-5.778098300674983090e-02
5.233333333333333393e+00	-6.947091711748241971e-02
5.250000000000000000e+00	-1.266720727523543838e-02
5.266666666666666607e+00	5.020721518367274316e-02
5.283333333333333215e+00	7.666010574231782448e-02
5.299999999999999822e+00	1.181397718474531400e-01
5.316666666666666430e+00	7.423517310455279850e-02
5.333333333333333925e+00	1.052031896354782420e-01
5.350000000000000533e+00	7.503342907882568080e-02
5.366666666666666252e+00	1.335546362309864010e-01
5.383333333333332860e+00	1.351146562721793065e-01
5.400000000000000355e+00	1.116040253082545702e-01
5.416666666666666963e+00	1.057919662562226831e-01
5.433333333333333570e+00	1.206996037616666351e-01
5.450000000000000178e+00	3.376535882641471670e-02
5.466666666666666785e+00	5.830550329013448746e-02
5.483333333333333393e+00	3.261016468316241257e-02
5.500000000000000000e+00	8.208710667705003405e-03
5.516666666666666607e+00	2.213136296126554797e-02
5.533333333333333215e+00	-3.976024264301506600e-02
5.549999999999999822e+00	-9.923835418576153547e-03
5.566666666666667318e+00	-4.025001774868339210e-02
5.583333333333333925e+00	-1.654111236689697478e-02
5.599999999999999645e+00	2.438720030441241665e-02
5.616666666666666252e+00	1.100488317529825510e-03
5.633333333333333748e+00	9.386151814523272310e-03
5.650000000000000355e+00	4.050239992931019273e-03
5.666666666666666963e+00	6.282996989459781190e-02
5.683333333333333570e+00	6.016882508290866821e-02
5.700000000000000178e+00	8.197135258942196689e-02
5.716666666666666785e+00	1.017222476665314707e-01
5.733333333333333393e+00	1.226172392901116875e-01
5.750000000000000000e+00	4.936746417721844110e-02
5.766666666666666607e+00	1.091393625508503690e-01
5.783333333333333215e+00	1.493121384740355162e-01
5.800000000000000711e+00	1.024910962912308904e-01
5.816666666666667318e+00	3.072967183383594481e-02
5.833333333333333037e+00	1.064899992862142208e-01
5.849999999999999645e+00	1.043705159769963975e-01
5.866666666666666252e+00	4.503694956259227805e-02
5.883333333333333748e+00	-4.811340925764176490e-02
5.900000000000000355e+00	-2.839684271074435773e-03
5.916666666666666963e+00	-4.864055968781246658e-02
5.933333333333333570e+00	-1.096787521415719946e-01
5.950000000000000178e+00	-8.717942161911820809e-02
5.966666666666666785e+00	-1.108141348049163644e-01
5.983333333333333393e+00	-1.889212402607378383e-01
6.000000000000000000e+00	-1.394742848954177716e-01
6.016666666666666607e+00	-1.751708798074906870e-01
6.033333333333334103e+00	-2.894253271299027652e-01
6.050000000000000711e+00	-2.779916762114916229e-01
6.066666666666666430e+00	-3.293685933225372620e-01
6.083333333333333037e+00	-2.846926171345857126e-01
6.099999999999999645e+00	-2.154628802851169256e-01
6.116666666666667140e+00	-3.043474619067405018e-01
6.133333333333333748e+00	-2.904385716833753350e-01
6.150000000000000355e+00	-3.215968511125153473e-01
6.166666666666666963e+00	-3.062061876524141968e-01
6.183333333333333570e+00	-3.207656818603069615e-01
6.200000000000000178e+00	-3.137610805201231368e-01
6.216666666666666785e+00	-3.430797918486984677e-01
6.233333333333333393e+00	-3.049071918356385802e-01
6.250000000000000000e+00	-3.230951053961154118e-01
6.266666666666667496e+00	-3.595559954041630535e-01
6.283333333333334103e+00	-3.145856000993855206e-01
6.299999999999999822e+00	-3.017383388323515159e-01
6.316666666666666430e+00	-3.726697499832562488e-01
6.333333333333333037e+00	-3.146778773670219631e-01
6.350000000000000533e+00	-2.885692677138907425e-01
6.366666666666667140e+00	-2.782153981206639259e-01
6.383333333333333748e+00	-2.374552591012913660e-01
6.399999999999999467e+00	-2.295530881375998922e-01
6.416666666666666075e+00	-2.213052651022768269e-01
6.433333333333333570e+00	-2.311491196319914176e-01
6.450000000000000178e+00	-1.716133072485364897e-01
6.466666666666666785e+00	-1.608927312617691452e-01
6.483333333333333393e+00	-1.308560030611603253e-01
6.500000000000000888e+00	-1.113433191029997021e-01
6.516666666666666607e+00	-1.094755525982077371e-01
6.533333333333333215e+00	-6.156150866804226823e-02
6.549999999999999822e+00	-3.193861884916350535e-02
6.566666666666666430e+00	9.175561368719619554e-03
6.583333333333333925e+00	5.622904634650507244e-02
6.600000000000000533e+00	1.002072559378322514e-01
6.616666666666667140e+00	1.553731244265473821e-01
6.633333333333332860e+00	1.842255684200559407e-01
6.649999999999999467e+00	1.662749970599702309e-01
6.666666666666666963e+00	2.184282888215823837e-01
6.683333333333333570e+00	1.746966264690696657e-01
6.700000000000000178e+00	2.411326191829390730e-01
6.716666666666666785e+00	2.412667034257682530e-01
6.733333333333333393e+00	2.766924682785799061e-01
6.750000000000000000e+00	2.595564725017109886e-01
6.766666666666666607e+00	3.036217379512654579e-01
6.783333333333333215e+00	2.904662233448037645e-01
6.799999999999999822e+00	3.438063472807648679e-01
6.816666666666667318e+00	3.844390502787211061e-01
6.833333333333333925e+00	3.856300010368450271e-01
6.850000000000000533e+00	3.906802195395460142e-01
6.866666666666666252e+00	4.333411792668340756e-01
6.883333333333332860e+00	3.791675768555416437e-01
6.900000000000000355e+00	4.303866995304871379e-01
6.916666666666666963e+00	3.778180815285019922e-01
6.933333333333333570e+00	3.808798473707742382e-01
6.950000000000000178e+00	3.939996948169860458e-01
6.966666666666666785e+00	3.901571374759189581e-01
6.983333333333333393e+00	4.180129725475011382e-01
7.000000000000000000e+00	4.418042842998284869e-01
7.016666666666666607e+00	3.746912802367394768e-01
7.033333333333333215e+00	3.350025448425939523e-01
7.049999999999999822e+00	3.345523357169781220e-01
7.066666666666667318e+00	2.773862574175590678e-01
7.083333333333333925e+00	2.814173100090973656e-01
7.099999999999999645e+00	2.331145141103774521e-01
7.116666666666666252e+00	2.442517808358203868e-01
7.133333333333333748e+00	2.116431703561071909e-01
7.150000000000000355e+00	2.048503770016652514e-01
7.166666666666666963e+00	1.391295565811405399e-01
7.183333333333333570e+00	1.233156152536885736e-01
7.200000000000000178e+00	1.285694091916787518e-01
7.216666666666666785e+00	1.115196760047213326e-01
7.233333333333333393e+00	7.225278708373981951e-02
7.250000000000000000e+00	4.521902026614020575e-02
7.266666666666666607e+00	4.351948667395064141e-04
7.283333333333333215e+00	-3.635507539973058255e-02
7.300000000000000711e+00	-9.301840365133512423e-02
7.316666666666667318e+00	-1.031084394446342006e-01
7.333333333333333037e+00	-4.956668441333337422e-02
7.349999999999999645e+00	-1.330290675563838010e-01
7.366666666666667140e+00	-1.783904819419773746e-01
7.383333333333333748e+00	-1.964743918736654993e-01
7.400000000000000355e+00	-2.315427368534274666e-01
7.416666666666666963e+00	-2.074098857649888938e-01
7.433333333333333570e+00	-2.198045082941192385e-01
7.450000000000000178e+00	-2.755660434842767126e-01
7.466666666666666785e+00	-2.897154537210374636e-01
7.483333333333333393e+00	-2.860766532916597660e-01
7.500000000000000000e+00	-3.479419465998322414e-01
7.516666666666666607e+00	-3.359277431443123407e-01
7.533333333333334103e+00	-4.002675956501378085e-01
7.550000000000000711e+00	-3.858213737984771963e-01
7.566666666666666430e+00	-3.861175199207288466e-01
7.583333333333333037e+00	-3.552359068463916136e-01
7.599999999999999645e+00	-3.395620367478063839e-01
7.616666666666667140e+00	-3.849164633708962446e-01
7.633333333333333748e+00	-4.112253439665620180e-01
7.649999999999999467e+00	-3.784240376584125931e-01
7.666666666666666963e+00	-4.009781047646876484e-01
7.683333333333333570e+00	-3.666817233096849593e-01
7.700000000000001066e+00	-3.753918438633730426e-01
7.716666666666666785e+00	-3.207136693525509674e-01
7.733333333333332504e+00	-3.594134972376482051e-01
7.750000000000000000e+00	-3.781517811375273430e-01
7.766666666666666607e+00	-3.662069388485747479e-01
7.783333333333334103e+00	-3.664710702731108771e-01
7.799999999999999822e+00	-3.166066156304672696e-01
7.816666666666667318e+00	-2.859768843756564927e-01
7.833333333333333037e+00	-2.323264597161955602e-01
7.849999999999999645e+00	-2.632518014804684503e-01
7.866666666666667140e+00	-1.574404056389088202e-01
7.883333333333332860e+00	-2.043669809635346168e-01
7.900000000000000355e+00	-1.119925036637839239e-01
7.916666666666666963e+00	-1.134679490629528636e-01
7.933333333333334458e+00	-1.048750304957391799e-01
7.950000000000000178e+00	-2.407367985829356183e-03
7.966666666666665897e+00	-4.540738005687283696e-02
7.983333333333333393e+00	-6.331294611675108985e-02
8.000000000000000000e+00	4.179111446836694665e-02
8.016666666666667496e+00	3.206552593789999128e-02
8.033333333333333215e+00	4.379654092367897544e-02
8.050000000000000711e+00	8.929699078127570355e-02
8.066666666666666430e+00	1.918771817772766952e-01
8.083333333333332149e+00	1.511075353748901062e-01
8.099999999999999645e+00	1.447425097098574143e-01
8.116666666666667140e+00	2.105394838221340548e-01
8.133333333333334636e+00	2.661006222229094220e-01
8.150000000000000355e+00	2.151957535362377383e-01
8.166666666666667851e+00	3.158851350462634211e-01
8.183333333333333570e+00	3.090848123922394497e-01
8.199999999999999289e+00	3.576476922108864365e-01
8.216666666666666785e+00	3.615813042546075495e-01
8.233333333333332504e+00	3.408775271778848870e-01
8.250000000000000000e+00	3.777954187445478063e-01
8.266666666666665719e+00	4.358843002287277613e-01
8.283333333333334991e+00	3.984848470685635191e-01
8.300000000000000711e+00	3.369600400131597118e-01
8.316666666666666430e+00	3.741564726116968775e-01
8.333333333333333925e+00	3.995869697618905092e-01
8.349999999999999645e+00	4.004923346093356429e-01
8.366666666666667140e+00	4.446591249135679602e-01
8.383333333333332860e+00	4.286804304432020318e-01
8.400000000000000355e+00	4.067350068949561193e-01
8.416666666666666075e+00	4.436242452622468080e-01
8.433333333333333570e+00	3.954903581241216437e-01
8.450000000000001066e+00	3.460989512121659395e-01
8.466666666666666785e+00	3.310530525684685643e-01
8.483333333333334281e+00	2.933772908909189070e-01
8.500000000000000000e+00	3.116661457037540051e-01
8.516666666666667496e+00	2.365222973797817818e-01
8.533333333333333215e+00	2.764337485490352964e-01
8.549999999999998934e+00	2.886245215263927300e-01
8.566666666666666430e+00	1.766785461051446349e-01
8.583333333333332149e+00	2.186000547631939961e-01
8.600000000000001421e+00	1.820531608847160976e-01
8.616666666666667140e+00	1.421545415782934640e-01
8.633333333333334636e+00	1.037647822723555963e-01
8.650000000000000355e+00	1.730575342220351809e-01
8.666666666666666075e+00	8.341479497589572578e-02
8.683333333333333570e+00	6.086373272884751384e-02
8.699999999999999289e+00	-1.369348621098329284e-02
8.716666666666666785e+00	-2.850817157485464187e-02
8.733333333333332504e+00	-4.758778680686527596e-02
8.750000000000001776e+00	-1.315402863971969205e-02
8.766666666666667496e+00	-8.477163674253183900e-02
8.783333333333333215e+00	-1.662175847345445101e-01
8.800000000000000711e+00	-1.476200969141517050e-01
8.816666666666666430e+00	-1.852091636720880619e-01
8.833333333333333925e+00	-1.824537708993234919e-01
8.849999999999999645e+00	-2.885750292415359408e-01
8.866666666666667140e+00	-2.513382142418305598e-01
8.883333333333332860e+00	-3.340072598887146027e-01
8.900000000000000355e+00	-2.893449887253407571e-01
8.916666666666667851e+00	-3.549165059009709022e-01
8.933333333333333570e+00	-2.818387991957488348e-01
8.950000000000001066e+00	-3.514442865015294237e-01
8.966666666666666785e+00	-4.297299654296471982e-01
8.983333333333334281e+00	-3.867168134143253999e-01
9.000000000000000000e+00	-4.277162871702999691e-01
9.016666666666665719e+00	-4.105192732958463653e-01
9.033333333333333215e+00	-3.856699389189474081e-01
9.049999999999998934e+00	-3.711562491508278994e-01
9.066666666666668206e+00	-4.234691702089332654e-01
9.083333333333333925e+00	-3.951635974489690062e-01
9.100000000000001421e+00	-3.675145618366970068e-01
9.116666666666667140e+00	-3.842987180214800236e-01
9.133333333333332860e+00	-3.919516878276411709e-01
9.150000000000000355e+00	-4.014383249284566579e-01
9.166666666666666075e+00	-3.798588057497633841e-01
9.183333333333333570e+00	-3.576106339306285298e-01
9.199999999999999289e+00	-3.452061492013466237e-01
9.216666666666666785e+00	-3.336540798392299556e-01
9.233333333333334281e+00	-2.870296883669027355e-01
9.250000000000000000e+00	-2.773817337960564067e-01
9.266666666666667496e+00	-2.137302401946569730e-01
9.283333333333333215e+00	-2.005331553004303380e-01
9.300000000000000711e+00	-2.135786942713276404e-01
9.316666666666666430e+00	-1.811855877126444248e-01
9.333333333333333925e+00	-2.321192729795918119e-01
9.349999999999999645e+00	-1.614345281363932516e-01
9.366666666666665364e+00	-1.174911491368385158e-01
9.383333333333334636e+00	-3.573728070043201421e-02
9.400000000000000355e+00	-3.636653156468320353e-02
9.416666666666667851e+00	9.996022046512939574e-02
9.433333333333333570e+00	3.256764062802156717e-02
9.450000000000001066e+00	2.537242890336038892e-02
9.466666666666666785e+00	6.128672103767579538e-02
9.483333333333332504e+00	1.379781475383402012e-01
9.500000000000000000e+00	1.646365348365214087e-01
9.516666666666665719e+00	1.958337399171139470e-01
9.533333333333333215e+00	1.659018530936826052e-01
9.550000000000000711e+00	2.285386137493401193e-01
9.566666666666668206e+00	2.916504447663730848e-01
9.583333333333333925e+00	2.821428815887674912e-01
9.599999999999999645e+00	2.845329255739898477e-01
9.616666666666667140e+00	2.975464389807810917e-01
9.633333333333332860e+00	3.322729860736896579e-01
9.650000000000000355e+00	3.143552523336850535e-01
9.666666666666666075e+00	3.522999900306604815e-01
9.683333333333333570e+00	3.698286348181263339e-01
9.700000000000001066e+00	3.939189304444202233e-01
9.716666666666666785e+00	4.048400941426456567e-01
9.733333333333334281e+00	3.926354929562793639e-01
9.750000000000000000e+00	4.179376013315683203e-01
9.766666666666667496e+00	3.517546007007492093e-01
9.783333333333333215e+00	3.871702018636994369e-01
9.800000000000000711e+00	4.146714747794957856e-01
9.816666666666666430e+00	3.962077790752087103e-01
9.833333333333332149e+00	4.591490863451489490e-01
9.850000000000001421e+00	3.619996705208414767e-01
9.866666666666667140e+00	3.340478825459986534e-01
9.883333333333334636e+00	3.731941610626702266e-01
9.900000000000000355e+00	3.601774947885478806e-01
9.916666666666667851e+00	3.721352026529045065e-01
9.933333333333333570e+00	3.581557492684730448e-01
9.949999999999999289e+00	2.969326170803100462e-01
9.966666666666666785e+00	2.891865353322694010e-01
9.983333333333332504e+00	2.351596418015576839e-01
1.000000000000000000e+01	1.772331641966789217e-01
1.001666666666666750e+01	1.818267542668151604e-01
1.003333333333333321e+01	1.276237663047496418e-01
1.005000000000000071e+01	1.533206748955253940e-01
1.006666666666666643e+01	1.184984999334001421e-01
1.008333333333333393e+01	8.077505767249922031e-02
1.009999999999999964e+01	1.230242631892115024e-01
1.011666666666666714e+01	-4.936863173729006543e-03
1.013333333333333286e+01	-2.252456091042487254e-03
1.014999999999999858e+01	-6.159370420253441197e-02
1.016666666666666785e+01	-1.529737984060129674e-02
1.018333333333333357e+01	-6.867691563985367509e-02
1.020000000000000107e+01	-1.211764914931268144e-01
1.021666666666666679e+01	-1.568757401393167106e-01
1.023333333333333428e+01	-1.576890053713138895e-01
1.025000000000000000e+01	-2.229662177210509078e-01
1.026666666666666572e+01	-2.659769302266146163e-01
1.028333333333333321e+01	-2.620425182773649109e-01
1.029999999999999893e+01	-2.649901828872611165e-01
1.031666666666666643e+01	-2.811385607679513510e-01
1.033333333333333393e+01	-2.997562114670794808e-01
1.035000000000000142e+01	-3.536357299197191995e-01
1.036666666666666714e+01	-3.474943031376900304e-01
1.038333333333333286e+01	-3.719191827117387383e-01
1.040000000000000036e+01	-3.812416839193699114e-01
1.041666666666666607e+01	-3.792247264349362101e-01
1.043333333333333357e+01	-3.936599934407818968e-01
1.044999999999999929e+01	-4.082701835988370442e-01
1.046666666666666679e+01	-4.217697513625738304e-01
1.048333333333333428e+01	-3.849184275244624254e-01
1.050000000000000000e+01	-3.333922855599142920e-01
1.051666666666666750e+01	-3.444235740026573289e-01
1.053333333333333321e+01	-4.772346205265566299e-01
1.055000000000000071e+01	-3.684416322029192559e-01
1.056666666666666643e+01	-3.640751465828716005e-01
1.058333333333333393e+01	-3.907489437323068415e-01
1.059999999999999964e+01	-3.422884963392164304e-01
1.061666666666666536e+01	-2.848077677906488137e-01
1.063333333333333286e+01	-3.230134872777281063e-01
1.065000000000000036e+01	-3.155275461791705593e-01
1.066666666666666785e+01	-3.413556084665049783e-01
1.068333333333333357e+01	-3.140653732913551988e-01
1.070000000000000107e+01	-2.452048541068405640e-01
1.071666666666666679e+01	-1.859570338251015920e-01
1.073333333333333250e+01	-2.572562679978595002e-01
1.075000000000000000e+01	-1.536569865815515523e-01
1.076666666666666572e+01	-1.625940527728592933e-01
1.078333333333333321e+01	-8.974935949240740729e-02
1.080000000000000071e+01	-1.075544887790050863e-01
1.081666666666666821e+01	-9.649362643869167921e-02
1.083333333333333393e+01	-6.614786203537534326e-02
1.084999999999999964e+01	-1.317437085207435847e-02
1.086666666666666714e+01	3.519393830807034801e-02
1.088333333333333286e+01	6.697751285031318391e-02
1.090000000000000036e+01	6.345789157011103021e-02
1.091666666666666607e+01	8.603507258920646550e-02
1.093333333333333357e+01	1.297721947665300968e-01
1.095000000000000107e+01	2.167669891502409796e-01
1.096666666666666679e+01	1.474636157219902100e-01
1.098333333333333428e+01	2.264106151574484804e-01
1.100000000000000000e+01	1.880101521607692172e-01
1.101666666666666750e+01	2.225381088048366818e-01
1.103333333333333321e+01	2.984447396721874313e-01
1.105000000000000071e+01	2.694205812781060860e-01
1.106666666666666643e+01	3.224185028878850945e-01
1.108333333333333215e+01	2.961606244876846539e-01
1.109999999999999964e+01	3.216106207576110987e-01
1.111666666666666714e+01	3.429800988000244466e-01
1.113333333333333464e+01	2.975294365954901377e-01
1.115000000000000036e+01	3.177076437841614420e-01
1.116666666666666785e+01	3.103317224491547455e-01
1.118333333333333357e+01	3.544903697010987065e-01
1.119999999999999929e+01	3.365935907945461492e-01
1.121666666666666679e+01	3.282491663825046202e-01
1.123333333333333250e+01	3.086344661477242735e-01
1.125000000000000000e+01	2.774424505479650138e-01
1.126666666666666750e+01	2.836704781416147791e-01
1.128333333333333499e+01	3.046273579159023970e-01
1.130000000000000071e+01	2.418808240501348905e-01
1.131666666666666643e+01	3.041039696099049339e-01
1.133333333333333393e+01	3.070514263360994978e-01
1.134999999999999964e+01	1.578880180870224359e-01
1.136666666666666714e+01	2.023575457136504163e-01
1.138333333333333286e+01	2.492758779347893638e-01
1.140000000000000036e+01	2.039175961079267851e-01
1.141666666666666607e+01	1.416211779856989261e-01
1.143333333333333357e+01	1.679899544897205110e-01
1.145000000000000107e+01	7.673503432735324925e-02
1.146666666666666679e+01	5.723079585532373642e-02
1.148333333333333428e+01	1.200080586571787289e-01
1.150000000000000000e+01	2.003453342363362838e-02
1.151666666666666750e+01	3.308536440304953030e-02
1.153333333333333321e+01	3.031686341349211500e-03
1.154999999999999893e+01	4.054957396188059449e-03
1.156666666666666643e+01	3.047379535335711237e-02
1.158333333333333393e+01	-4.358091899715692275e-02
1.160000000000000142e+01	-2.318187314472076876e-02
1.161666666666666714e+01	-2.393351410850968336e-02
1.163333333333333464e+01	2.376962625369700294e-02
1.165000000000000036e+01	-7.650965843685250678e-02
1.166666666666666607e+01	-7.752449232213717845e-02
1.168333333333333357e+01	-6.243583424488798050e-02
1.169999999999999929e+01	-4.118810357779739695e-02
1.171666666666666679e+01	-8.909680511869172426e-02
1.173333333333333250e+01	-7.919619674467247294e-02
1.175000000000000178e+01	-4.997325243999711092e-02
1.176666666666666750e+01	-5.937296909323899752e-02
1.178333333333333321e+01	-9.008105341057350002e-02
1.180000000000000071e+01	-9.135817655102002055e-02
1.181666666666666643e+01	-7.123332580963051552e-02
1.183333333333333393e+01	-6.861019674195537044e-02
1.184999999999999964e+01	-7.522834194900054894e-02
1.186666666666666714e+01	-3.053704056185969212e-02
1.188333333333333286e+01	-4.215646910342546461e-02
1.190000000000000036e+01	-5.147364162678454841e-02
1.191666666666666785e+01	-2.649307826146382605e-02
1.193333333333333357e+01	-8.117356640322279104e-02
1.195000000000000107e+01	-7.884583880005868739e-02
1.196666666666666679e+01	-1.169249779757884078e-01
1.198333333333333428e+01	-4.091674999596277285e-03
1.200000000000000000e+01	-3.492920834217643627e-02
1.201666666666666572e+01	-6.849189508173661456e-02
1.203333333333333321e+01	-8.483505658630945134e-02
1.205000000000000071e+01	4.628378498737742430e-02
1.206666666666666821e+01	-1.186847954163195232e-02
1.208333333333333393e+01	-1.265620293884611898e-02
1.210000000000000142e+01	-3.731748095886426586e-02
1.211666666666666714e+01	-1.512445721776572126e-02
1.213333333333333286e+01	-2.230031141136082709e-02
1.215000000000000036e+01	-4.047750420759582690e-02
1.216666666666666607e+01	-3.929693141364774822e-02
1.218333333333333357e+01	-1.959209859896700323e-02
1.219999999999999929e+01	3.110328247984486469e-02
1.221666666666666856e+01	4.093944398471333762e-02
1.223333333333333428e+01	1.275800940671637310e-02
1.225000000000000000e+01	2.314350604936993641e-02
1.226666666666666750e+01	4.122198513128218222e-02
1.228333333333333321e+01	-9.145402243480779333e-03
1.230000000000000071e+01	-2.781601214577082357e-02
1.231666666666666643e+01	-7.328827087495224171e-03
1.233333333333333393e+01	-3.259672531893628711e-02
1.234999999999999964e+01	-3.846036927183899001e-02
1.236666666666666714e+01	-2.112268556641290831e-02
1.238333333333333464e+01	3.084375909526951287e-02
1.240000000000000036e+01	1.744920868085131360e-02
1.241666666666666785e+01	4.494067235100645402e-02
1.243333333333333357e+01	-1.256555314366642265e-02
1.245000000000000107e+01	-3.926893204238587724e-03
1.246666666666666679e+01	-5.021518482575957482e-02
1.248333333333333250e+01	2.174760500731225468e-02
1.250000000000000000e+01	3.961267629102609850e-02
1.251666666666666572e+01	-2.868712522544000429e-02
1.253333333333333499e+01	5.011739089529732016e-03
1.255000000000000071e+01	-2.410491603794086973e-02
1.256666666666666821e+01	-2.683587897331394731e-02
1.258333333333333393e+01	3.783433757008058951e-02
1.259999999999999964e+01	1.313541677213528672e-02
1.261666666666666714e+01	-1.884799030432105296e-02
1.263333333333333286e+01	8.084845042575644625e-03
1.265000000000000036e+01	1.737015814376096159e-02
1.266666666666666607e+01	1.215444737313724904e-02
1.268333333333333357e+01	9.981471611728359380e-03
1.270000000000000107e+01	-3.989254610197557477e-02
1.271666666666666679e+01	3.505684772810283012e-02
1.273333333333333428e+01	5.496910732270361352e-03
1.275000000000000000e+01	2.389235290396187622e-02
1.276666666666666750e+01	2.961746699784090914e-02
1.278333333333333321e+01	5.218293304966155344e-02
1.279999999999999893e+01	-3.993789442597530520e-02
1.281666666666666643e+01	4.961742549938598888e-03
1.283333333333333215e+01	-1.103861134422136174e-02
1.285000000000000142e+01	-2.669959553432002877e-02
1.286666666666666714e+01	-1.683296703284464010e-03
1.288333333333333464e+01	-5.997387086826712344e-02
1.290000000000000036e+01	2.644840751933231343e-02
1.291666666666666607e+01	1.967168728924181126e-02
1.293333333333333357e+01	-5.660815331068045839e-03
1.294999999999999929e+01	-2.505646236333993956e-02
1.296666666666666679e+01	1.755052451406494476e-02
1.298333333333333250e+01	-2.574950633082351281e-02
1.300000000000000178e+01	3.850590944901127743e-02
1.301666666666666750e+01	1.043717930130017187e-02
1.303333333333333321e+01	6.600629484034672805e-03
1.305000000000000071e+01	5.977490092446799581e-03
1.306666666666666643e+01	3.400948241975790959e-02
1.308333333333333393e+01	-3.887743148401975879e-02
1.309999999999999964e+01	9.788667823067387710e-03
1.311666666666666714e+01	4.181683307578664202e-03
1.313333333333333286e+01	-2.717179493704926022e-02
1.314999999999999858e+01	1.832079941083980881e-02
1.316666666666666785e+01	-1.819425357853031097e-02
1.318333333333333357e+01	-3.747204099382952375e-02
1.320000000000000107e+01	-5.575830776774751835e-02
1.321666666666666679e+01	-1.234275407157939784e-02
1.323333333333333428e+01	-6.525548131982486511e-03
1.325000000000000000e+01	4.157313560325759903e-03
1.326666666666666572e+01	2.797798566992483124e-02
1.328333333333333321e+01	-1.546855131786595804e-02
1.329999999999999893e+01	1.103976412309775820e-02
1.331666666666666821e+01	3.674633874455106308e-02
1.333333333333333393e+01	-2.906104728063187495e-02
1.335000000000000142e+01	1.768251108305576857e-02
1.336666666666666714e+01	5.532713362977031285e-02
1.338333333333333286e+01	-4.995122044993265814e-02
1.340000000000000036e+01	-3.510517110945839819e-02
1.341666666666666607e+01	2.112343550175857163e-02
1.343333333333333357e+01	-3.047806309634602112e-02
1.344999999999999929e+01	2.338365910022932592e-02
1.346666666666666679e+01	-2.171304919036698075e-02
1.348333333333333428e+01	2.592383765132750054e-02
1.350000000000000000e+01	3.702451618555384349e-02
1.351666666666666750e+01	2.758786783066959417e-02
1.353333333333333321e+01	-1.748551428238624000e-02
1.355000000000000071e+01	6.184120662923039274e-02
1.356666666666666643e+01	1.860745512726145676e-02
1.358333333333333393e+01	-8.931900821585032207e-03
1.359999999999999964e+01	2.265021533537142293e-02
1.361666666666666536e+01	-5.960207203041622062e-03
1.363333333333333464e+01	-1.969224950745369213e-02
1.365000000000000036e+01	2.113971423940290417e-02
1.366666666666666785e+01	-2.054372174905826076e-02
1.368333333333333357e+01	2.851447443365052320e-02
1.370000000000000107e+01	-2.482060461941221208e-02
1.371666666666666679e+01	1.473150167688152753e-02
1.373333333333333250e+01	-6.460706729107378032e-02
1.375000000000000000e+01	2.302616376876196955e-02
1.376666666666666572e+01	3.041741922488325547e-02
1.378333333333333321e+01	9.889531593858942940e-03
1.380000000000000071e+01	3.238683993557187751e-02
1.381666666666666821e+01	-8.689157603138299157e-03
1.383333333333333393e+01	-5.739024108088323570e-03
1.384999999999999964e+01	-2.903100993184050231e-03
1.386666666666666714e+01	5.473766289817811465e-02
1.388333333333333286e+01	3.001753325043370751e-02
1.390000000000000036e+01	-3.440228179521583746e-02
1.391666666666666607e+01	2.313301420214958562e-02
1.393333333333333357e+01	-3.333572328478756619e-02
1.395000000000000107e+01	4.326324908495637889e-02
1.396666666666666679e+01	-7.515483713177569837e-03
1.398333333333333428e+01	-5.138533999113329559e-02
1.400000000000000000e+01	-2.390984312250361496e-02
1.401666666666666750e+01	-3.974778906043985316e-02
1.403333333333333321e+01	-3.142335253111486204e-02
1.405000000000000071e+01	3.223945737457122040e-02
1.406666666666666643e+01	5.943879775498232473e-03
1.408333333333333215e+01	8.284659026766106682e-04
1.409999999999999964e+01	-2.945197484951474036e-03
1.411666666666666714e+01	3.434021537324181972e-02
1.413333333333333464e+01	4.105733194699851679e-02
1.415000000000000036e+01	5.294134457989903286e-02
1.416666666666666785e+01	-2.040776635489862864e-02
1.418333333333333357e+01	-2.490944795651963903e-02
1.419999999999999929e+01	3.899112702512584627e-02
1.421666666666666679e+01	5.797901972710253066e-02
1.423333333333333250e+01	-3.644207313786674424e-02
1.425000000000000000e+01	1.349625896753815779e-02
1.426666666666666750e+01	-1.982344025856653050e-02
1.428333333333333499e+01	-8.765394710222677854e-02
1.430000000000000071e+01	2.018035760599007356e-02
1.431666666666666643e+01	-9.032012332961702333e-03
1.433333333333333393e+01	7.161861477096601036e-02
1.434999999999999964e+01	3.825731513560086394e-02
1.436666666666666714e+01	-8.610173955407427263e-03
1.438333333333333286e+01	5.539175235671564557e-02
1.440000000000000036e+01	-5.571576424821237522e-02
1.441666666666666785e+01	-2.053186555571811373e-02
1.443333333333333357e+01	-3.702230226383066564e-02
1.445000000000000107e+01	-1.031203314789180901e-03
1.446666666666666679e+01	1.628822796876521969e-02
1.448333333333333428e+01	4.965607740182732127e-02
1.450000000000000000e+01	4.037944524073411312e-02
1.451666666666666750e+01	-1.160932392983984353e-02
1.453333333333333321e+01	1.040096268055997440e-03
1.454999999999999893e+01	-9.232374222374854777e-02
1.456666666666666643e+01	-6.798940473337931889e-02
1.458333333333333393e+01	-2.085291195751143994e-03
1.460000000000000142e+01	-3.414886959602950883e-02
1.461666666666666714e+01	6.293345549223396118e-02
1.463333333333333464e+01	-2.504267962046322418e-02
1.465000000000000036e+01	-7.806530036222893154e-02
1.466666666666666607e+01	-4.226256053789049366e-02
1.468333333333333357e+01	3.498001042625213663e-02
1.469999999999999929e+01	4.095731688648192315e-02
1.471666666666666679e+01	1.838136442459515837e-02
1.473333333333333428e+01	-3.309239641100516355e-02
1.475000000000000178e+01	2.327248899907997590e-02
1.476666666666666750e+01	1.810303872995397412e-02
1.478333333333333321e+01	-4.561282742431440468e-02
1.480000000000000071e+01	-1.479364433229047281e-02
1.481666666666666643e+01	-3.133072439029335049e-02
1.483333333333333393e+01	2.964953422257364871e-02
1.484999999999999964e+01	-7.024480207439534780e-03
1.486666666666666714e+01	1.715325919408689989e-02
1.488333333333333286e+01	2.340983576613362913e-02
1.490000000000000036e+01	-2.821589320889077157e-02
1.491666666666666785e+01	3.622152597473755897e-02
1.493333333333333357e+01	-2.027798607757607535e-02
1.495000000000000107e+01	-1.090507192372056240e-02
1.496666666666666679e+01	1.520354310896175620e-02
1.498333333333333428e+01	1.654016096975394548e-02
1.500000000000000000e+01	-1.428768872984430456e-02
1.501666666666666572e+01	-7.204948100380052442e-03
1.503333333333333321e+01	-3.573328720955209342e-03
1.505000000000000071e+01	-1.183777928876527351e-02
1.506666666666666821e+01	1.778226924582373275e-02
1.508333333333333393e+01	2.098533590927008363e-02
1.510000000000000142e+01	6.104002722320423825e-03
1.511666666666666714e+01	-7.020739494760656722e-03
1.513333333333333286e+01	7.435219194854561162e-03
1.515000000000000036e+01	2.810648231724428153e-02
1.516666666666666607e+01	-1.267087979224705519e-03
1.518333333333333357e+01	-3.883291192180121643e-02
1.519999999999999929e+01	-2.237446210913499739e-02
1.521666666666666856e+01	-4.104509922591020182e-03
1.523333333333333428e+01	2.735268209379880956e-03
1.525000000000000000e+01	5.763099383261573345e-03
1.526666666666666750e+01	-1.389125475439614496e-02
1.528333333333333321e+01	-3.429694733504329990e-02
1.529999999999999893e+01	4.169120870665091877e-02
1.531666666666666821e+01	4.723066488463997792e-02
1.533333333333333393e+01	-9.282208651365347852e-04
1.534999999999999964e+01	-5.856308555523039201e-03
1.536666666666666714e+01	-1.451544042249034057e-02
1.538333333333333286e+01	-1.498551392736976323e-02
1.540000000000000213e+01	-1.583442236430812958e-02
1.541666666666666785e+01	5.544805150972925874e-03
1.543333333333333357e+01	-1.563292081224954694e-03
1.544999999999999929e+01	6.486649377563916477e-03
1.546666666666666501e+01	-5.402490899027115150e-03
1.548333333333333428e+01	-5.367972581585184200e-02
1.550000000000000000e+01	1.750136146168184553e-02
1.551666666666666750e+01	-9.243639597519967208e-03
1.553333333333333321e+01	2.619499858708334086e-02
1.555000000000000249e+01	1.717166414591293419e-02
1.556666666666666821e+01	-5.760006311515745991e-02
1.558333333333333393e+01	5.025858448675583900e-02
1.559999999999999964e+01	-9.196159348743919784e-03
1.561666666666666536e+01	-2.632965996380896845e-02
1.563333333333333464e+01	-4.246826031719141969e-02
1.565000000000000036e+01	-3.341278549160658917e-02
1.566666666666666607e+01	6.591586092724220636e-02
1.568333333333333357e+01	-3.335164324881488562e-02
1.569999999999999929e+01	4.517560296173261242e-02
1.571666666666666856e+01	-7.340996541769800703e-03
1.573333333333333428e+01	-3.939849032663562955e-02
1.575000000000000000e+01	-3.544754669492941601e-02
1.576666666666666572e+01	2.234183940686899732e-03
1.578333333333333499e+01	2.979460927729828817e-02
1.580000000000000071e+01	-7.183963618717527366e-02
1.581666666666666643e+01	-3.435999159556388238e-02
1.583333333333333393e+01	3.667950807826847459e-02
1.584999999999999964e+01	1.213798753244877890e-02
1.586666666666666892e+01	-3.760893372217577468e-02
1.588333333333333464e+01	5.681441929689336548e-03
1.590000000000000036e+01	-8.362289710742584758e-03
1.591666666666666607e+01	8.695411567083638840e-03
1.593333333333333179e+01	2.973279114505571197e-02
1.595000000000000107e+01	1.146272477260871364e-02
1.596666666666666679e+01	-4.107865315495483338e-02
1.598333333333333250e+01	-9.407285873235816595e-03
1.600000000000000000e+01	-6.197213560160691470e-02
1.601666666666666927e+01	-1.109569660612768835e-02
1.603333333333333499e+01	-7.951795687078202276e-04
1.605000000000000071e+01	-1.059275732795195851e-02
1.606666666666666643e+01	8.388939391352892572e-03
1.608333333333333215e+01	-1.482611513114932660e-02
1.610000000000000142e+01	-1.573658670397920858e-02
1.611666666666666714e+01	-3.164424648237798565e-02
1.613333333333333286e+01	-5.493948557957076956e-02
1.614999999999999858e+01	-2.254086196645749361e-03
1.616666666666666430e+01	-4.515074633460311460e-02
1.618333333333333357e+01	-2.406086385489771690e-02
1.619999999999999929e+01	-2.472972642546888457e-03
1.621666666666666501e+01	-6.178664047491485428e-02
1.623333333333333428e+01	3.385462657976531548e-04
1.625000000000000355e+01	-3.900236152102808107e-02
1.626666666666666927e+01	-3.528951264909536804e-03
1.628333333333333499e+01	2.725746815035628642e-03
1.630000000000000071e+01	3.220941989114911586e-02
1.631666666666666643e+01	3.867882605373556843e-03
1.633333333333333570e+01	2.443911473305932988e-02
1.635000000000000142e+01	-5.326145060653627444e-02
1.636666666666666714e+01	-1.388422840700551282e-02
1.638333333333333286e+01	-3.298625793442203080e-02
1.639999999999999858e+01	-8.584767022193670605e-03
1.641666666666666785e+01	1.985230749712125001e-03
1.643333333333333357e+01	-6.891685994394898540e-02
1.644999999999999929e+01	-1.849059853476108656e-02
1.646666666666666501e+01	9.370365780129235808e-03
1.648333333333333428e+01	-3.587082435544004799e-02
1.650000000000000000e+01	-5.827427288059412042e-02
1.651666666666666572e+01	-3.342024348128023320e-02
1.653333333333333144e+01	-4.430634059951156500e-02
1.655000000000000071e+01	-3.143092344440732294e-02
1.656666666666666998e+01	-1.953011326385027321e-02
1.658333333333333570e+01	-3.100922821768451951e-02
1.660000000000000142e+01	-2.580350179818851133e-02
1.661666666666666714e+01	2.673652422929061190e-02
1.663333333333333286e+01	-1.728433362530966324e-03
1.665000000000000213e+01	4.494328145225555231e-03
1.666666666666666785e+01	1.222489656751152287e-02
1.668333333333333357e+01	2.417423738551893395e-02
1.669999999999999929e+01	-5.950298214135323104e-04
1.671666666666666856e+01	-6.955157007967329927e-03
1.673333333333333428e+01	-3.029974717521136118e-02
1.675000000000000000e+01	1.962558662018194788e-02
1.676666666666666572e+01	1.575257882233542994e-03
1.678333333333333144e+01	-4.505818284961789211e-02
1.680000000000000071e+01	-1.210935651708601110e-02
1.681666666666666643e+01	3.572174356952552421e-02
1.683333333333333215e+01	7.735168042027436297e-02
1.684999999999999787e+01	6.965873151874355136e-03
1.686666666666666714e+01	1.136680456989520513e-02
1.688333333333333641e+01	-6.931400565321544673e-03
1.690000000000000213e+01	5.691900428749849597e-03
1.691666666666666785e+01	-1.477999710470672724e-02
1.693333333333333357e+01	-2.467629366094567164e-02
1.695000000000000284e+01	-2.179223633119010961e-02
1.696666666666666856e+01	-8.895284682956668479e-03
1.698333333333333428e+01	-1.749133289432294736e-02
1.700000000000000000e+01	-3.095168140352722030e-02
1.701666666666666572e+01	-1.554162891767385535e-02
1.703333333333333499e+01	5.648946271537926868e-03
1.705000000000000071e+01	2.652417548234448086e-03
1.706666666666666643e+01	-8.165075948797347050e-02
1.708333333333333215e+01	-3.815746939714562830e-02
1.709999999999999787e+01	2.064460940937743599e-02
1.711666666666666714e+01	1.267859505442145689e-03
1.713333333333333286e+01	8.856230168353391649e-03
1.714999999999999858e+01	2.075386892741713264e-03
1.716666666666666430e+01	-4.002633505669523500e-02
1.718333333333333357e+01	6.688328237130083259e-03
1.720000000000000284e+01	-3.636487142100035264e-02
1.721666666666666856e+01	3.453797507269118494e-02
1.723333333333333428e+01	3.145885589618833966e-02
1.725000000000000000e+01	2.458931536069174778e-02
1.726666666666666927e+01	-9.057834089129268573e-02
1.728333333333333499e+01	5.241669553885774241e-02
1.730000000000000071e+01	-1.703959437222337531e-02
1.731666666666666643e+01	-1.905518214262923735e-03
1.733333333333333215e+01	-1.436844885521249178e-02
1.735000000000000142e+01	5.419856678572571723e-02
1.736666666666666714e+01	-2.728687655147503388e-02
1.738333333333333286e+01	2.535697917576313493e-02
1.739999999999999858e+01	-3.443327176211639223e-02
1.741666666666666430e+01	-6.089217938398330462e-03
1.743333333333333357e+01	1.107398171221952825e-02
1.744999999999999929e+01	4.212996517920221395e-02
1.746666666666666501e+01	3.627803089593352459e-02
1.748333333333333428e+01	1.473253045921578061e-02
1.750000000000000355e+01	4.191258224174878450e-02
1.751666666666666927e+01	-3.185325650653787061e-02
1.753333333333333499e+01	-5.600633711037508733e-02
1.755000000000000071e+01	2.567859940742732786e-02
1.756666666666666643e+01	-2.036413872805234448e-02
1.758333333333333570e+01	-4.488899169560224556e-03
1.760000000000000142e+01	1.629892374477349276e-02
1.761666666666666714e+01	4.132119948642462570e-02
1.763333333333333286e+01	-1.278947458374033071e-02
1.764999999999999858e+01	-1.144835185901050493e-03
1.766666666666666785e+01	8.863288723140762965e-03
1.768333333333333357e+01	-6.337485155553991903e-03
1.769999999999999929e+01	-5.613910505878916962e-02
1.771666666666666501e+01	-5.626930071297211317e-02
1.773333333333333428e+01	-2.766589109326146600e-02
1.775000000000000000e+01	1.687470624193504812e-02
1.776666666666666572e+01	-5.941293073764369187e-02
1.778333333333333144e+01	-4.989705918057055385e-03
1.780000000000000071e+01	5.121933064270531993e-02
1.781666666666666998e+01	-2.140935443857528223e-02
1.783333333333333570e+01	-2.519081042016712776e-02
1.785000000000000142e+01	-4.175398794158735605e-03
1.786666666666666714e+01	4.614580006303136556e-02
1.788333333333333286e+01	-2.068281394356003694e-02
1.790000000000000213e+01	-8.241928064831138823e-02
1.791666666666666785e+01	-2.805253931218767635e-03
1.793333333333333357e+01	2.720602464008348848e-02
1.794999999999999929e+01	3.705273777699891191e-02
1.796666666666666856e+01	2.769146427730569474e-02
1.798333333333333428e+01	2.562442062668200682e-02
1.800000000000000000e+01	1.916685687705321772e-02
1.801666666666666572e+01	1.776184540461282768e-02
1.803333333333333144e+01	1.367920929897172705e-02
1.805000000000000071e+01	1.056170908505802211e-03
1.806666666666666643e+01	1.150921698352452317e-03
1.808333333333333215e+01	1.863429211976950009e-02
1.809999999999999787e+01	3.326330021917868474e-02
1.811666666666666714e+01	-2.884453175598880245e-02
1.813333333333333641e+01	-7.246564190215307177e-02
1.815000000000000213e+01	-1.500108140519475740e-02
1.816666666666666785e+01	2.769847441068576041e-02
1.818333333333333357e+01	-3.601602703290537194e-02
1.820000000000000284e+01	-1.821880342482349452e-02
1.821666666666666856e+01	-2.923820115036638093e-02
1.823333333333333428e+01	2.685975688091309793e-02
1.825000000000000000e+01	1.968109804701306809e-02
1.826666666666666572e+01	1.359439553353177649e-02
1.828333333333333499e+01	-2.349855475630135276e-02
1.830000000000000071e+01	3.555786825228488685e-02
1.831666666666666643e+01	-3.473674637016824912e-02
1.833333333333333215e+01	-8.044433308735915444e-03
1.834999999999999787e+01	3.921932573171652697e-02
1.836666666666666714e+01	-3.342617374061702257e-02
1.838333333333333286e+01	-2.212934275665453393e-02
1.839999999999999858e+01	1.031517097011598778e-02
1.841666666666666430e+01	2.484823043700978146e-02
1.843333333333333357e+01	1.648584687339125013e-02
1.845000000000000284e+01	1.409476146374243587e-02
1.846666666666666856e+01	-1.331529304267546968e-02
1.848333333333333428e+01	3.130048280233246188e-02
1.850000000000000000e+01	2.612671633509593833e-02
1.851666666666666927e+01	-5.033607926535203433e-03
1.853333333333333499e+01	-2.597508144445295764e-02
1.855000000000000071e+01	1.961899181014442606e-02
1.856666666666666643e+01	-1.653304952865358723e-02
1.858333333333333215e+01	-2.517077144854871010e-02
1.860000000000000142e+01	5.067673704326632056e-02
1.861666666666666714e+01	2.295317236417854321e-03
1.863333333333333286e+01	2.773760956373825734e-02
1.864999999999999858e+01	-2.785098557527410437e-02
1.866666666666666785e+01	-3.771248165163420402e-02
1.868333333333333357e+01	-2.753404997674839538e-02
1.869999999999999929e+01	6.263589717886099487e-03
1.871666666666666501e+01	-1.947328856291906038e-02
1.873333333333333073e+01	3.407936271826784297e-02
1.875000000000000000e+01	-4.494208516681124504e-02
1.876666666666666927e+01	-5.145751251657139196e-03
1.878333333333333499e+01	6.390715679426360596e-02
1.880000000000000071e+01	-1.822690387377946808e-02
1.881666666666666643e+01	8.181887058198127408e-03
1.883333333333333570e+01	-8.354724310022980599e-04
1.885000000000000142e+01	-2.023480209159279897e-02
1.886666666666666714e+01	-2.336857138696797620e-02
1.888333333333333286e+01	-1.712411162476383877e-02
1.890000000000000213e+01	-1.812546902401345264e-02
1.891666666666666785e+01	2.049207895126191684e-02
1.893333333333333357e+01	-1.121830541358172229e-02
1.894999999999999929e+01	-1.363416627734508751e-02
1.896666666666666501e+01	2.533590103439600782e-02
1.898333333333333428e+01	2.428920175179311372e-03
1.900000000000000000e+01	-7.386667905677449242e-03
1.901666666666666572e+01	1.555233636718052898e-02
1.903333333333333144e+01	-2.056349218020884009e-02
1.904999999999999716e+01	-1.355112656872948379e-02
1.906666666666666643e+01	-3.614231698144560606e-02
1.908333333333333570e+01	1.803358230020980432e-02
1.910000000000000142e+01	-1.601572157370944119e-02
1.911666666666666714e+01	-6.745967346646170384e-03
1.913333333333333641e+01	1.977339875876719597e-02
1.915000000000000213e+01	-1.171589591457336370e-02
1.916666666666666785e+01	-3.711735130154736328e-02
1.918333333333333357e+01	-5.306853169422131450e-02
1.919999999999999929e+01	4.202024850921580110e-03
1.921666666666666856e+01	2.224549283753005612e-03
1.923333333333333428e+01	-4.945425072440506192e-02
1.925000000000000000e+01	-3.890399730434293546e-02
1.926666666666666572e+01	1.824738305837915117e-02
1.928333333333333144e+01	-2.038840894523686123e-02
1.930000000000000071e+01	-3.745507564119959082e-02
1.931666666666666643e+01	-2.874178192258184522e-02
1.933333333333333215e+01	7.734121446241257539e-03
1.934999999999999787e+01	3.944532175466427398e-02
1.936666666666666714e+01	2.305755160413718377e-02
1.938333333333333641e+01	-5.005981324676356953e-02
1.940000000000000213e+01	2.908566739025807146e-02
1.941666666666666785e+01	6.273283278117898487e-02
