Time_us	Received_Shear
0.000000000000000000e+00	-1.429665464741410215e-02
1.666666666666666644e-02	-1.020717937720262529e-02
3.333333333333333287e-02	1.337397810751904392e-02
4.999999999999999584e-02	-4.306088634846093333e-02
6.666666666666666574e-02	-2.629448106441352809e-02
8.333333333333334259e-02	4.153625716516898270e-02
9.999999999999999167e-02	1.204649331196517952e-02
1.166666666666666685e-01	2.076086325062161814e-02
1.333333333333333315e-01	5.718485530913224035e-02
1.499999999999999944e-01	6.202654799949307296e-02
1.666666666666666852e-01	6.819443125279904538e-02
1.833333333333333204e-01	8.140915335421128329e-02
1.999999999999999833e-01	1.400576119278605924e-01
2.166666666666666741e-01	5.041021964785306897e-02
2.333333333333333370e-01	4.869035895630839661e-02
2.500000000000000000e-01	5.525607579966443361e-02
2.666666666666666630e-01	-6.171066013930234795e-03
2.833333333333333814e-01	7.039502713000773959e-02
2.999999999999999889e-01	6.327549141452025461e-03
3.166666666666666519e-01	-7.791930611689108777e-02
3.333333333333333703e-01	-9.977153867731214376e-02
3.499999999999999778e-01	-4.068810241897520552e-02
3.666666666666666408e-01	-1.007986219344795265e-01
3.833333333333333592e-01	-1.294433152880250237e-01
3.999999999999999667e-01	-1.743776449633211989e-01
4.166666666666666852e-01	-1.744454653134162869e-01
4.333333333333333481e-01	-1.346150834967391186e-01
4.500000000000000111e-01	-1.341241090595850227e-01
4.666666666666666741e-01	-1.172766612592708868e-01
4.833333333333332815e-01	-8.281007773876708500e-02
5.000000000000000000e-01	-1.966235251541674847e-02
5.166666666666666075e-01	-6.229570279584140807e-03
5.333333333333333259e-01	2.241843239475537278e-02
5.500000000000000444e-01	6.166180066304779994e-02
5.666666666666667629e-01	7.271158458109146239e-02
5.833333333333333703e-01	1.771408139621690747e-01
5.999999999999999778e-01	1.828951904103352510e-01
6.166666666666666963e-01	1.909242379655748667e-01
6.333333333333333037e-01	2.415351157236067525e-01
6.500000000000000222e-01	1.688778127146576269e-01
6.666666666666667407e-01	1.631645817671817655e-01
6.833333333333333481e-01	1.892710490532141243e-01
6.999999999999999556e-01	6.736357912876732301e-02
7.166666666666666741e-01	3.867451199462076245e-02
7.333333333333332815e-01	2.762168317706083231e-02
7.500000000000000000e-01	-7.446832414190406382e-03
7.666666666666667185e-01	-3.450162007266945052e-02
7.833333333333334370e-01	-5.460640605722249380e-02
7.999999999999999334e-01	-9.779870844254796858e-02
8.166666666666666519e-01	-4.460486853519326361e-02
8.333333333333333703e-01	-6.925854211601008281e-02
8.499999999999999778e-01	-7.518763370380518452e-02
8.666666666666666963e-01	-1.132424960226542793e-01
8.833333333333334147e-01	-4.439032973525410680e-02
9.000000000000000222e-01	-1.121532525755503662e-01
9.166666666666666297e-01	-7.039912741329147627e-02
9.333333333333333481e-01	-5.646672620886356020e-02
9.499999999999999556e-01	-8.894034300834074980e-02
9.666666666666665630e-01	-1.495696918718727314e-02
9.833333333333333925e-01	-3.132865981555674195e-02
1.000000000000000000e+00	1.531841656343218769e-02
1.016666666666666829e+00	3.371752557545899115e-02
1.033333333333333215e+00	8.182221819365678717e-02
1.050000000000000044e+00	3.121301673398652748e-02
1.066666666666666652e+00	1.104411076582237639e-01
1.083333333333333259e+00	8.447297208964003878e-02
1.100000000000000089e+00	5.356376246248683443e-02
1.116666666666666696e+00	1.613475615938039440e-02
1.133333333333333526e+00	4.586301587243979405e-02
1.149999999999999911e+00	3.954022540687499726e-03
1.166666666666666741e+00	2.881143199336438573e-02
1.183333333333333348e+00	3.836473686704219149e-02
1.199999999999999956e+00	-4.733111660667338461e-03
1.216666666666666785e+00	2.197640931951492377e-02
1.233333333333333393e+00	-6.911492778550551268e-03
1.250000000000000000e+00	-1.973440925211836575e-02
1.266666666666666607e+00	8.170136097265294495e-03
1.283333333333333215e+00	-1.465611703778474904e-02
1.300000000000000044e+00	-2.071143434955766138e-02
1.316666666666666652e+00	-4.281594365462375318e-03
1.333333333333333481e+00	4.992394807178486549e-02
1.350000000000000089e+00	-2.034629509733103594e-02
1.366666666666666696e+00	-1.684054146023470852e-02
1.383333333333333304e+00	-5.593453130551518347e-03
1.399999999999999911e+00	-6.551657944569092007e-02
1.416666666666666741e+00	1.946042418944382568e-02
1.433333333333333348e+00	-4.356857153535407916e-03
1.450000000000000178e+00	2.347362272492582724e-02
1.466666666666666563e+00	4.405586830443805613e-02
1.483333333333333393e+00	8.013151641242053855e-03
1.500000000000000000e+00	-1.745815433261678484e-02
1.516666666666666607e+00	-2.040370866499935376e-02
1.533333333333333437e+00	-3.767020750243049027e-02
1.550000000000000044e+00	1.341223801970326673e-02
1.566666666666666874e+00	-2.013814612705238510e-02
1.583333333333333259e+00	-5.051883792128675221e-02
1.599999999999999867e+00	7.374642453220715821e-02
1.616666666666666696e+00	-3.288643594041753410e-02
1.633333333333333304e+00	1.889735251434988828e-02
1.650000000000000133e+00	2.838164775109895677e-02
1.666666666666666741e+00	-4.095800089703885080e-03
1.683333333333333348e+00	-3.154417744630164111e-02
1.699999999999999956e+00	-3.450525787845938608e-02
1.716666666666666563e+00	3.886640576888897303e-02
1.733333333333333393e+00	7.083039318064757867e-03
1.750000000000000000e+00	1.213234966064208852e-02
1.766666666666666829e+00	-3.545434758027396493e-02
1.783333333333333437e+00	-2.542814274316517603e-02
1.800000000000000044e+00	1.975633036039104937e-03
1.816666666666666652e+00	4.506551529639948872e-02
1.833333333333333259e+00	-2.448897403019882624e-02
1.850000000000000089e+00	8.273520148869718122e-03
1.866666666666666696e+00	1.261818760049999294e-02
1.883333333333333526e+00	6.974231215242977962e-03
1.899999999999999911e+00	4.428248568393858102e-03
1.916666666666666741e+00	-2.650797205868868703e-02
1.933333333333333126e+00	4.933763484233865109e-04
1.949999999999999956e+00	1.695083889089972831e-02
1.966666666666666785e+00	-2.172876207581421470e-02
1.983333333333333615e+00	1.460321332780984381e-02
2.000000000000000000e+00	2.573606066735929787e-02
2.016666666666666607e+00	3.193097645516756317e-02
2.033333333333333659e+00	3.837327355781953997e-02
2.049999999999999822e+00	-5.508261544298159035e-02
2.066666666666666430e+00	-2.504432403227060955e-02
2.083333333333333481e+00	2.248679328594255233e-02
2.100000000000000089e+00	3.435299158216642210e-03
2.116666666666666696e+00	-1.004763326603107590e-02
2.133333333333333304e+00	-1.219880041902150943e-02
2.150000000000000355e+00	-3.590067859959953506e-02
2.166666666666666519e+00	1.235849187839756225e-02
2.183333333333333126e+00	2.985998952125929438e-03
2.200000000000000178e+00	-1.200608307817602367e-02
2.216666666666666785e+00	-4.124645813733544830e-02
2.233333333333333393e+00	3.990244275459954538e-04
2.250000000000000000e+00	-2.394175510369612320e-02
2.266666666666667052e+00	-4.054012580339143301e-02
2.283333333333333215e+00	4.528132706380206748e-03
2.299999999999999822e+00	1.789866363617996503e-02
2.316666666666666874e+00	1.058812771441030622e-02
2.333333333333333481e+00	-1.336544067447609577e-02
2.350000000000000089e+00	-2.386540682798306279e-02
2.366666666666666696e+00	8.414095959888422127e-03
2.383333333333333304e+00	4.020723556342822858e-03
2.399999999999999911e+00	-4.587705520534214598e-02
2.416666666666666519e+00	1.948326283811088397e-02
2.433333333333333570e+00	-3.001678653539798305e-02
2.450000000000000178e+00	-6.479063226947669174e-02
2.466666666666666785e+00	4.912704583899420857e-02
2.483333333333333393e+00	7.537400308791041004e-03
2.500000000000000000e+00	3.714893638500008088e-02
2.516666666666666607e+00	-4.746619202457415081e-03
2.533333333333333215e+00	-4.954144306481157028e-02
2.550000000000000266e+00	-3.057644430456721643e-02
2.566666666666666430e+00	6.898060217237222264e-03
2.583333333333333481e+00	-2.084258871497950832e-02
2.600000000000000089e+00	1.636780237161206131e-02
2.616666666666666696e+00	1.573210998474802030e-02
2.633333333333333304e+00	-3.892680750339212563e-03
2.649999999999999911e+00	2.909134972838383834e-02
2.666666666666666963e+00	2.048238008735146082e-02
2.683333333333333126e+00	5.654126815234759851e-02
2.700000000000000178e+00	-8.008516540998687067e-03
2.716666666666666785e+00	-7.800960436104229997e-03
2.733333333333333393e+00	1.943961468524853725e-05
2.750000000000000000e+00	4.575759263100055187e-03
2.766666666666666607e+00	-2.944001006056660291e-02
2.783333333333333659e+00	-2.799903781444159495e-02
2.799999999999999822e+00	-1.259412482841437697e-02
2.816666666666666874e+00	5.305084211479640932e-02
2.833333333333333481e+00	-3.843303727732090558e-02
2.850000000000000089e+00	5.220941820889719691e-03
2.866666666666666696e+00	-3.424256362166805314e-03
2.883333333333333304e+00	-2.867593534210791453e-02
2.900000000000000355e+00	1.465212622716264776e-02
2.916666666666666519e+00	-2.593543062618547043e-02
2.933333333333333126e+00	-5.014070248737834135e-02
2.950000000000000178e+00	-1.527513061517008115e-02
2.966666666666666785e+00	5.235496264065158528e-02
2.983333333333333393e+00	-1.153546345394311327e-02
3.000000000000000000e+00	6.714519640355721096e-03
3.016666666666667052e+00	2.600012268427007688e-03
3.033333333333333215e+00	-3.666235242619401242e-04
3.049999999999999822e+00	4.957283873909971127e-03
3.066666666666666874e+00	-9.566036129723133261e-03
3.083333333333333481e+00	-1.325179576000639833e-02
3.100000000000000089e+00	1.508204854070984910e-02
3.116666666666666696e+00	1.962633208219698860e-02
3.133333333333333748e+00	3.704782967141912603e-02
3.149999999999999911e+00	1.350096077620056845e-02
3.166666666666666519e+00	2.543949012113786746e-03
3.183333333333333570e+00	-5.408605522682478385e-03
3.199999999999999734e+00	-6.001195187295109944e-03
3.216666666666666785e+00	-2.287178477359709181e-02
3.233333333333333393e+00	-6.618062514731531953e-02
3.250000000000000444e+00	-1.702444705558750840e-02
3.266666666666666607e+00	-2.745966888689641699e-02
3.283333333333333215e+00	-4.457289854113342248e-02
3.300000000000000266e+00	-7.225813450062651411e-02
3.316666666666666430e+00	-7.305741512919791680e-02
3.333333333333333481e+00	-1.043315238633134440e-01
3.350000000000000089e+00	-9.843591287247306643e-02
3.366666666666666696e+00	-1.057220012539628884e-01
3.383333333333333304e+00	-1.043495800671467300e-01
3.399999999999999911e+00	-8.505730455947992097e-02
3.416666666666666963e+00	-4.973340444000840660e-02
3.433333333333333126e+00	-5.113765180525434856e-02
3.450000000000000178e+00	-6.880974333155610856e-02
3.466666666666666785e+00	-2.790318698363988825e-02
3.483333333333333393e+00	-3.122964247941376406e-02
3.500000000000000000e+00	1.668529799630735083e-02
3.516666666666666607e+00	1.884618862504316636e-02
3.533333333333333659e+00	6.341308602404416642e-03
3.549999999999999822e+00	9.056065364133930595e-02
3.566666666666666874e+00	5.695817228471385801e-02
3.583333333333333481e+00	6.839575234434010220e-02
3.600000000000000089e+00	8.852545600337237419e-02
3.616666666666666696e+00	1.136499685226664280e-01
3.633333333333333304e+00	1.632239634015525687e-01
3.650000000000000355e+00	1.272680870600712555e-01
3.666666666666666519e+00	1.383904058407586513e-01
3.683333333333333570e+00	1.041855713048635002e-01
3.700000000000000178e+00	1.029828404531339392e-01
3.716666666666666785e+00	1.586127569880105281e-01
3.733333333333333393e+00	1.088610499727388770e-01
3.750000000000000000e+00	9.803762314863441463e-02
3.766666666666667052e+00	1.220456891662305698e-01
3.783333333333333215e+00	1.114288837555400535e-01
3.799999999999999822e+00	5.203255727899648575e-02
3.816666666666666874e+00	2.852586215413128318e-02
3.833333333333333481e+00	3.738944712723359098e-02
3.850000000000000533e+00	-4.967644797506706733e-02
3.866666666666666252e+00	-2.006808381817103484e-02
3.883333333333333304e+00	-5.894156436112556186e-02
3.899999999999999911e+00	-7.887914541702380211e-02
3.916666666666666519e+00	-5.537836956740898459e-02
3.933333333333333570e+00	-1.223357861811154162e-01
3.950000000000000178e+00	-1.190308454061238252e-01
3.966666666666667229e+00	-9.996955602284438025e-02
3.983333333333332948e+00	-9.844214457946132146e-02
4.000000000000000000e+00	-1.701207320993123329e-01
4.016666666666666607e+00	-1.298683388067242428e-01
4.033333333333333215e+00	-1.433936695387915405e-01
4.049999999999999822e+00	-1.734181420593032819e-01
4.066666666666667318e+00	-1.387602171484125790e-01
4.083333333333333925e+00	-1.297981306618515573e-01
4.099999999999999645e+00	-6.923619848493584028e-02
4.116666666666666252e+00	-1.049065457508788213e-01
4.133333333333332860e+00	-7.427381517711834080e-02
4.150000000000000355e+00	-3.622623785771723198e-02
4.166666666666666963e+00	3.201291458102371867e-02
4.183333333333333570e+00	-5.767088680912920741e-03
4.200000000000000178e+00	8.739934190982467238e-03
4.216666666666666785e+00	3.071880087041044260e-02
4.233333333333333393e+00	3.057515684561620123e-02
4.250000000000000000e+00	6.395497057858165468e-02
4.266666666666666607e+00	1.045445554158232759e-01
4.283333333333333215e+00	1.239810135421349074e-01
4.300000000000000711e+00	8.187630277679587565e-02
4.316666666666667318e+00	1.376212136167188071e-01
4.333333333333333037e+00	1.342645125555413099e-01
4.349999999999999645e+00	1.516843368028852057e-01
4.366666666666666252e+00	1.378074572028581413e-01
4.383333333333333748e+00	1.669673018515751284e-01
4.400000000000000355e+00	1.738973188043296814e-01
4.416666666666666963e+00	9.033742287344048716e-02
4.433333333333333570e+00	6.460006560480389959e-02
4.450000000000000178e+00	8.198633980644179364e-02
4.466666666666666785e+00	5.036855963030706373e-02
4.483333333333333393e+00	5.718470479407283813e-02
4.500000000000000000e+00	4.055452407637329115e-02
4.516666666666666607e+00	5.875935041477939672e-03
4.533333333333334103e+00	-6.418886330400632584e-03
4.550000000000000711e+00	-2.715976312614342900e-02
4.566666666666666430e+00	-6.854475157663508789e-02
4.583333333333333037e+00	-1.266916193973788296e-01
4.599999999999999645e+00	-9.950010239094118913e-02
4.616666666666667140e+00	-7.311202430065727453e-02
4.633333333333333748e+00	-1.276115281404424651e-01
4.650000000000000355e+00	-1.567163090886911914e-01
4.666666666666666963e+00	-1.455137659879775780e-01
4.683333333333332682e+00	-1.133275680799820384e-01
4.700000000000000178e+00	-1.110752973697116119e-01
4.716666666666666785e+00	-1.780205094044220726e-01
4.733333333333333393e+00	-1.412543400496779622e-01
4.750000000000000000e+00	-6.410123666614385429e-02
4.766666666666666607e+00	-1.314599299857642511e-01
4.783333333333334103e+00	-7.164746970854118935e-02
4.799999999999999822e+00	-8.813972383122338494e-02
4.816666666666666430e+00	-6.430898445775043437e-02
4.833333333333333037e+00	-2.126236113650522425e-02
4.850000000000000533e+00	-4.180558813398276702e-02
4.866666666666667140e+00	4.941487640596504971e-02
4.883333333333333748e+00	3.334118695570811863e-02
4.900000000000000355e+00	5.102672420784466756e-02
4.916666666666666075e+00	1.146072745350745770e-01
4.933333333333333570e+00	1.207516014110862484e-01
4.950000000000000178e+00	1.206923339540381945e-01
4.966666666666666785e+00	1.137209762095063442e-01
4.983333333333333393e+00	1.871867592017590620e-01
5.000000000000000000e+00	1.905982466422388444e-01
5.016666666666666607e+00	1.508042464762577861e-01
5.033333333333333215e+00	1.379181896635814364e-01
5.049999999999999822e+00	1.481742470165348657e-01
5.066666666666666430e+00	9.847702767610311270e-02
5.083333333333333925e+00	1.481500354368301131e-01
5.100000000000000533e+00	7.495137112477254226e-02
5.116666666666667140e+00	1.367210872533095034e-01
5.133333333333332860e+00	8.289038631750036967e-02
5.149999999999999467e+00	3.240991399862861583e-02
5.166666666666666963e+00	2.618169418666775952e-02
5.183333333333333570e+00	2.965661115754902530e-02
5.200000000000000178e+00	1.889987837862268025e-02
5.216666666666666785e+00	-8.116446017535056123e-02
5.233333333333333393e+00	-6.915470338478034440e-02
5.250000000000000000e+00	-8.351612936634220108e-02
5.266666666666666607e+00	-1.009638214050605914e-01
5.283333333333333215e+00	-1.254778205950176917e-01
5.299999999999999822e+00	-1.245511004156599350e-01
5.316666666666666430e+00	-1.389459866608782346e-01
5.333333333333333925e+00	-1.534840338013467032e-01
5.350000000000000533e+00	-1.021079602286107668e-01
5.366666666666666252e+00	-2.007788196624625543e-01
5.383333333333332860e+00	-1.018791528911729694e-01
5.400000000000000355e+00	-1.764541439112700116e-01
5.416666666666666963e+00	-1.261884673287907987e-01
5.433333333333333570e+00	-1.362529845496169290e-01
5.450000000000000178e+00	-6.784024617821006464e-02
5.466666666666666785e+00	-7.205904090857503941e-02
5.483333333333333393e+00	-6.784197538974506836e-02
5.500000000000000000e+00	-7.960589599733412791e-02
5.516666666666666607e+00	3.668901061044897022e-02
5.533333333333333215e+00	1.936925418052383441e-03
5.549999999999999822e+00	1.245397954594054668e-01
5.566666666666667318e+00	2.574603306016084309e-02
5.583333333333333925e+00	1.018790433632437847e-01
5.599999999999999645e+00	2.655166927476405869e-02
5.616666666666666252e+00	1.431334789231772098e-01
5.633333333333333748e+00	1.423151196877234514e-01
5.650000000000000355e+00	1.295181203869781861e-01
5.666666666666666963e+00	1.712099716004654715e-01
5.683333333333333570e+00	1.189034948097341948e-01
5.700000000000000178e+00	1.030524814018331792e-01
5.716666666666666785e+00	8.622691748941761769e-02
5.733333333333333393e+00	1.192981728029725297e-01
5.750000000000000000e+00	1.020537592401412619e-01
5.766666666666666607e+00	1.202334620681053817e-01
5.783333333333333215e+00	1.133300688017410823e-01
5.800000000000000711e+00	9.363035117533843876e-02
5.816666666666667318e+00	1.968919195338021330e-02
5.833333333333333037e+00	3.532947470889372804e-02
5.849999999999999645e+00	-9.886848650853554375e-04
5.866666666666666252e+00	-2.181543827007053141e-02
5.883333333333333748e+00	-6.223448600613745718e-02
5.900000000000000355e+00	-6.933075931652293855e-02
5.916666666666666963e+00	-5.404723333102006561e-02
5.933333333333333570e+00	-8.311850939757690904e-02
5.950000000000000178e+00	-7.860540923585458695e-02
5.966666666666666785e+00	-1.267696581332226069e-01
5.983333333333333393e+00	-1.575326749785522229e-01
6.000000000000000000e+00	-1.249741723469455640e-01
6.016666666666666607e+00	-1.544359731371190425e-01
6.033333333333334103e+00	-1.620804470865252478e-01
6.050000000000000711e+00	-1.535877123012088785e-01
6.066666666666666430e+00	-9.801020263611143202e-02
6.083333333333333037e+00	-1.780904429699527725e-01
6.099999999999999645e+00	-1.242650761182466368e-01
6.116666666666667140e+00	-4.781797430307695163e-02
6.133333333333333748e+00	-3.117960067466235552e-02
6.150000000000000355e+00	-4.008903508974075158e-02
6.166666666666666963e+00	-4.890641781715869552e-02
6.183333333333333570e+00	2.743724113824367802e-02
6.200000000000000178e+00	3.608193803079608880e-03
6.216666666666666785e+00	4.964767100999160215e-02
6.233333333333333393e+00	8.302326895848914645e-02
6.250000000000000000e+00	1.262674056454461680e-02
6.266666666666667496e+00	7.575299467761503758e-02
6.283333333333334103e+00	1.026615688676614790e-01
6.299999999999999822e+00	1.601265597620110948e-01
6.316666666666666430e+00	1.194433626559329720e-01
6.333333333333333037e+00	1.537389044342660493e-01
6.350000000000000533e+00	9.604068184932276764e-02
6.366666666666667140e+00	1.447242635567045910e-01
6.383333333333333748e+00	1.800291355671387317e-01
6.399999999999999467e+00	1.170714283507494069e-01
6.416666666666666075e+00	1.158126120160937328e-01
6.433333333333333570e+00	1.210049393984733573e-01
6.450000000000000178e+00	1.053769412178321013e-01
6.466666666666666785e+00	6.474794809740128110e-02
6.483333333333333393e+00	7.484897252540283208e-02
6.500000000000000888e+00	5.071518868890623893e-02
6.516666666666666607e+00	-8.309553215219898925e-02
6.533333333333333215e+00	-3.496613646142796711e-02
6.549999999999999822e+00	6.973755371941350867e-03
6.566666666666666430e+00	-9.101210326096950687e-02
6.583333333333333925e+00	-1.343816856779539992e-01
6.600000000000000533e+00	-9.283141537009459432e-02
6.616666666666667140e+00	-1.180700657402189574e-01
6.633333333333332860e+00	-7.778142493910039645e-02
6.649999999999999467e+00	-1.393974691296140100e-01
6.666666666666666963e+00	-1.551406773132015804e-01
6.683333333333333570e+00	-1.671575070386997208e-01
6.700000000000000178e+00	-1.430045460823333170e-01
6.716666666666666785e+00	-1.326878881769804341e-01
6.733333333333333393e+00	-1.854012240878549767e-01
6.750000000000000000e+00	-1.075780537672785253e-01
6.766666666666666607e+00	-1.267675979608960390e-01
6.783333333333333215e+00	-3.816886276573126791e-02
6.799999999999999822e+00	-1.075496621975997602e-01
6.816666666666667318e+00	-7.813296571858394102e-02
6.833333333333333925e+00	-3.358251486243797601e-02
6.850000000000000533e+00	3.617025859670332244e-02
6.866666666666666252e+00	4.385213313300882418e-03
6.883333333333332860e+00	2.240144213033910467e-02
6.900000000000000355e+00	1.137327361785544777e-01
6.916666666666666963e+00	8.493725942334576229e-02
6.933333333333333570e+00	2.853257129842391715e-02
6.950000000000000178e+00	6.873495438603544061e-02
6.966666666666666785e+00	9.613808882057693628e-02
6.983333333333333393e+00	6.435220297078286800e-02
7.000000000000000000e+00	1.081589974746466898e-01
7.016666666666666607e+00	8.710826622455421220e-02
7.033333333333333215e+00	1.026578810786657331e-01
7.049999999999999822e+00	6.186607753169620638e-02
7.066666666666667318e+00	5.970279610712567187e-02
7.083333333333333925e+00	9.280754935771549918e-02
7.099999999999999645e+00	3.463659443539428284e-02
7.116666666666666252e+00	3.937047878075655011e-02
7.133333333333333748e+00	5.158009425646211538e-02
7.150000000000000355e+00	7.679845702686843856e-03
7.166666666666666963e+00	6.033740597954673213e-02
7.183333333333333570e+00	4.322368106204901861e-02
7.200000000000000178e+00	2.549409944834914524e-02
7.216666666666666785e+00	1.597883499486890679e-02
7.233333333333333393e+00	2.392440341284210459e-02
7.250000000000000000e+00	-1.191757203009712399e-02
7.266666666666666607e+00	-7.983810753348724587e-02
7.283333333333333215e+00	-6.545477638150695547e-03
7.300000000000000711e+00	7.615175413055390308e-03
7.316666666666667318e+00	4.815323501874038681e-02
7.333333333333333037e+00	5.202382181483723722e-02
7.349999999999999645e+00	-2.083583252691253301e-03
7.366666666666667140e+00	1.439655928185797074e-03
7.383333333333333748e+00	4.174628148628919955e-02
7.400000000000000355e+00	2.334274297776353993e-02
7.416666666666666963e+00	4.107196212356901965e-02
7.433333333333333570e+00	-1.175047320580199783e-03
7.450000000000000178e+00	7.392048098200988682e-02
7.466666666666666785e+00	7.448934106105047082e-02
7.483333333333333393e+00	4.053008512499817195e-02
7.500000000000000000e+00	9.213633958290494419e-02
7.516666666666666607e+00	6.616049225464874783e-02
7.533333333333334103e+00	1.895246354459023674e-02
7.550000000000000711e+00	4.534354271482040483e-02
7.566666666666666430e+00	8.234867857027923510e-02
7.583333333333333037e+00	1.216788295887405447e-01
7.599999999999999645e+00	1.100630534074822642e-01
7.616666666666667140e+00	1.119526789342427803e-01
7.633333333333333748e+00	7.513514897968308348e-02
7.649999999999999467e+00	6.103026704359160864e-02
7.666666666666666963e+00	1.281174259721160058e-01
7.683333333333333570e+00	7.039375431212413492e-02
7.700000000000001066e+00	9.459658741562756989e-02
7.716666666666666785e+00	1.365822567274485588e-01
7.733333333333332504e+00	1.338690312397266269e-01
7.750000000000000000e+00	3.030247732288653822e-02
7.766666666666666607e+00	6.985597805776654068e-02
7.783333333333334103e+00	9.233629522658919064e-02
7.799999999999999822e+00	1.218546654238056026e-01
7.816666666666667318e+00	2.520005446585435460e-02
7.833333333333333037e+00	6.044346212892040549e-02
7.849999999999999645e+00	8.104336818283754129e-02
7.866666666666667140e+00	3.054701396227893495e-02
7.883333333333332860e+00	3.409039103165647372e-02
7.900000000000000355e+00	3.550321177974585796e-02
7.916666666666666963e+00	1.998196605638423787e-02
7.933333333333334458e+00	-4.386005361248911799e-02
7.950000000000000178e+00	2.610995346863332484e-02
7.966666666666665897e+00	4.346704403007988632e-02
7.983333333333333393e+00	-3.101520108001480647e-02
8.000000000000000000e+00	-4.536060956546787010e-02
8.016666666666667496e+00	-6.655536919017940312e-02
8.033333333333333215e+00	-2.979647236834283286e-02
8.050000000000000711e+00	-8.793573633690564273e-02
8.066666666666666430e+00	-9.680831474232115541e-02
8.083333333333332149e+00	-1.718006886341538197e-01
8.099999999999999645e+00	-8.265644484712657281e-02
8.116666666666667140e+00	-1.755586239515417313e-01
8.133333333333334636e+00	-2.347018370163392875e-01
8.150000000000000355e+00	-1.252168920033363553e-01
8.166666666666667851e+00	-1.706886171938998276e-01
8.183333333333333570e+00	-1.261113473997004242e-01
8.199999999999999289e+00	-2.203950533414667790e-01
8.216666666666666785e+00	-1.749365031333118825e-01
8.233333333333332504e+00	-2.111355660782429366e-01
8.250000000000000000e+00	-2.646046698354647120e-01
8.266666666666665719e+00	-2.454708477584235937e-01
8.283333333333334991e+00	-2.772429055681518983e-01
8.300000000000000711e+00	-2.847043682692801947e-01
8.316666666666666430e+00	-2.793439138675070099e-01
8.333333333333333925e+00	-2.589919618764096043e-01
8.349999999999999645e+00	-3.439775291875136753e-01
8.366666666666667140e+00	-2.947124089359894339e-01
8.383333333333332860e+00	-3.231591700124326616e-01
8.400000000000000355e+00	-3.197654533118245435e-01
8.416666666666666075e+00	-3.912269565068592359e-01
8.433333333333333570e+00	-3.741852181779279918e-01
8.450000000000001066e+00	-2.630912355386198498e-01
8.466666666666666785e+00	-3.816077260422581219e-01
8.483333333333334281e+00	-4.040235911658479062e-01
8.500000000000000000e+00	-4.016323734639082321e-01
8.516666666666667496e+00	-3.401162741457569028e-01
8.533333333333333215e+00	-3.162312352467274712e-01
8.549999999999998934e+00	-3.859647992337364442e-01
8.566666666666666430e+00	-2.884227574798354232e-01
8.583333333333332149e+00	-3.356916036972241169e-01
8.600000000000001421e+00	-2.930386753820506396e-01
8.616666666666667140e+00	-3.352362715969334217e-01
8.633333333333334636e+00	-2.773794010796651333e-01
8.650000000000000355e+00	-2.631570135509303521e-01
8.666666666666666075e+00	-2.544862785431258323e-01
8.683333333333333570e+00	-2.447602790943781692e-01
8.699999999999999289e+00	-2.975395165614289072e-01
8.716666666666666785e+00	-2.225543615506234696e-01
8.733333333333332504e+00	-2.514430226754829634e-01
8.750000000000001776e+00	-2.600139346597457601e-01
8.766666666666667496e+00	-2.030308189597472002e-01
8.783333333333333215e+00	-2.147310291522565029e-01
8.800000000000000711e+00	-1.537324066621528207e-01
8.816666666666666430e+00	-9.598040933421470022e-02
8.833333333333333925e+00	-1.391321325258839947e-01
8.849999999999999645e+00	-1.274489566818866881e-01
8.866666666666667140e+00	-9.158540189257072250e-02
8.883333333333332860e+00	-7.756722080679427644e-02
8.900000000000000355e+00	-7.118112645021835994e-02
8.916666666666667851e+00	-1.154849774692845270e-02
8.933333333333333570e+00	1.229853384719171647e-02
8.950000000000001066e+00	4.598561912489985970e-02
8.966666666666666785e+00	8.594085730531879352e-03
8.983333333333334281e+00	5.876299008047259492e-02
9.000000000000000000e+00	9.379112274960499374e-02
9.016666666666665719e+00	5.259039677274040397e-02
9.033333333333333215e+00	1.180118211854222915e-01
9.049999999999998934e+00	1.489754809221521814e-01
9.066666666666668206e+00	1.810320449841664459e-01
9.083333333333333925e+00	1.667093449307952557e-01
9.100000000000001421e+00	2.328810149660993090e-01
9.116666666666667140e+00	1.999830761561621761e-01
9.133333333333332860e+00	2.438559231969478214e-01
9.150000000000000355e+00	2.447198277818093681e-01
9.166666666666666075e+00	2.420978777055851350e-01
9.183333333333333570e+00	2.613672929498457864e-01
9.199999999999999289e+00	2.529471264731890101e-01
9.216666666666666785e+00	3.386982503911775688e-01
9.233333333333334281e+00	3.586604608688267470e-01
9.250000000000000000e+00	3.334321565224917516e-01
9.266666666666667496e+00	3.460508159219418678e-01
9.283333333333333215e+00	3.718926783874930142e-01
9.300000000000000711e+00	3.439587941102726920e-01
9.316666666666666430e+00	3.593780929177265437e-01
9.333333333333333925e+00	4.086354029126162968e-01
9.349999999999999645e+00	3.825343756385470861e-01
9.366666666666665364e+00	3.164874932247189743e-01
9.383333333333334636e+00	4.016444823620865523e-01
9.400000000000000355e+00	3.593437269420984292e-01
9.416666666666667851e+00	3.762244233857082731e-01
9.433333333333333570e+00	4.373800237589363649e-01
9.450000000000001066e+00	4.137923599567022159e-01
9.466666666666666785e+00	4.028506437685617225e-01
9.483333333333332504e+00	4.324109216317438276e-01
9.500000000000000000e+00	3.617152074187339195e-01
9.516666666666665719e+00	4.440918826282179155e-01
9.533333333333333215e+00	3.553041251014259494e-01
9.550000000000000711e+00	3.084438064386549327e-01
9.566666666666668206e+00	4.029794381430296113e-01
9.583333333333333925e+00	3.810051752956008508e-01
9.599999999999999645e+00	3.944521488940319065e-01
9.616666666666667140e+00	3.451223591540713564e-01
9.633333333333332860e+00	3.461318066606121624e-01
9.650000000000000355e+00	3.478789008203116984e-01
9.666666666666666075e+00	3.457114847558885873e-01
9.683333333333333570e+00	2.517586235261198846e-01
9.700000000000001066e+00	2.457612572528974637e-01
9.716666666666666785e+00	2.425184395636852674e-01
9.733333333333334281e+00	2.676158589362293561e-01
9.750000000000000000e+00	2.166027028262514365e-01
9.766666666666667496e+00	1.769806901642690944e-01
9.783333333333333215e+00	2.229894596106277715e-01
9.800000000000000711e+00	1.398719441754428805e-01
9.816666666666666430e+00	1.050705020353748520e-01
9.833333333333332149e+00	1.813152961447585809e-01
9.850000000000001421e+00	1.310335386448591433e-01
9.866666666666667140e+00	2.484685487521189756e-02
9.883333333333334636e+00	2.786193066288656511e-02
9.900000000000000355e+00	4.537733407981709571e-02
9.916666666666667851e+00	6.223205665108430887e-03
9.933333333333333570e+00	1.454561752704275693e-02
9.949999999999999289e+00	1.128247856411436142e-02
9.966666666666666785e+00	-3.525757689780407295e-02
9.983333333333332504e+00	-3.725905893774040384e-02
1.000000000000000000e+01	-6.195748096595062038e-02
1.001666666666666750e+01	-9.797813485484653528e-02
1.003333333333333321e+01	-1.391054311228535068e-01
1.005000000000000071e+01	-1.695252621797572745e-01
1.006666666666666643e+01	-1.718642980969861123e-01
1.008333333333333393e+01	-1.901708401842418794e-01
1.009999999999999964e+01	-1.826298504030343106e-01
1.011666666666666714e+01	-2.018840477880664286e-01
1.013333333333333286e+01	-2.698396218682084791e-01
1.014999999999999858e+01	-2.940932550492867947e-01
1.016666666666666785e+01	-2.628265201677691398e-01
1.018333333333333357e+01	-2.444579311708966751e-01
1.020000000000000107e+01	-2.712130409124794417e-01
1.021666666666666679e+01	-3.448728812054030479e-01
1.023333333333333428e+01	-3.077502735181839033e-01
1.025000000000000000e+01	-3.167776342099430931e-01
1.026666666666666572e+01	-3.545542998284593184e-01
1.028333333333333321e+01	-3.628708838054030550e-01
1.029999999999999893e+01	-3.705159371575979521e-01
1.031666666666666643e+01	-3.406655189101169268e-01
1.033333333333333393e+01	-3.481191868157223479e-01
1.035000000000000142e+01	-3.895208182606434422e-01
1.036666666666666714e+01	-3.930672454606334298e-01
1.038333333333333286e+01	-3.641634776628641657e-01
1.040000000000000036e+01	-4.544646341580539373e-01
1.041666666666666607e+01	-3.251118898035968430e-01
1.043333333333333357e+01	-4.350752375496509949e-01
1.044999999999999929e+01	-4.383169695700304680e-01
1.046666666666666679e+01	-4.211303154096451840e-01
1.048333333333333428e+01	-3.726691270975227566e-01
1.050000000000000000e+01	-3.793951172509857916e-01
1.051666666666666750e+01	-4.173762763593611425e-01
1.053333333333333321e+01	-3.308333436493431368e-01
1.055000000000000071e+01	-3.071853071720146433e-01
1.056666666666666643e+01	-3.597681306279991720e-01
1.058333333333333393e+01	-3.701222047519184821e-01
1.059999999999999964e+01	-3.147290381398141768e-01
1.061666666666666536e+01	-3.343938367118473032e-01
1.063333333333333286e+01	-3.058387099393810593e-01
1.065000000000000036e+01	-3.108772724751959204e-01
1.066666666666666785e+01	-3.443067827418906934e-01
1.068333333333333357e+01	-3.038226210168611940e-01
1.070000000000000107e+01	-2.527037843393701300e-01
1.071666666666666679e+01	-2.687817502331040775e-01
1.073333333333333250e+01	-2.013975837797569723e-01
1.075000000000000000e+01	-2.261192916619547688e-01
1.076666666666666572e+01	-2.331788866817701700e-01
1.078333333333333321e+01	-1.550012955368801904e-01
1.080000000000000071e+01	-1.509978384296274123e-01
1.081666666666666821e+01	-1.659663193336896325e-01
1.083333333333333393e+01	-1.129880225961953921e-01
1.084999999999999964e+01	-1.273562778940861007e-01
1.086666666666666714e+01	-1.498609306211006464e-01
1.088333333333333286e+01	-6.606087710144864511e-02
1.090000000000000036e+01	-2.555046343303373976e-02
1.091666666666666607e+01	6.460231047408834804e-02
1.093333333333333357e+01	-4.482777201640905651e-02
1.095000000000000107e+01	5.379206029964522795e-02
1.096666666666666679e+01	5.639425382420482774e-02
1.098333333333333428e+01	4.664652612116143571e-02
1.100000000000000000e+01	7.493140741189230347e-02
1.101666666666666750e+01	1.436040633151966783e-01
1.103333333333333321e+01	1.154848115469588599e-01
1.105000000000000071e+01	1.348498427529194188e-01
1.106666666666666643e+01	1.003856059396213141e-01
1.108333333333333215e+01	1.502919772327870329e-01
1.109999999999999964e+01	2.394228221922058419e-01
1.111666666666666714e+01	2.463185885683996657e-01
1.113333333333333464e+01	2.117982937680800704e-01
1.115000000000000036e+01	1.842254421227855765e-01
1.116666666666666785e+01	2.600348895519178360e-01
1.118333333333333357e+01	2.656292329710453481e-01
1.119999999999999929e+01	2.946246071381352083e-01
1.121666666666666679e+01	3.375840834891641884e-01
1.123333333333333250e+01	3.089353334775745696e-01
1.125000000000000000e+01	3.515609909604969774e-01
1.126666666666666750e+01	2.971322004117443183e-01
1.128333333333333499e+01	3.494395974327473842e-01
1.130000000000000071e+01	3.487272153057844881e-01
1.131666666666666643e+01	3.712857161277691165e-01
1.133333333333333393e+01	4.149716713096858189e-01
1.134999999999999964e+01	4.038528454499360487e-01
1.136666666666666714e+01	3.888341767154889217e-01
1.138333333333333286e+01	3.321728185815320811e-01
1.140000000000000036e+01	3.978962202354990318e-01
1.141666666666666607e+01	3.984932143179498176e-01
1.143333333333333357e+01	4.054915367355389488e-01
1.145000000000000107e+01	4.193107431785764727e-01
1.146666666666666679e+01	3.247898440334735515e-01
1.148333333333333428e+01	3.791466877920355860e-01
1.150000000000000000e+01	4.151701703533401400e-01
1.151666666666666750e+01	4.043317007752553760e-01
1.153333333333333321e+01	4.025372740403321270e-01
1.154999999999999893e+01	3.622030788289709036e-01
1.156666666666666643e+01	3.693665976645100213e-01
1.158333333333333393e+01	3.376148857952535054e-01
1.160000000000000142e+01	3.215247452514536919e-01
1.161666666666666714e+01	3.151491401151408356e-01
1.163333333333333464e+01	2.598733557368766989e-01
1.165000000000000036e+01	3.143236044734363244e-01
1.166666666666666607e+01	2.724825748683639137e-01
1.168333333333333357e+01	2.435918616872037867e-01
1.169999999999999929e+01	2.589177750603369188e-01
1.171666666666666679e+01	2.379440532572527633e-01
1.173333333333333250e+01	3.027490979582647679e-01
1.175000000000000178e+01	1.841367460507375431e-01
1.176666666666666750e+01	1.403432936924819963e-01
1.178333333333333321e+01	1.716946252247308624e-01
1.180000000000000071e+01	1.118035691615308636e-01
1.181666666666666643e+01	1.368817208290724341e-01
1.183333333333333393e+01	1.066457372053261493e-01
1.184999999999999964e+01	7.075201754091521578e-02
1.186666666666666714e+01	8.161960852814480194e-02
1.188333333333333286e+01	1.062554675983899133e-01
1.190000000000000036e+01	1.884349150303489193e-02
1.191666666666666785e+01	1.862657223798154515e-02
1.193333333333333357e+01	2.972653454520467545e-02
1.195000000000000107e+01	-1.539345219143586213e-03
1.196666666666666679e+01	-9.651621029327618617e-02
1.198333333333333428e+01	2.010909521952874979e-03
1.200000000000000000e+01	-1.032779788600943077e-01
1.201666666666666572e+01	-9.789026239559886489e-02
1.203333333333333321e+01	-1.114594625079013690e-01
1.205000000000000071e+01	-2.050062950355888425e-01
1.206666666666666821e+01	-2.115713054157804529e-01
1.208333333333333393e+01	-2.050772596871820452e-01
1.210000000000000142e+01	-2.003723499364605531e-01
1.211666666666666714e+01	-1.907490337700156746e-01
1.213333333333333286e+01	-2.516482872275357940e-01
1.215000000000000036e+01	-2.656760470893914095e-01
1.216666666666666607e+01	-2.507806423182493694e-01
1.218333333333333357e+01	-2.467876377683996258e-01
1.219999999999999929e+01	-2.959938180144398578e-01
1.221666666666666856e+01	-3.248031658906477825e-01
1.223333333333333428e+01	-3.399101386163074223e-01
1.225000000000000000e+01	-3.441813499409566157e-01
1.226666666666666750e+01	-3.369368563359819158e-01
1.228333333333333321e+01	-3.944227620640409215e-01
1.230000000000000071e+01	-3.663714002688658322e-01
1.231666666666666643e+01	-3.725258677506816940e-01
1.233333333333333393e+01	-3.282657073419787963e-01
1.234999999999999964e+01	-3.310518428341264752e-01
1.236666666666666714e+01	-3.593235368870859037e-01
1.238333333333333464e+01	-3.315159835931728027e-01
1.240000000000000036e+01	-4.074136317720561395e-01
1.241666666666666785e+01	-4.142367591296280405e-01
1.243333333333333357e+01	-3.243014312849046288e-01
1.245000000000000107e+01	-3.879908374965548856e-01
1.246666666666666679e+01	-4.289300736061831820e-01
1.248333333333333250e+01	-3.919098722608807539e-01
1.250000000000000000e+01	-3.693685433498661852e-01
1.251666666666666572e+01	-3.597679913172891486e-01
1.253333333333333499e+01	-3.668377438693955495e-01
1.255000000000000071e+01	-3.648292937388081247e-01
1.256666666666666821e+01	-2.975853791961962092e-01
1.258333333333333393e+01	-3.677807698968544869e-01
1.259999999999999964e+01	-3.784817328643724776e-01
1.261666666666666714e+01	-2.981366055994472686e-01
1.263333333333333286e+01	-3.259965283879469045e-01
1.265000000000000036e+01	-3.356610487561249023e-01
1.266666666666666607e+01	-2.685134491553001768e-01
1.268333333333333357e+01	-3.279839869577549916e-01
1.270000000000000107e+01	-2.380069439044488200e-01
1.271666666666666679e+01	-2.738094657022428491e-01
1.273333333333333428e+01	-2.402940227660897987e-01
1.275000000000000000e+01	-2.856269484874901510e-01
1.276666666666666750e+01	-1.446415575931604414e-01
1.278333333333333321e+01	-2.251404831052901123e-01
1.279999999999999893e+01	-1.267717523129921753e-01
1.281666666666666643e+01	-1.680875879547817087e-01
1.283333333333333215e+01	-1.180678206214783310e-01
1.285000000000000142e+01	-1.195693066992196962e-01
1.286666666666666714e+01	-4.581577669439206718e-02
1.288333333333333464e+01	-5.173176516274605174e-02
1.290000000000000036e+01	-2.541774080439614808e-02
1.291666666666666607e+01	3.307664525199278255e-03
1.293333333333333357e+01	-1.074067875722968524e-02
1.294999999999999929e+01	2.105541920308227552e-02
1.296666666666666679e+01	1.112793330542919401e-01
1.298333333333333250e+01	2.570558224856353546e-02
1.300000000000000178e+01	8.875642653927939829e-02
1.301666666666666750e+01	1.013564020364492863e-01
1.303333333333333321e+01	1.708184473751774846e-01
1.305000000000000071e+01	1.790919607385836609e-01
1.306666666666666643e+01	1.337885766223732564e-01
1.308333333333333393e+01	2.220998191784665510e-01
1.309999999999999964e+01	2.272751174143073927e-01
1.311666666666666714e+01	1.997757487652199737e-01
1.313333333333333286e+01	2.319285995454439808e-01
1.314999999999999858e+01	2.788738806885530663e-01
1.316666666666666785e+01	2.783577764454739922e-01
1.318333333333333357e+01	2.566856757074456596e-01
1.320000000000000107e+01	3.055697231246782275e-01
1.321666666666666679e+01	2.882000837412087568e-01
1.323333333333333428e+01	2.770836186752993480e-01
1.325000000000000000e+01	3.027161618037016444e-01
1.326666666666666572e+01	3.057659908656081282e-01
1.328333333333333321e+01	3.590460539349079605e-01
1.329999999999999893e+01	3.763590181284484082e-01
1.331666666666666821e+01	3.767603737850457324e-01
1.333333333333333393e+01	3.455399209638515545e-01
1.335000000000000142e+01	4.299461935898148401e-01
1.336666666666666714e+01	3.925059768528358362e-01
1.338333333333333286e+01	4.053607409954163576e-01
1.340000000000000036e+01	4.480051863712526949e-01
1.341666666666666607e+01	4.202533407497719975e-01
1.343333333333333357e+01	4.197637228184393776e-01
1.344999999999999929e+01	3.822861565285188279e-01
1.346666666666666679e+01	4.012507479561698287e-01
1.348333333333333428e+01	4.330683761558693501e-01
1.350000000000000000e+01	3.915148056468564786e-01
1.351666666666666750e+01	3.706639519675957728e-01
1.353333333333333321e+01	3.527522008584459967e-01
1.355000000000000071e+01	4.312048382708193461e-01
1.356666666666666643e+01	3.608217207327329423e-01
1.358333333333333393e+01	3.845250755949349841e-01
1.359999999999999964e+01	3.884031178113324101e-01
1.361666666666666536e+01	3.462157800006483988e-01
1.363333333333333464e+01	3.070716713905987105e-01
1.365000000000000036e+01	3.200084458918737162e-01
1.366666666666666785e+01	2.875970446378752210e-01
1.368333333333333357e+01	2.755814718219216641e-01
1.370000000000000107e+01	2.178872451609742966e-01
1.371666666666666679e+01	2.489252501575920651e-01
1.373333333333333250e+01	2.407087022808353238e-01
1.375000000000000000e+01	1.834061747147998633e-01
1.376666666666666572e+01	2.130215503945153410e-01
1.378333333333333321e+01	1.906017715794559586e-01
1.380000000000000071e+01	1.532186424249702417e-01
1.381666666666666821e+01	1.418948310450925399e-01
1.383333333333333393e+01	1.481983470487725496e-01
1.384999999999999964e+01	1.105931396002871880e-01
1.386666666666666714e+01	6.431477507492565360e-02
1.388333333333333286e+01	-1.057859658712412276e-02
1.390000000000000036e+01	7.732266824380981673e-02
1.391666666666666607e+01	1.176688860474076753e-02
1.393333333333333357e+01	-2.430681092022398998e-04
1.395000000000000107e+01	-1.618016517311252414e-02
1.396666666666666679e+01	-3.233645927441694545e-02
1.398333333333333428e+01	-4.237148146524716968e-02
1.400000000000000000e+01	-4.304320104618324788e-02
1.401666666666666750e+01	-8.781327887730641657e-02
1.403333333333333321e+01	-8.248860806142853386e-02
1.405000000000000071e+01	-1.372566504968140422e-01
1.406666666666666643e+01	-1.644047003561376341e-01
1.408333333333333215e+01	-1.248362864626991892e-01
1.409999999999999964e+01	-2.116011017534339123e-01
1.411666666666666714e+01	-2.020320122688797904e-01
1.413333333333333464e+01	-2.177332542968009599e-01
1.415000000000000036e+01	-2.662780262714304347e-01
1.416666666666666785e+01	-2.594702069746678830e-01
1.418333333333333357e+01	-2.901442450529339023e-01
1.419999999999999929e+01	-3.033109097280380917e-01
1.421666666666666679e+01	-3.260770529068871548e-01
1.423333333333333250e+01	-3.238641756679342953e-01
1.425000000000000000e+01	-3.015497042899859537e-01
1.426666666666666750e+01	-3.707274039124263676e-01
1.428333333333333499e+01	-3.568091601173594141e-01
1.430000000000000071e+01	-3.972389640623561480e-01
1.431666666666666643e+01	-3.584089512799183419e-01
1.433333333333333393e+01	-3.978929958367346531e-01
1.434999999999999964e+01	-3.470097850718325549e-01
1.436666666666666714e+01	-4.243519891122503052e-01
1.438333333333333286e+01	-4.255173268411672205e-01
1.440000000000000036e+01	-3.786460185558991887e-01
1.441666666666666785e+01	-4.389006792543554969e-01
1.443333333333333357e+01	-4.537938314809169538e-01
1.445000000000000107e+01	-4.373280652378248035e-01
1.446666666666666679e+01	-3.343615562633306393e-01
1.448333333333333428e+01	-3.274158291424427158e-01
1.450000000000000000e+01	-4.358626095916505738e-01
1.451666666666666750e+01	-4.279181209274505182e-01
1.453333333333333321e+01	-3.993067874551374241e-01
1.454999999999999893e+01	-4.060277451943717364e-01
1.456666666666666643e+01	-4.002471783061341548e-01
1.458333333333333393e+01	-3.322888599578633362e-01
1.460000000000000142e+01	-3.352440721317651029e-01
1.461666666666666714e+01	-3.925640592939401152e-01
1.463333333333333464e+01	-3.066444888182812689e-01
1.465000000000000036e+01	-2.745580408241032333e-01
1.466666666666666607e+01	-3.073180701171674412e-01
1.468333333333333357e+01	-2.912396853828996823e-01
1.469999999999999929e+01	-2.382414076084708454e-01
1.471666666666666679e+01	-2.447029452330024002e-01
1.473333333333333428e+01	-2.229684289536461861e-01
1.475000000000000178e+01	-1.676937409985886362e-01
1.476666666666666750e+01	-1.636048609680882671e-01
1.478333333333333321e+01	-1.755630686873841384e-01
1.480000000000000071e+01	-1.786909647868163142e-01
1.481666666666666643e+01	-1.655465700879144575e-01
1.483333333333333393e+01	-1.276490580350155557e-01
1.484999999999999964e+01	-9.877408406595947210e-02
1.486666666666666714e+01	-5.161248680699993124e-02
1.488333333333333286e+01	-9.091381672480206011e-02
1.490000000000000036e+01	-3.653677047351411994e-02
1.491666666666666785e+01	-4.075103621641282259e-02
1.493333333333333357e+01	4.428637798312853174e-02
1.495000000000000107e+01	6.265369217554708769e-02
1.496666666666666679e+01	1.721617714400503971e-02
1.498333333333333428e+01	8.414462349061459234e-02
1.500000000000000000e+01	1.341556328530944808e-01
1.501666666666666572e+01	7.510088698267357310e-02
1.503333333333333321e+01	1.031314286213220882e-01
1.505000000000000071e+01	1.697838364300139624e-01
1.506666666666666821e+01	1.375575304712006453e-01
1.508333333333333393e+01	2.310669207169021577e-01
1.510000000000000142e+01	1.939917028733801341e-01
1.511666666666666714e+01	2.053675633019699243e-01
1.513333333333333286e+01	2.470065686696752139e-01
1.515000000000000036e+01	1.848419076868896838e-01
1.516666666666666607e+01	2.432620929659470299e-01
1.518333333333333357e+01	2.715301341762533238e-01
1.519999999999999929e+01	2.595215912147785242e-01
1.521666666666666856e+01	2.801639923769315144e-01
1.523333333333333428e+01	3.172419052525804473e-01
1.525000000000000000e+01	2.594192747476974370e-01
1.526666666666666750e+01	3.227472460547574640e-01
1.528333333333333321e+01	3.312746228309966789e-01
1.529999999999999893e+01	4.194673635103900455e-01
1.531666666666666821e+01	3.109708887446812065e-01
1.533333333333333393e+01	3.684201738469035092e-01
1.534999999999999964e+01	3.187660951903579232e-01
1.536666666666666714e+01	3.303351055308059170e-01
1.538333333333333286e+01	3.685782189662645258e-01
1.540000000000000213e+01	3.379337108255083266e-01
1.541666666666666785e+01	3.289881763612211296e-01
1.543333333333333357e+01	3.149664040954313626e-01
1.544999999999999929e+01	2.779499292812743216e-01
1.546666666666666501e+01	3.124771268846719408e-01
1.548333333333333428e+01	3.782502648977613124e-01
1.550000000000000000e+01	2.925225154594512933e-01
1.551666666666666750e+01	3.288635685834323530e-01
1.553333333333333321e+01	2.624444944681139646e-01
1.555000000000000249e+01	3.211413521000319182e-01
1.556666666666666821e+01	3.258023425207523527e-01
1.558333333333333393e+01	2.267657890356488959e-01
1.559999999999999964e+01	2.632263681880134265e-01
1.561666666666666536e+01	2.824774964997156523e-01
1.563333333333333464e+01	2.583401202726010593e-01
1.565000000000000036e+01	1.842453657294426117e-01
1.566666666666666607e+01	2.116097144606803870e-01
1.568333333333333357e+01	2.160772959798079318e-01
1.569999999999999929e+01	1.318839955699654676e-01
1.571666666666666856e+01	1.835582357822681532e-01
1.573333333333333428e+01	1.502557391549951826e-01
1.575000000000000000e+01	1.311061970612714123e-01
1.576666666666666572e+01	1.564217559187538187e-01
1.578333333333333499e+01	1.088763245339887525e-01
1.580000000000000071e+01	4.286078582701123574e-02
1.581666666666666643e+01	7.331140183709204672e-02
1.583333333333333393e+01	5.902928994997297396e-02
1.584999999999999964e+01	6.733237088841238782e-02
1.586666666666666892e+01	1.030405933819426995e-01
1.588333333333333464e+01	6.409505689274008766e-02
1.590000000000000036e+01	3.193780559499662108e-02
1.591666666666666607e+01	-3.731612525920671719e-02
1.593333333333333179e+01	-3.773339358362767793e-02
1.595000000000000107e+01	-2.202652582069593301e-02
1.596666666666666679e+01	3.577337483936611495e-02
1.598333333333333250e+01	-3.154630581771489944e-02
1.600000000000000000e+01	-2.922996396858482462e-02
1.601666666666666927e+01	-7.863266173015082128e-03
1.603333333333333499e+01	-2.252668164923632074e-02
1.605000000000000071e+01	-1.302605033518830502e-01
1.606666666666666643e+01	2.314263250023076979e-02
1.608333333333333215e+01	-9.530089478814886272e-02
1.610000000000000142e+01	-4.261127389839226842e-02
1.611666666666666714e+01	-8.426581575136157798e-02
1.613333333333333286e+01	-1.005218259544598258e-01
1.614999999999999858e+01	-1.161907866288409141e-01
1.616666666666666430e+01	-2.002825699353447120e-02
1.618333333333333357e+01	-8.520822018216814286e-02
1.619999999999999929e+01	-1.019041240411123761e-01
1.621666666666666501e+01	-5.193979165614519972e-02
1.623333333333333428e+01	-6.922427624969264282e-02
1.625000000000000355e+01	-9.078890114896367991e-02
1.626666666666666927e+01	-4.696000701141957862e-02
1.628333333333333499e+01	-6.179844014597067614e-02
1.630000000000000071e+01	-5.940147853372219899e-02
1.631666666666666643e+01	-1.225088727572563319e-01
1.633333333333333570e+01	-8.164778300220575102e-02
1.635000000000000142e+01	-5.805081734680656025e-02
1.636666666666666714e+01	-4.890640071826586610e-02
1.638333333333333286e+01	-8.050342456178875838e-02
1.639999999999999858e+01	-6.051862049573593361e-02
1.641666666666666785e+01	-1.340087857563894702e-01
1.643333333333333357e+01	-4.571396247484766501e-02
1.644999999999999929e+01	8.996174822023771112e-03
1.646666666666666501e+01	-4.436496165486242954e-02
1.648333333333333428e+01	2.698215164790331022e-03
1.650000000000000000e+01	-1.343223161073212046e-02
1.651666666666666572e+01	1.816728654003250260e-02
1.653333333333333144e+01	-1.499088634155260752e-02
1.655000000000000071e+01	-1.091791671570676581e-01
1.656666666666666998e+01	-1.224203632137625848e-02
1.658333333333333570e+01	1.188313685555149324e-02
1.660000000000000142e+01	-6.931622354297085897e-02
1.661666666666666714e+01	-3.927210552927778292e-02
1.663333333333333286e+01	-3.810473425339648557e-02
1.665000000000000213e+01	-3.684720145179686684e-02
1.666666666666666785e+01	3.335518323767232979e-02
1.668333333333333357e+01	-4.632306282305468509e-02
1.669999999999999929e+01	1.896230235003189268e-02
1.671666666666666856e+01	1.870307525595841028e-02
1.673333333333333428e+01	9.625049506772513641e-02
1.675000000000000000e+01	-2.724688061718762155e-02
1.676666666666666572e+01	2.281659942219243717e-02
1.678333333333333144e+01	1.931220040948549658e-03
1.680000000000000071e+01	-2.155633350221893008e-02
1.681666666666666643e+01	-4.390037553782913035e-03
1.683333333333333215e+01	-2.636362856775511729e-02
1.684999999999999787e+01	1.138545929354405246e-02
1.686666666666666714e+01	-5.469473910711698805e-02
1.688333333333333641e+01	6.389864259339369731e-03
1.690000000000000213e+01	-5.395773401740620867e-02
1.691666666666666785e+01	-1.358366908351610509e-02
1.693333333333333357e+01	-1.961152284585225905e-02
1.695000000000000284e+01	-2.083367061627049155e-02
1.696666666666666856e+01	-4.556752777001123189e-02
1.698333333333333428e+01	-5.876332241284341201e-02
1.700000000000000000e+01	-4.692202301861921228e-03
1.701666666666666572e+01	-2.037778757356585591e-02
1.703333333333333499e+01	-1.201314933740260313e-02
1.705000000000000071e+01	-1.427867783037539695e-02
1.706666666666666643e+01	2.083624507534924050e-02
1.708333333333333215e+01	1.358145911794073936e-02
1.709999999999999787e+01	-4.754937783360149023e-02
1.711666666666666714e+01	1.485718500860113605e-03
1.713333333333333286e+01	2.464661518581345509e-02
1.714999999999999858e+01	-3.489286555220749708e-02
1.716666666666666430e+01	4.029706179159175256e-02
1.718333333333333357e+01	9.043771578962173053e-04
1.720000000000000284e+01	1.487108022937209950e-02
1.721666666666666856e+01	-1.494235996424659457e-02
1.723333333333333428e+01	5.440237570079792251e-02
1.725000000000000000e+01	-4.640347475773558966e-03
1.726666666666666927e+01	1.252624792725526119e-02
1.728333333333333499e+01	-1.629530518844799283e-02
1.730000000000000071e+01	-4.228359701598270737e-02
1.731666666666666643e+01	6.283447334449956956e-02
1.733333333333333215e+01	3.753537190064454559e-03
1.735000000000000142e+01	4.846449417686350680e-02
1.736666666666666714e+01	-1.142787858563371235e-02
1.738333333333333286e+01	1.028888854672318186e-02
1.739999999999999858e+01	-3.140316823259814687e-03
1.741666666666666430e+01	-6.872767387675841888e-02
1.743333333333333357e+01	2.412382970716004868e-02
1.744999999999999929e+01	3.564990263231614109e-02
1.746666666666666501e+01	-5.014874957718995496e-02
1.748333333333333428e+01	-2.349279490585513483e-02
1.750000000000000355e+01	2.590100786126627030e-02
1.751666666666666927e+01	7.177830174242896648e-03
1.753333333333333499e+01	3.382540736975832643e-03
1.755000000000000071e+01	1.201516047661543851e-02
1.756666666666666643e+01	2.897150888959657347e-02
1.758333333333333570e+01	-4.992969296132990925e-02
1.760000000000000142e+01	-2.804140279785053303e-03
1.761666666666666714e+01	4.592009722772179107e-03
1.763333333333333286e+01	8.161928772131811372e-06
1.764999999999999858e+01	-4.101172988912617223e-02
1.766666666666666785e+01	-3.759236147461743338e-02
1.768333333333333357e+01	-3.231656914408461562e-02
1.769999999999999929e+01	4.325189349451604055e-03
1.771666666666666501e+01	2.476138234412558065e-02
1.773333333333333428e+01	5.376459632878222844e-02
1.775000000000000000e+01	-5.901278044396799510e-02
1.776666666666666572e+01	7.695525189369829648e-03
1.778333333333333144e+01	-8.754008714900408591e-03
1.780000000000000071e+01	-1.200414103893714633e-02
1.781666666666666998e+01	8.139314503719975377e-03
1.783333333333333570e+01	1.328637337037693635e-02
1.785000000000000142e+01	-5.299280024920370591e-02
1.786666666666666714e+01	-5.718576160091516820e-03
1.788333333333333286e+01	-4.032403031914217478e-02
1.790000000000000213e+01	7.364491384269647271e-03
1.791666666666666785e+01	2.022543780302568650e-02
1.793333333333333357e+01	-2.240238876364947229e-02
1.794999999999999929e+01	1.235264286655018973e-02
1.796666666666666856e+01	3.451487645388410380e-02
1.798333333333333428e+01	-1.299370188494312212e-02
1.800000000000000000e+01	-2.288572955952058660e-02
1.801666666666666572e+01	-2.498079733948405101e-02
1.803333333333333144e+01	2.207910483176988778e-02
1.805000000000000071e+01	1.610287228776454901e-02
1.806666666666666643e+01	3.527824178171526295e-03
1.808333333333333215e+01	2.926253627387631617e-02
1.809999999999999787e+01	-4.680915152517289846e-02
1.811666666666666714e+01	2.100650774318492051e-02
1.813333333333333641e+01	3.830731903617013334e-04
1.815000000000000213e+01	1.577914857806665683e-02
1.816666666666666785e+01	-2.092813521036083688e-02
1.818333333333333357e+01	1.941141467052559565e-03
1.820000000000000284e+01	-1.957204452454588267e-02
1.821666666666666856e+01	2.069731064670102608e-02
1.823333333333333428e+01	-3.717347811509708055e-02
1.825000000000000000e+01	-5.522981369884958497e-02
1.826666666666666572e+01	-4.964883676595257048e-03
1.828333333333333499e+01	-5.303332218467235633e-03
1.830000000000000071e+01	3.359700377432571494e-02
1.831666666666666643e+01	-8.361135912670183967e-02
1.833333333333333215e+01	1.749176369003317688e-02
1.834999999999999787e+01	1.220405074357586682e-02
1.836666666666666714e+01	-9.744207663598401445e-03
1.838333333333333286e+01	-6.249584718932503676e-03
1.839999999999999858e+01	2.941487398915644882e-02
1.841666666666666430e+01	2.096407228021342217e-02
1.843333333333333357e+01	-1.309902678520229354e-02
1.845000000000000284e+01	-4.513686538691341361e-04
1.846666666666666856e+01	-9.426001045860530475e-03
1.848333333333333428e+01	-3.871378482242222169e-02
1.850000000000000000e+01	-6.158235343088212799e-02
1.851666666666666927e+01	-2.018734641724458448e-02
1.853333333333333499e+01	-1.618150341676472675e-02
1.855000000000000071e+01	-6.113796541361111656e-03
1.856666666666666643e+01	5.215223878917054495e-02
1.858333333333333215e+01	-2.058013489927407180e-02
1.860000000000000142e+01	7.860297887346911041e-04
1.861666666666666714e+01	-3.802390688200814328e-02
1.863333333333333286e+01	1.655712196806941386e-02
1.864999999999999858e+01	-1.906656458806773799e-02
1.866666666666666785e+01	-1.323171962153573376e-02
1.868333333333333357e+01	-3.593963452926988295e-02
1.869999999999999929e+01	-1.227141380482168510e-02
1.871666666666666501e+01	-1.750779197291975342e-02
1.873333333333333073e+01	-2.743901552858283091e-02
1.875000000000000000e+01	1.396168265438379108e-03
1.876666666666666927e+01	-5.826055724220551707e-02
1.878333333333333499e+01	-7.500447278748522024e-03
1.880000000000000071e+01	2.837636389229962128e-02
1.881666666666666643e+01	8.898893874108254262e-03
1.883333333333333570e+01	5.364139568694259626e-03
1.885000000000000142e+01	-2.746143023493466742e-02
1.886666666666666714e+01	5.029887004446690658e-04
1.888333333333333286e+01	-9.194586551765162458e-03
1.890000000000000213e+01	3.149445829747453407e-02
1.891666666666666785e+01	-4.518514460648115523e-03
1.893333333333333357e+01	6.247579244567962736e-02
1.894999999999999929e+01	1.263218100094731788e-02
1.896666666666666501e+01	-2.860160193684445698e-02
1.898333333333333428e+01	5.981284854231826240e-04
1.900000000000000000e+01	-1.340448034382977702e-02
1.901666666666666572e+01	4.958046352420352257e-03
1.903333333333333144e+01	6.117795836677446947e-02
1.904999999999999716e+01	-2.718399827605684493e-02
1.906666666666666643e+01	-7.160714697907015480e-03
1.908333333333333570e+01	6.781187647614464464e-02
1.910000000000000142e+01	3.150862589518844264e-02
1.911666666666666714e+01	-2.052277423644723736e-02
1.913333333333333641e+01	-1.992897782321419176e-02
1.915000000000000213e+01	-3.014109675199577731e-02
1.916666666666666785e+01	-2.939041338213964003e-02
1.918333333333333357e+01	1.775292712993433233e-02
1.919999999999999929e+01	8.465188136772381841e-03
1.921666666666666856e+01	5.725316026857647442e-03
1.923333333333333428e+01	-5.716298541925360355e-02
1.925000000000000000e+01	3.737783812165777764e-02
1.926666666666666572e+01	3.657407841293828371e-02
1.928333333333333144e+01	-5.977471928095911581e-03
1.930000000000000071e+01	-1.049698078008329434e-02
1.931666666666666643e+01	-4.410528655476039089e-02
1.933333333333333215e+01	-1.810357741702774831e-02
1.934999999999999787e+01	6.104458093177633250e-03
1.936666666666666714e+01	1.046587858388262461e-03
1.938333333333333641e+01	7.805626704303699100e-03
1.940000000000000213e+01	1.403729383979750384e-03
1.941666666666666785e+01	-2.889966131076187120e-03
1.943333333333333357e+01	1.290308996750121062e-02
1.945000000000000284e+01	-1.384231220971541068e-02
1.946666666666666856e+01	1.404696750691152018e-02
1.948333333333333428e+01	5.091549960773666950e-02
1.950000000000000000e+01	2.817198378181100596e-02
1.951666666666666572e+01	9.964883624092816389e-03
1.953333333333333499e+01	-2.986985861789944949e-02
1.955000000000000071e+01	-2.821552400066404051e-02
1.956666666666666643e+01	-8.952966770395370463e-03
1.958333333333333215e+01	3.082179597338355337e-02
1.960000000000000142e+01	-3.375752445050534279e-03
1.961666666666666714e+01	5.806963472337535459e-02
1.963333333333333286e+01	-6.881098855999991104e-02
1.964999999999999858e+01	-1.378755171224102689e-02
1.966666666666666430e+01	2.612130826826145058e-02
1.968333333333333357e+01	-1.552363174542595141e-02
1.970000000000000284e+01	5.957261934009703414e-02
1.971666666666666856e+01	-1.111822852781344136e-02
1.973333333333333428e+01	7.070095542354738576e-03
1.975000000000000000e+01	-4.193865061395768423e-02
1.976666666666666927e+01	-5.623794923570579057e-03
1.978333333333333499e+01	-3.612027956499155867e-02
1.980000000000000071e+01	-2.170640533745675158e-02
1.981666666666666643e+01	-2.507758248516138433e-02
1.983333333333333570e+01	-6.335693907826907278e-03
1.985000000000000142e+01	-4.673119147628318482e-02
1.986666666666666714e+01	-1.338442241057238337e-02
1.988333333333333286e+01	2.741972505968280627e-02
1.989999999999999858e+01	-6.927555049724522414e-03
1.991666666666666785e+01	4.823024378697051123e-04
1.993333333333333357e+01	3.980168657493203532e-02
1.994999999999999929e+01	-7.144211122703232695e-04
1.996666666666666501e+01	3.222813061166800858e-02
1.998333333333333073e+01	-2.723828886562747881e-02
2.000000000000000000e+01	1.490614343236300494e-02
2.001666666666666927e+01	2.548697395116833117e-02
2.003333333333333499e+01	6.170421044990331144e-02
2.005000000000000071e+01	-5.978830581395508381e-02
2.006666666666666643e+01	-3.277622364624074858e-02
2.008333333333333570e+01	3.404967609713001938e-03
2.010000000000000142e+01	-1.401688946990005923e-02
2.011666666666666714e+01	-5.486021669724682609e-02
2.013333333333333286e+01	-5.528048324214739073e-03
2.015000000000000213e+01	3.354054946140225257e-02
2.016666666666666785e+01	-1.445312792611643145e-02
2.018333333333333357e+01	1.689164624377250887e-02
2.019999999999999929e+01	-5.429134765038484342e-03
2.021666666666666501e+01	-2.458829906925551548e-02
2.023333333333333428e+01	1.129160130919630925e-02
2.025000000000000000e+01	-9.636311412220223069e-03
2.026666666666666572e+01	4.009325326328281452e-02
2.028333333333333144e+01	-2.727390312578900286e-02
2.029999999999999716e+01	-1.524014912443608094e-02
2.031666666666666643e+01	-4.598974432889672836e-02
2.033333333333333570e+01	3.437071023423628885e-02
2.035000000000000142e+01	1.219027070872976022e-02
2.036666666666666714e+01	8.380204090294345390e-03
2.038333333333333641e+01	9.511410121590939404e-02
2.040000000000000213e+01	4.236842325004313604e-03
2.041666666666666785e+01	1.714910853543871044e-02
2.043333333333333357e+01	-2.679679812901683555e-02
2.044999999999999929e+01	-1.248035349067788333e-02
2.046666666666666856e+01	1.393175686319490791e-02
2.048333333333333428e+01	1.449660012073160148e-03
2.050000000000000000e+01	-2.147861724226062322e-02
2.051666666666666572e+01	1.542549253432490795e-02
2.053333333333333144e+01	-1.089283634351618027e-02
2.055000000000000071e+01	-7.557370808833636933e-02
2.056666666666666643e+01	2.705078814414433458e-02
2.058333333333333215e+01	-5.845977986558955654e-03
2.059999999999999787e+01	7.519359691413905061e-03
2.061666666666666714e+01	2.813834522210350783e-02
2.063333333333333286e+01	-2.177255696000254120e-02
2.065000000000000213e+01	-2.237722751492517842e-02
2.066666666666666785e+01	1.705365853227690590e-02
2.068333333333333357e+01	3.143383805091270328e-02
2.070000000000000284e+01	-1.018894832935924449e-02
2.071666666666666856e+01	3.603219498381473197e-03
2.073333333333333428e+01	1.081011194942724067e-02
2.075000000000000000e+01	-1.646952927814633941e-02
2.076666666666666572e+01	-2.690110952485183851e-02
2.078333333333333499e+01	-4.113172546503376242e-02
2.080000000000000071e+01	-4.569104531903923211e-02
2.081666666666666643e+01	-1.843246186953381716e-02
2.083333333333333215e+01	-5.868255371599601089e-03
2.085000000000000142e+01	-3.614565088231371653e-02
2.086666666666666714e+01	-3.483292340303660584e-02
2.088333333333333286e+01	-2.789388052721275199e-02
2.089999999999999858e+01	3.542399578063266247e-02
2.091666666666666430e+01	2.345687461892494857e-02
2.093333333333333357e+01	-6.473230547810776558e-02
2.094999999999999929e+01	2.266732750399950546e-03
2.096666666666666856e+01	-1.343311210931561438e-02
2.098333333333333428e+01	-4.715803342929431041e-02
2.100000000000000000e+01	-9.852862310799069198e-03
2.101666666666666927e+01	1.225147384952495269e-02
2.103333333333333499e+01	2.473604963043603278e-02
2.105000000000000071e+01	-8.709895771934076172e-04
2.106666666666666643e+01	-3.538107008346964844e-02
2.108333333333333570e+01	-2.367970798250056391e-03
2.110000000000000142e+01	-2.936206517600255597e-02
2.111666666666666714e+01	-1.623303367731711994e-02
2.113333333333333286e+01	-2.628421815324378727e-02
2.114999999999999858e+01	-3.541134910595504504e-02
2.116666666666666785e+01	2.022891782175794545e-02
2.118333333333333357e+01	-1.284534081283043513e-02
2.119999999999999929e+01	-1.427942251476047031e-02
2.121666666666666501e+01	-1.901331921608174352e-02
2.123333333333333073e+01	5.796465306681046481e-02
2.125000000000000000e+01	1.023948530671627000e-02
2.126666666666666572e+01	2.335673872575787582e-02
2.128333333333333499e+01	1.658429380556470517e-02
2.130000000000000071e+01	-1.997908407727647453e-02
2.131666666666666998e+01	1.546755086590688791e-02
2.133333333333333570e+01	-6.465363124458640975e-02
2.135000000000000142e+01	2.153752649334800956e-02
2.136666666666666714e+01	2.489753829021136566e-02
2.138333333333333286e+01	7.069710177735783439e-03
2.140000000000000213e+01	5.468065490538335377e-02
2.141666666666666785e+01	4.398461416062877938e-03
2.143333333333333357e+01	5.809063481599551632e-03
2.144999999999999929e+01	1.326767655622109604e-02
2.146666666666666501e+01	-4.550726272854329485e-02
2.148333333333333428e+01	-2.845892694442873558e-02
2.150000000000000000e+01	5.211861976960140141e-02
2.151666666666666572e+01	-1.464813673461022245e-02
2.153333333333333144e+01	-3.312153940014301440e-02
2.155000000000000071e+01	-1.169018725723274844e-02
2.156666666666666643e+01	2.043547418476890018e-02
2.158333333333333570e+01	-1.954700310932380031e-02
2.160000000000000142e+01	3.869195078094345847e-02
2.161666666666666714e+01	-4.870820915830758983e-03
2.163333333333333641e+01	9.915853151535834742e-03
2.165000000000000213e+01	2.964953504526792599e-02
2.166666666666666785e+01	-7.112350855488286903e-03
2.168333333333333357e+01	4.791848331122638971e-02
2.169999999999999929e+01	4.915684690106825183e-02
2.171666666666666856e+01	1.762496498458368185e-02
2.173333333333333428e+01	-4.664926904197084362e-02
2.175000000000000000e+01	5.307772461278163767e-03
2.176666666666666572e+01	7.676239110709549666e-03
2.178333333333333499e+01	-1.816247899790465400e-02
2.180000000000000071e+01	-3.857970781921181425e-02
2.181666666666666643e+01	-5.796592893170290049e-03
2.183333333333333215e+01	1.495332791041999176e-02
2.184999999999999787e+01	-3.962547599232299489e-02
2.186666666666666714e+01	2.895790299225020278e-02
2.188333333333333286e+01	3.437193622922261188e-02
2.190000000000000213e+01	-1.746958123486138867e-02
2.191666666666666785e+01	3.470562846458288830e-03
2.193333333333333357e+01	5.503874363533518138e-02
2.195000000000000284e+01	3.384438032796903417e-02
2.196666666666666856e+01	-3.707643484909130954e-02
2.198333333333333428e+01	2.728133369710620398e-03
2.200000000000000000e+01	-1.091098896205034731e-02
2.201666666666666927e+01	5.653235468742441074e-03
2.203333333333333499e+01	1.510359795042778147e-02
2.205000000000000071e+01	1.942943745876304917e-02
2.206666666666666643e+01	-7.355609661631799627e-03
2.208333333333333215e+01	-3.194336017489623342e-02
2.210000000000000142e+01	-8.301007347165134664e-02
2.211666666666666714e+01	7.564176680223092409e-04
2.213333333333333286e+01	1.312037007441137909e-02
2.214999999999999858e+01	-1.472750293925461154e-02
2.216666666666666430e+01	6.426198807190102238e-03
2.218333333333333357e+01	2.236325265440506325e-04
2.219999999999999929e+01	1.127650893904861423e-02
2.221666666666666856e+01	4.876472852544246062e-02
2.223333333333333428e+01	1.288482058994514998e-02
2.225000000000000355e+01	1.763040201011252181e-02
2.226666666666666927e+01	2.322543626072559597e-02
2.228333333333333499e+01	2.572726087263754822e-03
2.230000000000000071e+01	3.714835059051620203e-02
2.231666666666666643e+01	-3.643887835736108610e-02
2.233333333333333570e+01	2.005767878707865465e-02
2.235000000000000142e+01	2.337119834163807475e-02
2.236666666666666714e+01	2.247044207303905763e-02
2.238333333333333286e+01	-3.365897844668942068e-02
2.239999999999999858e+01	-1.818114284708211015e-02
2.241666666666666785e+01	-2.058039048135085897e-02
2.243333333333333357e+01	-2.330338846398792921e-02
2.244999999999999929e+01	2.445090389320625848e-02
2.246666666666666501e+01	8.845742319227141437e-03
2.248333333333333428e+01	-3.660973598839691728e-02
2.250000000000000000e+01	-9.194704747911499818e-03
2.251666666666666572e+01	-2.232733729014365134e-02
2.253333333333333499e+01	-1.014426692822330972e-02
2.255000000000000071e+01	3.223390375132528796e-02
2.256666666666666998e+01	4.248289568452344456e-02
2.258333333333333570e+01	-1.876485420359304008e-03
2.260000000000000142e+01	-2.301298839003515506e-02
2.261666666666666714e+01	5.679962107301234076e-02
2.263333333333333286e+01	-1.518861055188667347e-02
2.265000000000000213e+01	1.196789694323906932e-03
2.266666666666666785e+01	-1.146930142322510025e-02
2.268333333333333357e+01	-4.612851116944607921e-02
2.269999999999999929e+01	4.490180066521291119e-02
2.271666666666666856e+01	4.900856698964291269e-03
2.273333333333333428e+01	-7.177649991244344774e-03
2.275000000000000000e+01	8.501420475822713679e-03
2.276666666666666572e+01	3.818228157866891334e-03
2.278333333333333144e+01	4.628661104965256165e-03
2.280000000000000071e+01	3.301517154879815563e-02
2.281666666666666643e+01	-2.879010480014727869e-02
2.283333333333333215e+01	-5.087372336878599050e-02
2.285000000000000142e+01	3.309776056932104554e-02
2.286666666666666714e+01	1.386288896934395956e-02
2.288333333333333641e+01	-2.469545513475707513e-02
2.290000000000000213e+01	-3.311376547778235868e-02
2.291666666666666785e+01	-1.980035441199282445e-02
2.293333333333333357e+01	-3.920642417811094974e-03
2.294999999999999929e+01	-2.015870080399188944e-03
2.296666666666666856e+01	2.957861548565688184e-02
2.298333333333333428e+01	-3.245359901932612368e-02
2.300000000000000000e+01	1.956797080568636882e-02
2.301666666666666572e+01	4.847451101003348584e-02
2.303333333333333499e+01	-4.739154261157207254e-02
2.305000000000000071e+01	2.708710673570239105e-02
2.306666666666666643e+01	3.964273271245816882e-02
2.308333333333333215e+01	3.452707042422835382e-02
2.309999999999999787e+01	-1.303165535210899957e-02
2.311666666666666714e+01	4.431509727937206315e-03
2.313333333333333286e+01	1.255869847290027534e-04
2.314999999999999858e+01	1.368975106335217247e-02
2.316666666666666785e+01	-5.525995164183082620e-03
2.318333333333333357e+01	-1.152301875340178703e-03
2.320000000000000284e+01	7.228548138584024729e-02
2.321666666666666856e+01	3.018621231360611376e-02
2.323333333333333428e+01	-1.078266657190359197e-02
2.325000000000000000e+01	-1.083208590816504661e-02
2.326666666666666927e+01	-2.573602801361819705e-03
2.328333333333333499e+01	5.779332159845262246e-02
2.330000000000000071e+01	2.303407106343996480e-03
2.331666666666666643e+01	1.451689648310476241e-02
2.333333333333333215e+01	3.741738262235729667e-02
2.335000000000000142e+01	2.536742403971931417e-02
2.336666666666666714e+01	-3.661035682580221278e-04
2.338333333333333286e+01	2.605179267196983117e-02
2.339999999999999858e+01	2.126380215342422303e-02
2.341666666666666430e+01	-1.970895446542846735e-02
2.343333333333333357e+01	-1.770741419785489728e-03
2.344999999999999929e+01	2.160958972130211375e-02
2.346666666666666501e+01	-4.635631305686601505e-02
2.348333333333333428e+01	2.715320038540855116e-02
2.350000000000000355e+01	-4.038623741044677223e-02
2.351666666666666927e+01	2.025262164635820497e-02
2.353333333333333499e+01	1.860645279675026895e-02
2.355000000000000071e+01	-2.315786431051869432e-02
2.356666666666666643e+01	2.776452520774286628e-02
2.358333333333333570e+01	-2.213446718907453176e-02
2.360000000000000142e+01	1.178427380290223044e-02
2.361666666666666714e+01	5.139477486810929176e-03
2.363333333333333286e+01	1.171082235556191418e-02
2.364999999999999858e+01	-1.428210891262822295e-02
2.366666666666666785e+01	-4.758227525970852231e-03
2.368333333333333357e+01	-4.245400373956278312e-02
2.369999999999999929e+01	-1.111456356093774335e-02
2.371666666666666501e+01	-1.004507750157208369e-02
2.373333333333333428e+01	3.646759383347668998e-02
2.375000000000000000e+01	-1.447999901624705266e-02
2.376666666666666572e+01	-2.174200547372403744e-02
2.378333333333333144e+01	1.845648578202963713e-02
2.380000000000000071e+01	3.056744967376419375e-02
2.381666666666666998e+01	-6.364322492528139315e-03
2.383333333333333570e+01	3.267721466401607433e-02
2.385000000000000142e+01	-1.389795861023463211e-02
2.386666666666666714e+01	-1.188494071021945972e-02
2.388333333333333286e+01	1.519140865238080822e-03
2.390000000000000213e+01	5.852446495348474775e-02
2.391666666666666785e+01	-1.342709403706847382e-02
2.393333333333333357e+01	2.732744620737453251e-02
2.394999999999999929e+01	3.820847920971714301e-02
2.396666666666666856e+01	1.848092196738639753e-02
2.398333333333333428e+01	6.367538411298083456e-02
2.400000000000000000e+01	2.210082919855273914e-02
2.401666666666666572e+01	-7.005037433124656349e-03
2.403333333333333144e+01	-5.894906292615113147e-02
2.405000000000000071e+01	4.975166450047163215e-03
2.406666666666666643e+01	-1.767826112223754714e-02
2.408333333333333215e+01	-3.739444385324031811e-02
2.410000000000000142e+01	6.794834895484917758e-02
2.411666666666666714e+01	-8.667503327019517381e-03
2.413333333333333641e+01	2.782937997352557744e-02
2.415000000000000213e+01	4.258414083543530029e-03
2.416666666666666785e+01	4.363477974420174044e-02
2.418333333333333357e+01	-6.399670477665798940e-03
2.420000000000000284e+01	1.347500657798617572e-02
2.421666666666666856e+01	1.797111958450850824e-02
2.423333333333333428e+01	7.444574976807752376e-02
2.425000000000000000e+01	-2.416725160892419302e-02
2.426666666666666572e+01	2.536139936568516592e-02
2.428333333333333499e+01	1.264959653633143839e-02
2.430000000000000071e+01	4.975460314337246115e-02
2.431666666666666643e+01	-4.475221794379711376e-02
2.433333333333333215e+01	3.038716432274901624e-02
2.434999999999999787e+01	-2.617545410533766992e-02
2.436666666666666714e+01	-2.727001910985664759e-02
2.438333333333333286e+01	4.122914927414621927e-02
2.439999999999999858e+01	4.606740224598761257e-02
2.441666666666666785e+01	6.938161877749789153e-02
2.443333333333333712e+01	-1.271961282025663512e-02
2.445000000000000284e+01	-1.473446353211266616e-02
2.446666666666666856e+01	-3.609464679505109547e-02
2.448333333333333428e+01	-3.071899233372930513e-02
2.450000000000000000e+01	2.213542357215628198e-02
2.451666666666666927e+01	1.204172982760818439e-02
2.453333333333333499e+01	-1.662970743283233299e-02
2.455000000000000071e+01	2.757532082646440771e-02
2.456666666666666643e+01	4.792672133815793940e-03
2.458333333333333215e+01	-3.569884901505916003e-02
2.460000000000000142e+01	1.957223124721438681e-02
2.461666666666666714e+01	-2.044449036598981403e-02
2.463333333333333286e+01	1.301739276191371010e-02
2.464999999999999858e+01	3.682662780568748268e-02
2.466666666666666785e+01	3.982297298716119122e-02
2.468333333333333357e+01	-2.028364846636157917e-02
2.469999999999999929e+01	-2.439916170110020821e-02
2.471666666666666501e+01	2.657616351188292828e-02
2.473333333333333428e+01	5.809007486352062502e-03
2.475000000000000355e+01	3.695189772288796221e-02
2.476666666666666927e+01	4.302447133082235725e-02
2.478333333333333499e+01	1.680443310763228559e-02
2.480000000000000071e+01	-6.873493271776212610e-02
2.481666666666666643e+01	3.165898724005607179e-02
2.483333333333333570e+01	-2.093841834255876638e-02
2.485000000000000142e+01	-4.821184182727975692e-02
2.486666666666666714e+01	-5.494449552272157727e-02
2.488333333333333286e+01	-9.635701912279796832e-03
2.490000000000000213e+01	-1.223781486268506755e-03
2.491666666666666785e+01	4.119816453099475057e-02
2.493333333333333357e+01	2.324569341797267426e-03
2.494999999999999929e+01	-3.676077796029682959e-02
2.496666666666666501e+01	-3.642301231725804389e-02
2.498333333333333428e+01	-4.498493774652617683e-02
2.500000000000000000e+01	-2.034867543545141721e-03
2.501666666666666572e+01	-1.752360924112701668e-02
2.503333333333333144e+01	-2.291078100571697362e-02
2.505000000000000071e+01	-4.582588382754212292e-02
2.506666666666666998e+01	3.446950541339965923e-02
2.508333333333333570e+01	1.760098594739211569e-02
2.510000000000000142e+01	1.970677369552375352e-02
2.511666666666666714e+01	-4.443733515041902588e-02
2.513333333333333641e+01	-2.784102735489732416e-02
2.515000000000000213e+01	3.924528145506874649e-02
2.516666666666666785e+01	-1.254470323252591425e-02
2.518333333333333357e+01	1.834736854541023712e-02
2.519999999999999929e+01	1.317982505610956930e-02
2.521666666666666856e+01	-1.325719888496358287e-02
2.523333333333333428e+01	-2.050788183221134361e-02
2.525000000000000000e+01	-3.773036796958190164e-02
2.526666666666666572e+01	5.605570807729916283e-02
2.528333333333333144e+01	1.259428213970123327e-02
2.530000000000000071e+01	-6.740345836786894784e-04
2.531666666666666643e+01	-4.300003253568098621e-02
2.533333333333333215e+01	9.279106588197701122e-03
2.534999999999999787e+01	1.722062188917911421e-02
2.536666666666666714e+01	8.335669217382810081e-02
2.538333333333333641e+01	-1.911730083163905997e-02
2.540000000000000213e+01	-4.742302939624436914e-02
2.541666666666666785e+01	2.202783927485182924e-02
2.543333333333333357e+01	2.033856476505604190e-03
2.545000000000000284e+01	1.045749392852298593e-01
2.546666666666666856e+01	-1.895511127449915623e-02
2.548333333333333428e+01	3.555572318850239860e-02
2.550000000000000000e+01	2.303727790182370783e-02
2.551666666666666572e+01	3.902203349933034554e-02
2.553333333333333499e+01	-2.749242301639279532e-02
2.555000000000000071e+01	3.147924123531677110e-02
2.556666666666666643e+01	2.666754949764413643e-02
2.558333333333333215e+01	-2.240436597278020955e-02
2.559999999999999787e+01	-1.710464037243068086e-02
2.561666666666666714e+01	-1.831769301180856402e-02
2.563333333333333286e+01	-1.158881502491154215e-02
2.564999999999999858e+01	1.458572465833149999e-02
2.566666666666666430e+01	-1.498784662458288106e-02
2.568333333333333357e+01	-4.318590572299619429e-02
2.570000000000000284e+01	-1.146184528922259728e-02
2.571666666666666856e+01	-2.097366286420145401e-02
2.573333333333333428e+01	-1.191038282147867909e-02
2.575000000000000000e+01	1.791847424363021343e-02
2.576666666666666927e+01	1.797754982329622037e-04
2.578333333333333499e+01	-3.454284526918877194e-03
2.580000000000000071e+01	4.384364574896781191e-02
2.581666666666666643e+01	-3.222498344634055090e-03
2.583333333333333215e+01	-4.222408108713617686e-02
2.585000000000000142e+01	7.787220909659456347e-02
2.586666666666666714e+01	2.564846607903441267e-02
2.588333333333333286e+01	1.942434914593740500e-02
2.589999999999999858e+01	-6.581154750250486386e-03
2.591666666666666785e+01	-3.265570753346751925e-02
2.593333333333333357e+01	-2.525276949365191925e-02
2.594999999999999929e+01	7.849369040096054739e-02
2.596666666666666501e+01	-1.107591670850399321e-02
2.598333333333333073e+01	1.824836188331834322e-02
2.600000000000000355e+01	-8.735344640481245218e-03
2.601666666666666927e+01	1.127837491547062409e-03
2.603333333333333499e+01	3.572848480626771017e-02
2.605000000000000071e+01	4.980882345756552573e-03
2.606666666666666643e+01	-1.603585157914486775e-02
2.608333333333333570e+01	1.049194335402322924e-02
2.610000000000000142e+01	1.903019437784369758e-02
2.611666666666666714e+01	-2.759249593871949957e-02
2.613333333333333286e+01	4.215359278413952082e-02
2.615000000000000213e+01	2.047405028906391228e-02
2.616666666666666785e+01	-2.719427789656704564e-02
2.618333333333333357e+01	-7.201740914772301622e-04
2.619999999999999929e+01	2.366835959527963107e-02
2.621666666666666501e+01	1.077179859047259049e-03
2.623333333333333428e+01	4.812701622229659942e-02
2.625000000000000000e+01	-3.786008195961372991e-03
2.626666666666666572e+01	1.718577486669893920e-02
2.628333333333333144e+01	-2.282106883972686087e-02
2.629999999999999716e+01	-5.806782314612036236e-05
2.631666666666666998e+01	-2.970144715788437806e-02
2.633333333333333570e+01	-5.093209544718275972e-02
2.635000000000000142e+01	-9.516092005499519543e-03
2.636666666666666714e+01	-8.100831014141615086e-05
2.638333333333333641e+01	-4.686734177758553749e-02
2.640000000000000213e+01	9.600428783805592739e-03
2.641666666666666785e+01	-6.280891984217958253e-03
2.643333333333333357e+01	-3.610733599222666623e-02
2.644999999999999929e+01	-1.959570793184206225e-02
2.646666666666666856e+01	4.392914092711668744e-02
2.648333333333333428e+01	-8.212791848874699541e-02
2.650000000000000000e+01	-3.758720676322047094e-02
2.651666666666666572e+01	-5.480762654543357842e-02
2.653333333333333144e+01	-2.262098398707267435e-02
2.655000000000000071e+01	-3.751048372996313579e-02
2.656666666666666643e+01	-1.536871902150858081e-02
2.658333333333333215e+01	-3.413458563672460561e-02
2.659999999999999787e+01	2.551291770622138994e-02
2.661666666666666714e+01	-1.582574943101790893e-02
2.663333333333333641e+01	6.471344197950411239e-04
2.665000000000000213e+01	6.117666994354475918e-02
2.666666666666666785e+01	-1.446033404602222600e-02
2.668333333333333357e+01	-2.807255771535692099e-02
2.670000000000000284e+01	-1.145736927667601220e-02
2.671666666666666856e+01	-1.031582263354063542e-02
2.673333333333333428e+01	-6.778451958549859546e-02
2.675000000000000000e+01	-2.944802840995675280e-03
2.676666666666666572e+01	-8.086960505777918487e-03
2.678333333333333499e+01	-5.054102475885646761e-02
2.680000000000000071e+01	8.840516821420053156e-03
2.681666666666666643e+01	-4.088089053540683651e-03
2.683333333333333215e+01	-4.162259776454554222e-02
2.685000000000000142e+01	5.515445099719582661e-02
2.686666666666666714e+01	9.424296075092186351e-03
2.688333333333333286e+01	-2.727787811100390938e-02
2.689999999999999858e+01	7.782357642158448108e-02
2.691666666666666430e+01	-1.795829115762224981e-02
2.693333333333333357e+01	-2.370195237201021266e-02
