Time_us	Received_Longitudinal
0.000000000000000000e+00	-2.285232680263308419e-02
1.666666666666666644e-02	-2.248242330216909321e-02
3.333333333333333287e-02	-1.749483653199369621e-03
4.999999999999999584e-02	-5.627323012655617920e-03
6.666666666666666574e-02	3.691859118479552671e-02
8.333333333333334259e-02	-3.606066602765043566e-02
9.999999999999999167e-02	-3.301684453774174355e-02
1.166666666666666685e-01	-1.348198215888194405e-02
1.333333333333333315e-01	5.133706181330146417e-02
1.499999999999999944e-01	1.633842238825408688e-02
1.666666666666666852e-01	-6.710541337791131600e-02
1.833333333333333204e-01	4.235860072721062131e-02
1.999999999999999833e-01	2.240487116547686640e-03
2.166666666666666741e-01	4.382332320902763978e-02
2.333333333333333370e-01	-3.487195777768694466e-02
2.500000000000000000e-01	1.932621662920606942e-02
2.666666666666666630e-01	6.085989822904981639e-02
2.833333333333333814e-01	1.940422690823588592e-02
2.999999999999999889e-01	-1.095210251567802461e-02
3.166666666666666519e-01	-4.184981700645989261e-02
3.333333333333333703e-01	1.640941556369593032e-02
3.499999999999999778e-01	-1.383100557207183820e-02
3.666666666666666408e-01	-2.812454262513664621e-02
3.833333333333333592e-01	-7.985125246432868418e-02
3.999999999999999667e-01	-3.804358213230384783e-02
4.166666666666666852e-01	6.298666812969157258e-02
4.333333333333333481e-01	2.761340782574907282e-02
4.500000000000000111e-01	5.731638510451639995e-02
4.666666666666666741e-01	4.651376094685117507e-02
4.833333333333332815e-01	-2.722753925647964854e-02
5.000000000000000000e-01	1.449419333213519245e-03
5.166666666666666075e-01	3.753958902630062655e-02
5.333333333333333259e-01	-4.672189436734734691e-02
5.500000000000000444e-01	-4.939545401499650934e-02
5.666666666666667629e-01	-7.497232011367993554e-02
5.833333333333333703e-01	-3.210824494239310212e-02
5.999999999999999778e-01	5.093088225738975211e-02
6.166666666666666963e-01	4.249539889032406814e-02
6.333333333333333037e-01	-5.402257012413649861e-02
6.500000000000000222e-01	-4.969722848462716086e-02
6.666666666666667407e-01	2.594942761117595073e-02
6.833333333333333481e-01	2.692427108824610796e-02
6.999999999999999556e-01	-9.775308516915583168e-03
7.166666666666666741e-01	2.581986215955866127e-03
7.333333333333332815e-01	2.354517602624290945e-04
7.500000000000000000e-01	5.568220080354835226e-03
7.666666666666667185e-01	-8.248234073289586327e-03
7.833333333333334370e-01	-1.703097296025347235e-02
7.999999999999999334e-01	-9.291073840616018154e-03
8.166666666666666519e-01	-6.187274407453194000e-03
8.333333333333333703e-01	1.880651477575353073e-03
8.499999999999999778e-01	-4.306673877058348615e-02
8.666666666666666963e-01	-2.603525086061806229e-02
8.833333333333334147e-01	-6.856083891365298208e-03
9.000000000000000222e-01	4.796263338488467726e-02
9.166666666666666297e-01	2.986110739706691192e-02
9.333333333333333481e-01	1.230097863192803134e-02
9.499999999999999556e-01	-4.544782424328321080e-02
9.666666666666665630e-01	-1.670678902261343510e-02
9.833333333333333925e-01	1.067021445317059905e-02
1.000000000000000000e+00	-1.433845235786714023e-02
1.016666666666666829e+00	-3.479440247171159545e-02
1.033333333333333215e+00	9.279130221439729417e-03
1.050000000000000044e+00	-6.413161696690161846e-03
1.066666666666666652e+00	-5.021452332046789230e-02
1.083333333333333259e+00	5.352026110338770765e-02
1.100000000000000089e+00	-7.711485853277265379e-02
1.116666666666666696e+00	4.265947761330733667e-02
1.133333333333333526e+00	-2.117221641735083162e-02
1.149999999999999911e+00	2.452374329431312311e-02
1.166666666666666741e+00	-6.091169002470162540e-03
1.183333333333333348e+00	3.250928357011090286e-02
1.199999999999999956e+00	1.803921186134867932e-02
1.216666666666666785e+00	2.752298973688937708e-02
1.233333333333333393e+00	3.138390276012117952e-02
1.250000000000000000e+00	2.487157007372794645e-02
1.266666666666666607e+00	-1.652898898730871882e-02
1.283333333333333215e+00	3.320358493106241593e-02
1.300000000000000044e+00	-2.158143261308356417e-02
1.316666666666666652e+00	3.014806988605359117e-02
1.333333333333333481e+00	5.591023435713826650e-02
1.350000000000000089e+00	4.124071856587038787e-02
1.366666666666666696e+00	7.391750229874123612e-02
1.383333333333333304e+00	3.707247579849909380e-02
1.399999999999999911e+00	-4.788668483812003746e-02
1.416666666666666741e+00	2.829487771527854079e-02
1.433333333333333348e+00	3.304662389360561031e-03
1.450000000000000178e+00	-3.670383653141812835e-02
1.466666666666666563e+00	-6.727844664081218153e-03
1.483333333333333393e+00	-9.235539569603852875e-03
1.500000000000000000e+00	-3.530968945759021399e-02
1.516666666666666607e+00	3.454578236361618461e-03
1.533333333333333437e+00	1.068962811467244478e-02
1.550000000000000044e+00	2.558649228783935886e-02
1.566666666666666874e+00	7.663642930955640725e-03
1.583333333333333259e+00	-9.018541973360617511e-03
1.599999999999999867e+00	5.698445817598742080e-03
1.616666666666666696e+00	-2.361629904079399350e-02
1.633333333333333304e+00	-7.744781419646143417e-02
1.650000000000000133e+00	-5.033281260401940155e-02
1.666666666666666741e+00	-4.186271981575002965e-02
1.683333333333333348e+00	-4.597158495845122400e-02
1.699999999999999956e+00	-4.463672868938217686e-02
1.716666666666666563e+00	-2.615469012762893300e-02
1.733333333333333393e+00	2.729019867830642914e-03
1.750000000000000000e+00	-3.972746938968652747e-02
1.766666666666666829e+00	9.798751316483330503e-03
1.783333333333333437e+00	-3.707084209874851599e-02
1.800000000000000044e+00	-1.584332629417458185e-02
1.816666666666666652e+00	1.494615249483524123e-02
1.833333333333333259e+00	1.870374775705078898e-03
1.850000000000000089e+00	-2.192998283575241583e-02
1.866666666666666696e+00	2.363603260245919838e-02
1.883333333333333526e+00	-1.036139120454730896e-02
1.899999999999999911e+00	-1.340943223957544346e-02
1.916666666666666741e+00	-1.626613093424967432e-02
1.933333333333333126e+00	-1.540628832243813758e-02
1.949999999999999956e+00	-2.765848354053657143e-02
1.966666666666666785e+00	5.259013750642763108e-03
1.983333333333333615e+00	-4.801008072860944026e-02
2.000000000000000000e+00	-8.309178591250134535e-04
2.016666666666666607e+00	5.989560658482936950e-02
2.033333333333333659e+00	-4.180211175797803741e-02
2.049999999999999822e+00	-5.933358084748864558e-02
2.066666666666666430e+00	-4.387032788631314156e-02
2.083333333333333481e+00	1.226798919352551330e-02
2.100000000000000089e+00	-1.448110347704666817e-02
2.116666666666666696e+00	2.357531976477795707e-02
2.133333333333333304e+00	-1.420835160898824279e-02
2.150000000000000355e+00	4.281477698508058538e-02
2.166666666666666519e+00	2.574185388048692239e-03
2.183333333333333126e+00	2.357926563996420172e-02
2.200000000000000178e+00	-2.263755592202652475e-02
2.216666666666666785e+00	6.103879176467465889e-02
2.233333333333333393e+00	5.162997545314143566e-02
2.250000000000000000e+00	-4.087531755547278017e-02
2.266666666666667052e+00	-7.044310630713357217e-03
2.283333333333333215e+00	2.820388452569101354e-02
2.299999999999999822e+00	-6.276124750312967251e-03
2.316666666666666874e+00	5.710221115900331566e-03
2.333333333333333481e+00	5.983525955505826326e-03
2.350000000000000089e+00	-2.540045394549897417e-02
2.366666666666666696e+00	3.527729353908765075e-02
2.383333333333333304e+00	-5.840880872641657923e-02
2.399999999999999911e+00	3.572198499231767771e-02
2.416666666666666519e+00	-8.516067777619765883e-03
2.433333333333333570e+00	4.915021586558133981e-03
2.450000000000000178e+00	-2.339195427506250355e-02
2.466666666666666785e+00	-1.573169932162095733e-02
2.483333333333333393e+00	4.996171056609461508e-02
2.500000000000000000e+00	-9.544549200615507975e-03
2.516666666666666607e+00	-3.237910444914164632e-02
2.533333333333333215e+00	1.052923562750634166e-02
2.550000000000000266e+00	1.350771659474406900e-03
2.566666666666666430e+00	6.567220041767933558e-02
2.583333333333333481e+00	-2.367086378809554748e-02
2.600000000000000089e+00	2.754089829420951208e-02
2.616666666666666696e+00	-7.304945155467469815e-03
2.633333333333333304e+00	-3.526460448297868283e-02
2.649999999999999911e+00	4.881152380906708665e-03
2.666666666666666963e+00	-4.673591614379331294e-02
2.683333333333333126e+00	3.823561323576010057e-02
2.700000000000000178e+00	2.553275268052031949e-02
2.716666666666666785e+00	-7.968605489969775302e-02
2.733333333333333393e+00	-3.048828863555467974e-03
2.750000000000000000e+00	1.623430625941201313e-02
2.766666666666666607e+00	1.811715130357716488e-02
2.783333333333333659e+00	2.231814130814889496e-02
2.799999999999999822e+00	2.926597493474486500e-02
2.816666666666666874e+00	2.008853630427232667e-02
2.833333333333333481e+00	1.811569828083566328e-02
2.850000000000000089e+00	-1.938221477239628759e-02
2.866666666666666696e+00	2.751736574839692973e-02
2.883333333333333304e+00	1.954933175703024370e-02
2.900000000000000355e+00	1.423965297603048755e-02
2.916666666666666519e+00	-4.652351883648565140e-02
2.933333333333333126e+00	3.141858401002101120e-02
2.950000000000000178e+00	5.424665652649383885e-02
2.966666666666666785e+00	5.675458421070014858e-02
2.983333333333333393e+00	9.789370686735318627e-02
3.000000000000000000e+00	1.299024816844678715e-02
3.016666666666667052e+00	9.173676727125568142e-02
3.033333333333333215e+00	2.788191450893524881e-02
3.049999999999999822e+00	2.377125580191164628e-02
3.066666666666666874e+00	7.532093975694428845e-02
3.083333333333333481e+00	7.426948806974595363e-02
3.100000000000000089e+00	5.363210555363786408e-02
3.116666666666666696e+00	1.175416915375492449e-01
3.133333333333333748e+00	7.673955913775644400e-02
3.149999999999999911e+00	1.633321103925911566e-01
3.166666666666666519e+00	1.168449914925315664e-01
3.183333333333333570e+00	1.823814673691774579e-01
3.199999999999999734e+00	1.164476521804894416e-01
3.216666666666666785e+00	1.789339129467120704e-01
3.233333333333333393e+00	1.291690533523593143e-01
3.250000000000000444e+00	1.504935440646409106e-01
3.266666666666666607e+00	1.629972105750324418e-01
3.283333333333333215e+00	1.439768357209892380e-01
3.300000000000000266e+00	1.046625951823594858e-01
3.316666666666666430e+00	1.919263485071921460e-01
3.333333333333333481e+00	1.639070387251615468e-01
3.350000000000000089e+00	1.851762062524698049e-01
3.366666666666666696e+00	1.475855258997805786e-01
3.383333333333333304e+00	1.020422718492742103e-01
3.399999999999999911e+00	1.866884198308030318e-01
3.416666666666666963e+00	1.694489856690278295e-01
3.433333333333333126e+00	1.014104653638427944e-01
3.450000000000000178e+00	1.115412885495061096e-01
3.466666666666666785e+00	6.499193485426578432e-02
3.483333333333333393e+00	9.532833023236952918e-02
3.500000000000000000e+00	8.632995921826927543e-02
3.516666666666666607e+00	1.190278375366995156e-01
3.533333333333333659e+00	6.173879545087060383e-02
3.549999999999999822e+00	4.896765564774527291e-02
3.566666666666666874e+00	3.127278814800096146e-02
3.583333333333333481e+00	7.878235063548999495e-02
3.600000000000000089e+00	1.387713437401495720e-02
3.616666666666666696e+00	-4.238056657794080084e-02
3.633333333333333304e+00	-7.677696718464846470e-02
3.650000000000000355e+00	-6.684829616643778172e-02
3.666666666666666519e+00	-1.241101200582168385e-01
3.683333333333333570e+00	-5.669410599459691336e-02
3.700000000000000178e+00	-1.532629384036143516e-01
3.716666666666666785e+00	-1.579459659581662900e-01
3.733333333333333393e+00	-1.521594840157672046e-01
3.750000000000000000e+00	-1.837829727724698547e-01
3.766666666666667052e+00	-1.665337915271515867e-01
3.783333333333333215e+00	-1.860617889406908365e-01
3.799999999999999822e+00	-2.150359525023132767e-01
3.816666666666666874e+00	-3.492259903078737682e-01
3.833333333333333481e+00	-3.436660501466287654e-01
3.850000000000000533e+00	-3.306485469488146811e-01
3.866666666666666252e+00	-2.665691183090556637e-01
3.883333333333333304e+00	-3.529641775055614161e-01
3.899999999999999911e+00	-4.024759297612867659e-01
3.916666666666666519e+00	-3.985569629544941095e-01
3.933333333333333570e+00	-4.789083592442123782e-01
3.950000000000000178e+00	-4.913390667615512575e-01
3.966666666666667229e+00	-4.867805170972473450e-01
3.983333333333332948e+00	-4.424177193622360615e-01
4.000000000000000000e+00	-5.650002131843826492e-01
4.016666666666666607e+00	-5.096717055077577552e-01
4.033333333333333215e+00	-5.167114398967818101e-01
4.049999999999999822e+00	-5.609534675496123945e-01
4.066666666666667318e+00	-5.975512858245508596e-01
4.083333333333333925e+00	-5.643122602434292867e-01
4.099999999999999645e+00	-5.970052586091575408e-01
4.116666666666666252e+00	-5.664447996264408980e-01
4.133333333333332860e+00	-6.004812464060340638e-01
4.150000000000000355e+00	-5.642020832508427564e-01
4.166666666666666963e+00	-5.902354573306015650e-01
4.183333333333333570e+00	-5.884199849652843595e-01
4.200000000000000178e+00	-5.596150698860851147e-01
4.216666666666666785e+00	-6.004000978554007162e-01
4.233333333333333393e+00	-5.973579346393195211e-01
4.250000000000000000e+00	-6.259713547865314309e-01
4.266666666666666607e+00	-5.663721090939278779e-01
4.283333333333333215e+00	-5.518978267405514337e-01
4.300000000000000711e+00	-5.414800228579969010e-01
4.316666666666667318e+00	-5.608061899817590179e-01
4.333333333333333037e+00	-5.114540712342047213e-01
4.349999999999999645e+00	-5.043995481542120629e-01
4.366666666666666252e+00	-4.491897687191064303e-01
4.383333333333333748e+00	-3.887210636837508115e-01
4.400000000000000355e+00	-4.292901714011282399e-01
4.416666666666666963e+00	-3.464933152791947468e-01
4.433333333333333570e+00	-3.542415528125137936e-01
4.450000000000000178e+00	-2.914125004712286859e-01
4.466666666666666785e+00	-3.162078577973768123e-01
4.483333333333333393e+00	-3.035340223818022709e-01
4.500000000000000000e+00	-2.190010155266942926e-01
4.516666666666666607e+00	-2.270666617413988064e-01
4.533333333333334103e+00	-1.326740258693249741e-01
4.550000000000000711e+00	-8.042009364019359063e-02
4.566666666666666430e+00	-1.215544553710318221e-01
4.583333333333333037e+00	-4.330657682365868233e-02
4.599999999999999645e+00	-3.456671171175559887e-02
4.616666666666667140e+00	3.918216229080920265e-02
4.633333333333333748e+00	4.469619775457926020e-02
4.650000000000000355e+00	1.016231602845609761e-01
4.666666666666666963e+00	1.702006457044514254e-01
4.683333333333332682e+00	1.726593284437328013e-01
4.700000000000000178e+00	1.702242114045467158e-01
4.716666666666666785e+00	2.188887009590601562e-01
4.733333333333333393e+00	2.536377451192443067e-01
4.750000000000000000e+00	2.138555785999602388e-01
4.766666666666666607e+00	3.618253246658546529e-01
4.783333333333334103e+00	3.324281815157429376e-01
4.799999999999999822e+00	3.213365517828003504e-01
4.816666666666666430e+00	3.857284618502228035e-01
4.833333333333333037e+00	4.914976063803538908e-01
4.850000000000000533e+00	4.663990020685831461e-01
4.866666666666667140e+00	4.893488558206902650e-01
4.883333333333333748e+00	4.917985710106203001e-01
4.900000000000000355e+00	5.391351659775991401e-01
4.916666666666666075e+00	5.573551206412006298e-01
4.933333333333333570e+00	5.809404345623518928e-01
4.950000000000000178e+00	6.624508044042530797e-01
4.966666666666666785e+00	6.822753919787469812e-01
4.983333333333333393e+00	5.538915193087798894e-01
5.000000000000000000e+00	6.048332107087284193e-01
5.016666666666666607e+00	6.375995610604457964e-01
5.033333333333333215e+00	6.901125281575378745e-01
5.049999999999999822e+00	7.147422817674138340e-01
5.066666666666666430e+00	6.874555425393492625e-01
5.083333333333333925e+00	6.869063827531138866e-01
5.100000000000000533e+00	6.803491357327065003e-01
5.116666666666667140e+00	7.665226670675248100e-01
5.133333333333332860e+00	7.425254771955772659e-01
5.149999999999999467e+00	6.767372583939510466e-01
5.166666666666666963e+00	6.568511411262604183e-01
5.183333333333333570e+00	6.980207203557503570e-01
5.200000000000000178e+00	6.582894341356010370e-01
5.216666666666666785e+00	6.499138515217314227e-01
5.233333333333333393e+00	6.748741959971336080e-01
5.250000000000000000e+00	6.748998359725302265e-01
5.266666666666666607e+00	6.526626332437357458e-01
5.283333333333333215e+00	6.028864626329906162e-01
5.299999999999999822e+00	6.065066564735809296e-01
5.316666666666666430e+00	6.209262865532103604e-01
5.333333333333333925e+00	5.640763513987355759e-01
5.350000000000000533e+00	5.057487297508596047e-01
5.366666666666666252e+00	4.907954575746889536e-01
5.383333333333332860e+00	4.468881654887531529e-01
5.400000000000000355e+00	4.174791379062866570e-01
5.416666666666666963e+00	3.814186986148468961e-01
5.433333333333333570e+00	3.683107523190894961e-01
5.450000000000000178e+00	3.720576496920768861e-01
5.466666666666666785e+00	2.985621668706737175e-01
5.483333333333333393e+00	3.058189236687717250e-01
5.500000000000000000e+00	2.274077470520816935e-01
5.516666666666666607e+00	2.652409528221173485e-01
5.533333333333333215e+00	2.470486077563331384e-01
5.549999999999999822e+00	1.371144313070775389e-01
5.566666666666667318e+00	1.507801440444240249e-01
5.583333333333333925e+00	7.319844943205953969e-02
5.599999999999999645e+00	1.006456735866504901e-02
5.616666666666666252e+00	5.392890519022643103e-02
5.633333333333333748e+00	-7.397856803452149133e-02
5.650000000000000355e+00	-3.798700352983748474e-02
5.666666666666666963e+00	-5.847539090695164088e-02
5.683333333333333570e+00	-8.986303217348727557e-02
5.700000000000000178e+00	-1.237159868693055581e-01
5.716666666666666785e+00	-2.219176545868002948e-01
5.733333333333333393e+00	-2.160298026549450079e-01
5.750000000000000000e+00	-2.854427585316626770e-01
5.766666666666666607e+00	-2.851876786210628123e-01
5.783333333333333215e+00	-3.596295598126752480e-01
5.800000000000000711e+00	-3.690144675569754784e-01
5.816666666666667318e+00	-3.828037483794924922e-01
5.833333333333333037e+00	-4.866356710669801355e-01
5.849999999999999645e+00	-5.281864376688283347e-01
5.866666666666666252e+00	-5.105684611840888287e-01
5.883333333333333748e+00	-5.630203699768656644e-01
5.900000000000000355e+00	-5.459665249287491973e-01
5.916666666666666963e+00	-6.286716403212466719e-01
5.933333333333333570e+00	-5.390975113441112132e-01
5.950000000000000178e+00	-5.902391391743263549e-01
5.966666666666666785e+00	-6.360060012192303436e-01
5.983333333333333393e+00	-6.393957503562627265e-01
6.000000000000000000e+00	-6.062699725281972540e-01
6.016666666666666607e+00	-6.334249265502266413e-01
6.033333333333334103e+00	-6.961478141840844458e-01
6.050000000000000711e+00	-7.400041922094537927e-01
6.066666666666666430e+00	-6.585157846503110202e-01
6.083333333333333037e+00	-6.788694602496945230e-01
6.099999999999999645e+00	-6.836424289909677210e-01
6.116666666666667140e+00	-7.235962642011873891e-01
6.133333333333333748e+00	-6.511110396829883351e-01
6.150000000000000355e+00	-6.764703358885560958e-01
6.166666666666666963e+00	-6.718214870857622811e-01
6.183333333333333570e+00	-7.113136521291946179e-01
6.200000000000000178e+00	-6.426957929475486386e-01
6.216666666666666785e+00	-6.866074208022266978e-01
6.233333333333333393e+00	-6.894983747978636890e-01
6.250000000000000000e+00	-6.149671630554932600e-01
6.266666666666667496e+00	-6.287011616476446685e-01
6.283333333333334103e+00	-6.174286314866648251e-01
6.299999999999999822e+00	-5.812418765847406910e-01
6.316666666666666430e+00	-5.267569900787186787e-01
6.333333333333333037e+00	-5.722722298110620720e-01
6.350000000000000533e+00	-5.365197209689496205e-01
6.366666666666667140e+00	-5.284522039560299866e-01
6.383333333333333748e+00	-4.545672069203766652e-01
6.399999999999999467e+00	-4.365792033534556804e-01
6.416666666666666075e+00	-4.260822684866946153e-01
6.433333333333333570e+00	-3.977343462378198913e-01
6.450000000000000178e+00	-3.453531165078275733e-01
6.466666666666666785e+00	-3.518221217481474206e-01
6.483333333333333393e+00	-2.576952827829953052e-01
6.500000000000000888e+00	-2.391722002649477596e-01
6.516666666666666607e+00	-2.101944426412802325e-01
6.533333333333333215e+00	-1.548127808802299277e-01
6.549999999999999822e+00	-1.234160808167597129e-01
6.566666666666666430e+00	-1.713832675200700206e-01
6.583333333333333925e+00	-2.036694835925836194e-02
6.600000000000000533e+00	-2.972460751301729889e-02
6.616666666666667140e+00	-4.462488280052643447e-02
6.633333333333332860e+00	1.448673735371857133e-02
6.649999999999999467e+00	1.152873269472746987e-01
6.666666666666666963e+00	8.433403878508430318e-02
6.683333333333333570e+00	1.376145702346979194e-01
6.700000000000000178e+00	1.413750232159290965e-01
6.716666666666666785e+00	2.045648382425325762e-01
6.733333333333333393e+00	2.479503631750363812e-01
6.750000000000000000e+00	2.565262146558360268e-01
6.766666666666666607e+00	3.379890581502459357e-01
6.783333333333333215e+00	3.872816584289767716e-01
6.799999999999999822e+00	3.823504441819111643e-01
6.816666666666667318e+00	4.555186750891865310e-01
6.833333333333333925e+00	4.463274942479727447e-01
6.850000000000000533e+00	4.798407510459180569e-01
6.866666666666666252e+00	4.730134912227368926e-01
6.883333333333332860e+00	4.715975131467532444e-01
6.900000000000000355e+00	6.299553936190424031e-01
6.916666666666666963e+00	5.663474493855696901e-01
6.933333333333333570e+00	5.910070729550324087e-01
6.950000000000000178e+00	5.719107135568015643e-01
6.966666666666666785e+00	6.201708383037759509e-01
6.983333333333333393e+00	6.444166694501350934e-01
7.000000000000000000e+00	6.517369174448904845e-01
7.016666666666666607e+00	6.785155733796556232e-01
7.033333333333333215e+00	6.623969527283517511e-01
7.049999999999999822e+00	6.347144182241629684e-01
7.066666666666667318e+00	6.748278175462023576e-01
7.083333333333333925e+00	7.021111440918283986e-01
7.099999999999999645e+00	7.213095364415654798e-01
7.116666666666666252e+00	7.154392582380281196e-01
7.133333333333333748e+00	7.341516831818271083e-01
7.150000000000000355e+00	6.905792652391260500e-01
7.166666666666666963e+00	7.662731907304907164e-01
7.183333333333333570e+00	6.976533556820796456e-01
7.200000000000000178e+00	6.877809365808610353e-01
7.216666666666666785e+00	6.402480553465847990e-01
7.233333333333333393e+00	6.427122890568949254e-01
7.250000000000000000e+00	6.710201155303520126e-01
7.266666666666666607e+00	6.060348569426620147e-01
7.283333333333333215e+00	6.212149888718887514e-01
7.300000000000000711e+00	5.953707201358836576e-01
7.316666666666667318e+00	5.958147950838574847e-01
7.333333333333333037e+00	5.302526724553218163e-01
7.349999999999999645e+00	5.579785603588406362e-01
7.366666666666667140e+00	5.290283009385942092e-01
7.383333333333333748e+00	4.557855296919921528e-01
7.400000000000000355e+00	4.613718495456715640e-01
7.416666666666666963e+00	3.782242141445300021e-01
7.433333333333333570e+00	3.867280359571839687e-01
7.450000000000000178e+00	3.398726159139490721e-01
7.466666666666666785e+00	2.741250615390045109e-01
7.483333333333333393e+00	2.846591106472916577e-01
7.500000000000000000e+00	3.265938562029750414e-01
7.516666666666666607e+00	2.147821600019106658e-01
7.533333333333334103e+00	1.569174273042268919e-01
7.550000000000000711e+00	1.537113460194656500e-01
7.566666666666666430e+00	1.172522741307734373e-01
7.583333333333333037e+00	6.412030130836668396e-02
7.599999999999999645e+00	2.998575772004816176e-02
7.616666666666667140e+00	6.926241949940289966e-02
7.633333333333333748e+00	-1.390477249866407805e-02
7.649999999999999467e+00	-4.962661767885255537e-02
7.666666666666666963e+00	-1.104671794736837159e-01
7.683333333333333570e+00	-1.490719909472436322e-01
7.700000000000001066e+00	-1.937969245404800867e-01
7.716666666666666785e+00	-1.731906568532002311e-01
7.733333333333332504e+00	-2.601123446235734660e-01
7.750000000000000000e+00	-2.761896792649822241e-01
7.766666666666666607e+00	-2.998872981891727019e-01
7.783333333333334103e+00	-3.136725525894529243e-01
7.799999999999999822e+00	-4.060999030056889891e-01
7.816666666666667318e+00	-3.684928236270743063e-01
7.833333333333333037e+00	-4.123315087804648171e-01
7.849999999999999645e+00	-4.434848852036705202e-01
7.866666666666667140e+00	-4.855516535667978584e-01
7.883333333333332860e+00	-5.250602989895892803e-01
7.900000000000000355e+00	-5.280685147137482716e-01
7.916666666666666963e+00	-5.393382062857037251e-01
7.933333333333334458e+00	-5.697292729734499961e-01
7.950000000000000178e+00	-6.209090534227991176e-01
7.966666666666665897e+00	-6.607581138696316803e-01
7.983333333333333393e+00	-6.476726995341678395e-01
8.000000000000000000e+00	-6.502353452318427873e-01
8.016666666666667496e+00	-6.681339588323607082e-01
8.033333333333333215e+00	-7.010641534512445094e-01
8.050000000000000711e+00	-7.290401643818722466e-01
8.066666666666666430e+00	-7.263001318839836795e-01
8.083333333333332149e+00	-7.093524253146100689e-01
8.099999999999999645e+00	-6.826926276486697809e-01
8.116666666666667140e+00	-7.282328850843898804e-01
8.133333333333334636e+00	-6.906199529760290723e-01
8.150000000000000355e+00	-6.902365948271268481e-01
8.166666666666667851e+00	-7.084888406193964316e-01
8.183333333333333570e+00	-6.829302091615363501e-01
8.199999999999999289e+00	-6.920864064193680276e-01
8.216666666666666785e+00	-6.562306058492213268e-01
8.233333333333332504e+00	-6.530186414396993433e-01
8.250000000000000000e+00	-5.613168513111518321e-01
8.266666666666665719e+00	-6.714781358184600535e-01
8.283333333333334991e+00	-6.290605995251832283e-01
8.300000000000000711e+00	-5.864982204723067083e-01
8.316666666666666430e+00	-5.233992091053564222e-01
8.333333333333333925e+00	-5.949318154877923925e-01
8.349999999999999645e+00	-5.315527525866646785e-01
8.366666666666667140e+00	-5.026898868970012257e-01
8.383333333333332860e+00	-4.719482890858365809e-01
8.400000000000000355e+00	-4.842531584201116290e-01
8.416666666666666075e+00	-4.052568755151648716e-01
8.433333333333333570e+00	-3.918280355065288934e-01
8.450000000000001066e+00	-3.958132316671292839e-01
8.466666666666666785e+00	-3.196373439616271850e-01
8.483333333333334281e+00	-2.613568714958721118e-01
8.500000000000000000e+00	-2.580066180200104586e-01
8.516666666666667496e+00	-2.502534890879198892e-01
8.533333333333333215e+00	-1.475044722030174893e-01
8.549999999999998934e+00	-2.020604285651552146e-01
8.566666666666666430e+00	-9.711390190862209670e-02
8.583333333333332149e+00	-4.475861296038570469e-02
8.600000000000001421e+00	-3.456629753371793373e-02
8.616666666666667140e+00	-3.432658240126824564e-03
8.633333333333334636e+00	2.651291681119813393e-02
8.650000000000000355e+00	7.734521498786876836e-02
8.666666666666666075e+00	1.217111538171694318e-01
8.683333333333333570e+00	8.235564628551422794e-02
8.699999999999999289e+00	1.683012211409414816e-01
8.716666666666666785e+00	2.397417221351932359e-01
8.733333333333332504e+00	2.108717448927018290e-01
8.750000000000001776e+00	2.987332375106453441e-01
8.766666666666667496e+00	3.558344048406900106e-01
8.783333333333333215e+00	3.761301342652406121e-01
8.800000000000000711e+00	3.296758266526194081e-01
8.816666666666666430e+00	4.181730029150931838e-01
8.833333333333333925e+00	4.401766112044826484e-01
8.849999999999999645e+00	4.816904061495139167e-01
8.866666666666667140e+00	5.549602339739037049e-01
8.883333333333332860e+00	4.857903530041643436e-01
8.900000000000000355e+00	5.158578034793408484e-01
8.916666666666667851e+00	5.527033242001455626e-01
8.933333333333333570e+00	6.216924272807802243e-01
8.950000000000001066e+00	5.750882761891179529e-01
8.966666666666666785e+00	6.230923970309644178e-01
8.983333333333334281e+00	6.282348803308027696e-01
9.000000000000000000e+00	6.720935760658546254e-01
9.016666666666665719e+00	6.937778709436998037e-01
9.033333333333333215e+00	7.375182637751194203e-01
9.049999999999998934e+00	6.518681346074569616e-01
9.066666666666668206e+00	6.726505456825006002e-01
9.083333333333333925e+00	6.405921181298348532e-01
9.100000000000001421e+00	6.745314324708522324e-01
9.116666666666667140e+00	6.885278545380589810e-01
9.133333333333332860e+00	6.851291664259159253e-01
9.150000000000000355e+00	7.989675845479965455e-01
9.166666666666666075e+00	6.843548907186378649e-01
9.183333333333333570e+00	6.794734472426667837e-01
9.199999999999999289e+00	7.164727290844956631e-01
9.216666666666666785e+00	6.559002834204721299e-01
9.233333333333334281e+00	6.388026386064610262e-01
9.250000000000000000e+00	6.048315950409466346e-01
9.266666666666667496e+00	6.071589708256621698e-01
9.283333333333333215e+00	6.667005490516184629e-01
9.300000000000000711e+00	6.156475952346667224e-01
9.316666666666666430e+00	5.869557601196839780e-01
9.333333333333333925e+00	5.672197142093317046e-01
9.349999999999999645e+00	5.466682833733197411e-01
9.366666666666665364e+00	4.635685206729694419e-01
9.383333333333334636e+00	4.889886584575122708e-01
9.400000000000000355e+00	4.399126701146918172e-01
9.416666666666667851e+00	4.043927036507705131e-01
9.433333333333333570e+00	3.645876359578719694e-01
9.450000000000001066e+00	3.537104971469147707e-01
9.466666666666666785e+00	3.057652815748605479e-01
9.483333333333332504e+00	3.224830127321280937e-01
9.500000000000000000e+00	3.303500024350750630e-01
9.516666666666665719e+00	2.357079602151686271e-01
9.533333333333333215e+00	1.829297823410978296e-01
9.550000000000000711e+00	1.758128268785357218e-01
9.566666666666668206e+00	1.118940210479992398e-01
9.583333333333333925e+00	2.896481033392230009e-02
9.599999999999999645e+00	4.642124426292243422e-02
9.616666666666667140e+00	-5.137378518993678672e-02
9.633333333333332860e+00	-4.978496557526151944e-02
9.650000000000000355e+00	-7.742125908466897244e-02
9.666666666666666075e+00	-1.131610104317658100e-01
9.683333333333333570e+00	-1.873867750039311386e-01
9.700000000000001066e+00	-1.932811847129993488e-01
9.716666666666666785e+00	-2.887388035957881849e-01
9.733333333333334281e+00	-2.822764298500730074e-01
9.750000000000000000e+00	-3.338547665144668830e-01
9.766666666666667496e+00	-3.144554546632595815e-01
9.783333333333333215e+00	-3.179115265241094224e-01
9.800000000000000711e+00	-3.884392621031333426e-01
9.816666666666666430e+00	-4.037462554124856551e-01
9.833333333333332149e+00	-4.645067781304551002e-01
9.850000000000001421e+00	-4.277691829920269861e-01
9.866666666666667140e+00	-4.924782700494875209e-01
9.883333333333334636e+00	-5.338154249853658273e-01
9.900000000000000355e+00	-4.832932457793624459e-01
9.916666666666667851e+00	-6.196531107866301014e-01
9.933333333333333570e+00	-6.103346629754684560e-01
9.949999999999999289e+00	-6.093834521840925111e-01
9.966666666666666785e+00	-6.199736058360554303e-01
9.983333333333332504e+00	-6.245528707533353208e-01
1.000000000000000000e+01	-6.849719558708234901e-01
1.001666666666666750e+01	-6.456072106387147347e-01
1.003333333333333321e+01	-6.730691481375832286e-01
1.005000000000000071e+01	-6.747575753782970587e-01
1.006666666666666643e+01	-6.687796373751823120e-01
1.008333333333333393e+01	-7.001042777479380419e-01
1.009999999999999964e+01	-7.250313657187180683e-01
1.011666666666666714e+01	-6.768549578931803978e-01
1.013333333333333286e+01	-7.193614700885068158e-01
1.014999999999999858e+01	-6.554924477231346414e-01
1.016666666666666785e+01	-6.731023738376538113e-01
1.018333333333333357e+01	-6.481917829611251181e-01
1.020000000000000107e+01	-6.835744894756357048e-01
1.021666666666666679e+01	-6.910094526576372465e-01
1.023333333333333428e+01	-6.674514663984332241e-01
1.025000000000000000e+01	-6.391004135807096809e-01
1.026666666666666572e+01	-6.946380295850629327e-01
1.028333333333333321e+01	-6.823999893753066592e-01
1.029999999999999893e+01	-5.728877318629295168e-01
1.031666666666666643e+01	-5.603053105411081036e-01
1.033333333333333393e+01	-4.971875145396668638e-01
1.035000000000000142e+01	-5.168725922557451113e-01
1.036666666666666714e+01	-4.961469347755503856e-01
1.038333333333333286e+01	-4.808899423050927435e-01
1.040000000000000036e+01	-4.223372973883168235e-01
1.041666666666666607e+01	-3.540547576029047794e-01
1.043333333333333357e+01	-3.356693427814528286e-01
1.044999999999999929e+01	-2.811315213514459788e-01
1.046666666666666679e+01	-3.218804025523358536e-01
1.048333333333333428e+01	-3.142413290539777249e-01
1.050000000000000000e+01	-2.566764397339794668e-01
1.051666666666666750e+01	-1.947979410326407257e-01
1.053333333333333321e+01	-1.125672078568353413e-01
1.055000000000000071e+01	-1.401272012024480651e-01
1.056666666666666643e+01	-7.294117572840355668e-02
1.058333333333333393e+01	-6.120881266122743525e-02
1.059999999999999964e+01	-4.907489737690512444e-02
1.061666666666666536e+01	2.999435526924340220e-02
1.063333333333333286e+01	1.086659888148007458e-01
1.065000000000000036e+01	1.068357605096922069e-01
1.066666666666666785e+01	1.076864034916709262e-01
1.068333333333333357e+01	1.880348609558770701e-01
1.070000000000000107e+01	1.878316416454297588e-01
1.071666666666666679e+01	2.248695778043801052e-01
1.073333333333333250e+01	2.122661101444651421e-01
1.075000000000000000e+01	3.029416282887196221e-01
1.076666666666666572e+01	3.160383067461206563e-01
1.078333333333333321e+01	3.782488790549889401e-01
1.080000000000000071e+01	3.277548478620263550e-01
1.081666666666666821e+01	3.651780716727803244e-01
1.083333333333333393e+01	4.427632045693937202e-01
1.084999999999999964e+01	4.976529697347820691e-01
1.086666666666666714e+01	4.872591480606074388e-01
1.088333333333333286e+01	5.347661630409715761e-01
1.090000000000000036e+01	5.275684866856654720e-01
1.091666666666666607e+01	5.453615101262472287e-01
1.093333333333333357e+01	5.514461261526953928e-01
1.095000000000000107e+01	5.111559995564349812e-01
1.096666666666666679e+01	5.335610193485275099e-01
1.098333333333333428e+01	5.743509809151815526e-01
1.100000000000000000e+01	5.577180468654614476e-01
1.101666666666666750e+01	5.912425174034251496e-01
1.103333333333333321e+01	5.702197742865262597e-01
1.105000000000000071e+01	5.831832019307180426e-01
1.106666666666666643e+01	5.534351099117430506e-01
1.108333333333333215e+01	5.553706707746232096e-01
1.109999999999999964e+01	5.816068608135585016e-01
1.111666666666666714e+01	5.984446541119844420e-01
1.113333333333333464e+01	5.389575162935230646e-01
1.115000000000000036e+01	5.774501831316189993e-01
1.116666666666666785e+01	5.712544373235287631e-01
1.118333333333333357e+01	5.266228924418249191e-01
1.119999999999999929e+01	5.233002691453942923e-01
1.121666666666666679e+01	4.849732268453932349e-01
1.123333333333333250e+01	4.659500919200186830e-01
1.125000000000000000e+01	5.028921719595045303e-01
1.126666666666666750e+01	4.991509737094836363e-01
1.128333333333333499e+01	4.465892965723984309e-01
1.130000000000000071e+01	4.872089956053461957e-01
1.131666666666666643e+01	4.175858075489281007e-01
1.133333333333333393e+01	3.765413641970352110e-01
1.134999999999999964e+01	3.683180317744939591e-01
1.136666666666666714e+01	3.426710128183416693e-01
1.138333333333333286e+01	3.457399133871596475e-01
1.140000000000000036e+01	2.468462244387078230e-01
1.141666666666666607e+01	3.399487482998301280e-01
1.143333333333333357e+01	2.342694864629402407e-01
1.145000000000000107e+01	2.384748565886290195e-01
1.146666666666666679e+01	1.943887921799302976e-01
1.148333333333333428e+01	1.930905406699364446e-01
1.150000000000000000e+01	1.612367104003419316e-01
1.151666666666666750e+01	1.003561731958120540e-01
1.153333333333333321e+01	7.126275080215940805e-02
1.154999999999999893e+01	1.130190925825633741e-01
1.156666666666666643e+01	-3.036738455570470868e-02
1.158333333333333393e+01	-2.204368965769671479e-02
1.160000000000000142e+01	1.308028632274753009e-02
1.161666666666666714e+01	5.360694605173838695e-02
1.163333333333333464e+01	-1.384565079843977538e-02
1.165000000000000036e+01	-9.075905790057400835e-02
1.166666666666666607e+01	-2.727102368332772961e-02
1.168333333333333357e+01	-5.892102618376325596e-03
1.169999999999999929e+01	-4.260248037288902334e-03
1.171666666666666679e+01	-9.538726750881261485e-02
1.173333333333333250e+01	-1.265323997551082158e-01
1.175000000000000178e+01	-1.289575503797399381e-01
1.176666666666666750e+01	-9.891979830226485526e-02
1.178333333333333321e+01	-1.012132444551613886e-01
1.180000000000000071e+01	-1.543609138926879398e-01
1.181666666666666643e+01	-1.311340993566651181e-01
1.183333333333333393e+01	-1.368343673854073017e-01
1.184999999999999964e+01	-1.192470368098873801e-01
1.186666666666666714e+01	-1.862264778824562761e-01
1.188333333333333286e+01	-1.545119344297191666e-01
1.190000000000000036e+01	-1.908093010660981137e-01
1.191666666666666785e+01	-1.364835896175294883e-01
1.193333333333333357e+01	-1.259220892926184443e-01
1.195000000000000107e+01	-1.189403944715982375e-01
1.196666666666666679e+01	-1.648990593646959546e-01
1.198333333333333428e+01	-1.146242108395891801e-01
1.200000000000000000e+01	-2.091774644415901052e-01
1.201666666666666572e+01	-1.643327177628760849e-01
1.203333333333333321e+01	-1.511852267002484762e-01
1.205000000000000071e+01	-1.266657254838005620e-01
1.206666666666666821e+01	-1.154039781377971668e-01
1.208333333333333393e+01	-1.437889904647181860e-01
1.210000000000000142e+01	-7.648751323350491682e-02
1.211666666666666714e+01	-8.765943617657721842e-02
1.213333333333333286e+01	-9.455455721685752934e-02
1.215000000000000036e+01	-8.513428072951970127e-02
1.216666666666666607e+01	-1.604473979890982116e-01
1.218333333333333357e+01	-6.038686666789816471e-02
1.219999999999999929e+01	-8.238807887304547273e-02
1.221666666666666856e+01	-5.715743566585124863e-02
1.223333333333333428e+01	-1.040956901182178151e-01
1.225000000000000000e+01	-8.048688459200213641e-02
1.226666666666666750e+01	-8.493698447485151237e-02
1.228333333333333321e+01	-6.082249058087801918e-02
1.230000000000000071e+01	-4.155110461530997501e-02
1.231666666666666643e+01	-5.238315831832031366e-02
1.233333333333333393e+01	-7.698467392147476107e-02
1.234999999999999964e+01	1.173019447866712958e-02
1.236666666666666714e+01	-4.690894631619502153e-02
1.238333333333333464e+01	1.467867090495518327e-02
1.240000000000000036e+01	-2.520017280534963752e-02
1.241666666666666785e+01	1.094714453922329515e-02
1.243333333333333357e+01	-2.704552483225351484e-03
1.245000000000000107e+01	-2.670398378331373390e-02
1.246666666666666679e+01	1.084242081241396094e-02
1.248333333333333250e+01	3.281714949110645096e-02
1.250000000000000000e+01	7.810685371240658204e-02
1.251666666666666572e+01	1.111298634986394515e-02
1.253333333333333499e+01	-4.014413509058688267e-02
1.255000000000000071e+01	-3.279169709367178720e-02
1.256666666666666821e+01	4.395821121593662673e-02
1.258333333333333393e+01	-2.065568007896544794e-02
1.259999999999999964e+01	5.846963463276106526e-02
1.261666666666666714e+01	-3.637951503220715477e-02
1.263333333333333286e+01	3.288380580846497758e-02
1.265000000000000036e+01	-1.526274771067730705e-02
1.266666666666666607e+01	-3.937201629106019951e-02
1.268333333333333357e+01	5.768298121861291372e-02
1.270000000000000107e+01	-3.701969167421889986e-03
1.271666666666666679e+01	1.353265594257333816e-02
1.273333333333333428e+01	-3.624275293690040062e-02
1.275000000000000000e+01	2.003610216431015931e-02
1.276666666666666750e+01	-7.742635506997056632e-03
1.278333333333333321e+01	-1.580113241702892427e-02
1.279999999999999893e+01	5.733838413421254304e-02
1.281666666666666643e+01	-3.801850815652865062e-02
1.283333333333333215e+01	-3.140044887471336865e-02
1.285000000000000142e+01	-2.587228319961448059e-02
1.286666666666666714e+01	-1.162098470317686830e-02
1.288333333333333464e+01	-1.115116862487787741e-01
1.290000000000000036e+01	4.414389370070127827e-02
1.291666666666666607e+01	2.997280961964402402e-03
1.293333333333333357e+01	-2.026247638760687864e-02
1.294999999999999929e+01	3.377403996881740700e-02
1.296666666666666679e+01	-1.888019668312247018e-02
1.298333333333333250e+01	-1.163295755480242728e-02
1.300000000000000178e+01	-4.647830251501510607e-02
1.301666666666666750e+01	-5.134884556079174177e-03
1.303333333333333321e+01	-1.964597533819348318e-02
1.305000000000000071e+01	2.078285171501606868e-02
1.306666666666666643e+01	-1.532022719044790794e-02
1.308333333333333393e+01	-5.500292414540919328e-03
1.309999999999999964e+01	-4.475322245824846917e-03
1.311666666666666714e+01	3.713537771056108633e-02
1.313333333333333286e+01	3.411581086321982537e-02
1.314999999999999858e+01	8.001310794477944910e-02
1.316666666666666785e+01	-2.108316367084555470e-02
1.318333333333333357e+01	4.328388834657208306e-02
1.320000000000000107e+01	-1.675728992232572087e-02
1.321666666666666679e+01	2.654005585746593149e-02
1.323333333333333428e+01	-3.153513673579526333e-02
1.325000000000000000e+01	2.553545615388851803e-03
1.326666666666666572e+01	-1.135569380557455155e-02
1.328333333333333321e+01	-8.142940151723769560e-02
1.329999999999999893e+01	-8.017344038316612936e-03
1.331666666666666821e+01	1.238801218050773582e-02
1.333333333333333393e+01	-2.632632086258457696e-02
1.335000000000000142e+01	-6.652309176543239055e-02
1.336666666666666714e+01	1.314972842830585721e-02
1.338333333333333286e+01	1.317882866926835088e-02
1.340000000000000036e+01	3.053647302545791850e-02
1.341666666666666607e+01	-3.869554469284904041e-02
1.343333333333333357e+01	-1.225216609892785559e-02
1.344999999999999929e+01	-1.363609015323285351e-02
1.346666666666666679e+01	-7.728518544411810964e-02
1.348333333333333428e+01	-7.312506441885133213e-02
1.350000000000000000e+01	-3.791893960247651098e-03
1.351666666666666750e+01	-2.455431222566517233e-02
1.353333333333333321e+01	3.440614308727651255e-02
1.355000000000000071e+01	-5.651668102223340179e-02
1.356666666666666643e+01	-4.105944677871801486e-03
1.358333333333333393e+01	-1.554262264142965665e-02
1.359999999999999964e+01	-4.478198079383863967e-02
1.361666666666666536e+01	9.375542629799463179e-03
1.363333333333333464e+01	-5.090682084739994555e-04
1.365000000000000036e+01	2.030813017409188043e-02
1.366666666666666785e+01	-3.185239955529466094e-02
1.368333333333333357e+01	5.293717213498928820e-02
1.370000000000000107e+01	-3.008773009170835622e-02
1.371666666666666679e+01	-6.267436618669335047e-02
1.373333333333333250e+01	3.527848614176614522e-02
1.375000000000000000e+01	4.984166017476909794e-02
1.376666666666666572e+01	-4.866566143426825919e-02
1.378333333333333321e+01	-4.154778092630758562e-02
1.380000000000000071e+01	-3.624522866927920584e-02
1.381666666666666821e+01	-4.647403568365644951e-03
1.383333333333333393e+01	-1.462578619986062631e-02
1.384999999999999964e+01	3.701364742557314291e-02
1.386666666666666714e+01	-3.766959575277794865e-03
1.388333333333333286e+01	9.374142998916726050e-05
1.390000000000000036e+01	-1.277076108931841057e-02
1.391666666666666607e+01	2.407874297931747454e-02
1.393333333333333357e+01	3.173548759596946534e-03
1.395000000000000107e+01	5.812489799958997505e-02
1.396666666666666679e+01	3.161198105074528725e-02
1.398333333333333428e+01	4.441625134721428197e-02
1.400000000000000000e+01	3.041058779789437144e-02
1.401666666666666750e+01	-5.102630382133731268e-02
1.403333333333333321e+01	-1.411770627436461506e-02
1.405000000000000071e+01	4.566091281881248798e-02
1.406666666666666643e+01	-2.227852842627399410e-02
1.408333333333333215e+01	2.277833287638069207e-02
1.409999999999999964e+01	8.453565586742851912e-03
1.411666666666666714e+01	-9.716782806864221467e-04
1.413333333333333464e+01	7.668132879539878675e-03
1.415000000000000036e+01	-1.985444884927050138e-02
1.416666666666666785e+01	-3.533504020765535630e-02
1.418333333333333357e+01	-1.627564374262756644e-02
1.419999999999999929e+01	-1.139258568873597298e-02
1.421666666666666679e+01	-4.065580689389931834e-02
1.423333333333333250e+01	3.015917495237251805e-02
1.425000000000000000e+01	-1.265791793747068211e-02
1.426666666666666750e+01	2.546496779956601217e-02
1.428333333333333499e+01	1.438044120070572016e-02
1.430000000000000071e+01	-2.551846856704270347e-02
1.431666666666666643e+01	3.497211704970215607e-02
1.433333333333333393e+01	1.618183052381212683e-02
1.434999999999999964e+01	-1.034843602318387054e-02
1.436666666666666714e+01	-2.929625865520349079e-02
1.438333333333333286e+01	5.006396191877287259e-03
1.440000000000000036e+01	7.213101658728680518e-03
1.441666666666666785e+01	6.463328085270509359e-03
1.443333333333333357e+01	3.743902246692869945e-02
1.445000000000000107e+01	-4.864167909718044441e-02
1.446666666666666679e+01	5.148953039087178322e-03
1.448333333333333428e+01	-6.293798958311784542e-02
1.450000000000000000e+01	5.837541998317877234e-02
1.451666666666666750e+01	-1.847231799073191863e-02
1.453333333333333321e+01	-2.300415779490717905e-02
1.454999999999999893e+01	4.344976012205690324e-02
1.456666666666666643e+01	-1.356650595886654126e-02
1.458333333333333393e+01	-3.945557155214864109e-02
1.460000000000000142e+01	-6.387573570153408375e-02
1.461666666666666714e+01	-1.309277531963859778e-02
1.463333333333333464e+01	2.208710001398067960e-02
1.465000000000000036e+01	3.507610362483310493e-04
1.466666666666666607e+01	-2.252527879138906466e-02
1.468333333333333357e+01	1.309802142516300685e-02
1.469999999999999929e+01	-1.255870191044619610e-02
1.471666666666666679e+01	1.233272706382951452e-02
1.473333333333333428e+01	2.634519588295648404e-02
1.475000000000000178e+01	-3.001940855753252799e-02
1.476666666666666750e+01	-7.432758057251868423e-03
1.478333333333333321e+01	-4.397365026813992994e-02
1.480000000000000071e+01	-3.128155374168572339e-02
1.481666666666666643e+01	-2.719220752993295812e-02
1.483333333333333393e+01	-2.460415130686715093e-02
1.484999999999999964e+01	4.755664942550368209e-03
1.486666666666666714e+01	-3.042768256461884663e-03
1.488333333333333286e+01	1.453529376496221978e-02
1.490000000000000036e+01	1.568622822488621726e-02
1.491666666666666785e+01	5.493187467726770579e-03
1.493333333333333357e+01	-1.230267478678107387e-02
1.495000000000000107e+01	-3.996889939313145318e-02
1.496666666666666679e+01	1.239024586268845998e-02
1.498333333333333428e+01	1.853282909282622220e-03
1.500000000000000000e+01	-2.382783582131649605e-02
1.501666666666666572e+01	-3.425671347720083554e-02
1.503333333333333321e+01	-2.446432737466052582e-02
1.505000000000000071e+01	3.861953717005322390e-02
1.506666666666666821e+01	-2.129169376851851314e-02
1.508333333333333393e+01	-4.284926408982431267e-02
1.510000000000000142e+01	2.743523503708807446e-02
1.511666666666666714e+01	2.728963252684878105e-02
1.513333333333333286e+01	2.090561261281582983e-02
1.515000000000000036e+01	-9.474785396410355387e-03
1.516666666666666607e+01	1.258443962036939236e-02
1.518333333333333357e+01	-4.856703554439253945e-02
1.519999999999999929e+01	-1.985419995728140638e-02
1.521666666666666856e+01	1.002573466552744187e-02
1.523333333333333428e+01	2.226269772762006285e-02
1.525000000000000000e+01	3.595378981950642788e-02
1.526666666666666750e+01	-3.014990400032435680e-02
1.528333333333333321e+01	2.110607612106095085e-02
1.529999999999999893e+01	2.224081582788587849e-02
1.531666666666666821e+01	-2.888296989814367888e-02
1.533333333333333393e+01	7.425897131958832109e-02
1.534999999999999964e+01	-5.096797163756324606e-02
1.536666666666666714e+01	1.337021493753222899e-02
1.538333333333333286e+01	4.477413144114259121e-03
1.540000000000000213e+01	4.567280396327032949e-02
1.541666666666666785e+01	-1.730360180599931075e-02
1.543333333333333357e+01	-8.089361357587853199e-03
1.544999999999999929e+01	7.531455877912243690e-02
1.546666666666666501e+01	3.886610916028809121e-02
1.548333333333333428e+01	4.155948834947443410e-02
1.550000000000000000e+01	4.064519133633848896e-02
1.551666666666666750e+01	-1.251429937939259503e-02
1.553333333333333321e+01	7.114886404178101531e-02
1.555000000000000249e+01	-1.841549215230816119e-02
1.556666666666666821e+01	5.018556866619842960e-02
1.558333333333333393e+01	3.453031801816558444e-02
1.559999999999999964e+01	-9.932348869689510210e-03
1.561666666666666536e+01	2.520724448351998118e-02
1.563333333333333464e+01	5.062204264783090601e-02
1.565000000000000036e+01	-1.130983656649501429e-02
1.566666666666666607e+01	1.478960944010495118e-02
1.568333333333333357e+01	3.854185424860744058e-02
1.569999999999999929e+01	-9.080554700558305823e-04
1.571666666666666856e+01	2.824000379391158541e-02
1.573333333333333428e+01	-2.936206063262178367e-02
1.575000000000000000e+01	-4.227324973169226119e-02
1.576666666666666572e+01	3.597164951436787605e-02
1.578333333333333499e+01	-2.334424315230931510e-02
1.580000000000000071e+01	4.768038039597902872e-02
1.581666666666666643e+01	4.565338363868980120e-02
1.583333333333333393e+01	-3.079792141843223918e-02
1.584999999999999964e+01	7.465713144393203680e-03
1.586666666666666892e+01	2.210731074642323379e-02
1.588333333333333464e+01	3.423448438702976493e-02
1.590000000000000036e+01	9.412369131360398544e-03
1.591666666666666607e+01	7.774868504181377683e-05
1.593333333333333179e+01	-1.899404159204971451e-02
1.595000000000000107e+01	-1.041766805954185728e-02
1.596666666666666679e+01	-2.112683707717947709e-02
1.598333333333333250e+01	-1.104019137275659770e-02
1.600000000000000000e+01	1.409255318896666422e-02
1.601666666666666927e+01	4.904720265696356496e-02
1.603333333333333499e+01	3.661992261640840962e-02
1.605000000000000071e+01	-5.874561899452843084e-04
1.606666666666666643e+01	-4.335489758703097579e-02
1.608333333333333215e+01	-2.447324506373356121e-02
1.610000000000000142e+01	3.955477240588351623e-02
1.611666666666666714e+01	3.747965500164222169e-02
1.613333333333333286e+01	-4.220979367918525210e-02
1.614999999999999858e+01	-1.899157310599841608e-02
1.616666666666666430e+01	1.886754251430627916e-02
1.618333333333333357e+01	2.437327895026904570e-02
1.619999999999999929e+01	3.290131801399359679e-02
1.621666666666666501e+01	-6.360528429380534442e-03
1.623333333333333428e+01	-4.272638837939815581e-02
1.625000000000000355e+01	-4.887056971263305238e-02
1.626666666666666927e+01	-1.151340384644406085e-02
1.628333333333333499e+01	3.644298679664873235e-03
1.630000000000000071e+01	-9.037480061689818697e-03
1.631666666666666643e+01	-5.264599259520749697e-02
1.633333333333333570e+01	-4.192637531060978279e-02
1.635000000000000142e+01	2.427842854165140202e-02
1.636666666666666714e+01	-2.202067229326425471e-02
1.638333333333333286e+01	-1.021668641840059281e-05
1.639999999999999858e+01	-5.319429174874552163e-02
1.641666666666666785e+01	4.946622663020988631e-02
1.643333333333333357e+01	1.732689604889478541e-02
1.644999999999999929e+01	1.366384053147420147e-02
1.646666666666666501e+01	8.727190412120451601e-02
1.648333333333333428e+01	-4.680426437697653846e-02
1.650000000000000000e+01	1.191271902042533547e-02
1.651666666666666572e+01	-2.039690991748788554e-02
1.653333333333333144e+01	4.894175836901836635e-02
1.655000000000000071e+01	-4.011717413349242395e-02
1.656666666666666998e+01	-7.522797214551606854e-03
1.658333333333333570e+01	-1.612095795879051746e-02
1.660000000000000142e+01	2.893417972877176253e-02
1.661666666666666714e+01	6.231329408961463513e-03
1.663333333333333286e+01	-1.556391820845745913e-02
1.665000000000000213e+01	-6.893783450130588908e-02
1.666666666666666785e+01	1.756157182615928486e-02
1.668333333333333357e+01	-3.953556102268798028e-02
1.669999999999999929e+01	3.040647377184560116e-03
1.671666666666666856e+01	-5.695507472421203546e-03
1.673333333333333428e+01	-9.203654522527753012e-02
1.675000000000000000e+01	3.060330876676914391e-02
1.676666666666666572e+01	-5.007330233386829768e-03
1.678333333333333144e+01	1.483955049757082305e-02
1.680000000000000071e+01	6.957776104681856477e-02
1.681666666666666643e+01	3.072257424628243791e-02
1.683333333333333215e+01	-1.750979709430213957e-02
1.684999999999999787e+01	5.523390358288611870e-03
1.686666666666666714e+01	-1.099293693556103318e-02
1.688333333333333641e+01	-3.172563214428162498e-02
1.690000000000000213e+01	-8.970121281804546015e-03
1.691666666666666785e+01	-5.629275033744125800e-02
1.693333333333333357e+01	1.559457749648602513e-03
1.695000000000000284e+01	2.892806873484959559e-02
1.696666666666666856e+01	5.082067442670390803e-03
1.698333333333333428e+01	-1.217512091665874652e-02
1.700000000000000000e+01	2.131560749566671978e-02
1.701666666666666572e+01	-5.987361328950620981e-02
1.703333333333333499e+01	3.877761190808542285e-02
1.705000000000000071e+01	3.794625069010640339e-02
1.706666666666666643e+01	-2.293578378932191811e-02
1.708333333333333215e+01	1.585286336469358612e-02
1.709999999999999787e+01	4.258637797192901808e-02
1.711666666666666714e+01	-4.807981517358781050e-03
1.713333333333333286e+01	1.282559908480825029e-03
1.714999999999999858e+01	-4.116663778496641724e-02
1.716666666666666430e+01	3.491809291854269803e-02
1.718333333333333357e+01	4.423782366687327439e-02
1.720000000000000284e+01	2.277571815302768463e-02
1.721666666666666856e+01	3.594352541656281597e-02
1.723333333333333428e+01	3.501415841501220871e-02
1.725000000000000000e+01	2.017069745617435655e-02
1.726666666666666927e+01	-2.948973884092619818e-02
1.728333333333333499e+01	-2.452068269639524553e-02
1.730000000000000071e+01	-5.862406437952575461e-02
1.731666666666666643e+01	1.698618309305821019e-03
1.733333333333333215e+01	1.044638889772454143e-02
1.735000000000000142e+01	-3.050308075252577966e-02
1.736666666666666714e+01	2.068440622479281524e-02
1.738333333333333286e+01	-2.651982778483495326e-02
1.739999999999999858e+01	6.688137621529854741e-03
1.741666666666666430e+01	-1.075824793965930552e-02
1.743333333333333357e+01	1.860687101295317378e-02
1.744999999999999929e+01	-8.979584081768543849e-03
1.746666666666666501e+01	-1.082304820887713352e-03
1.748333333333333428e+01	-8.298084745280975838e-02
1.750000000000000355e+01	2.080896652217386830e-02
1.751666666666666927e+01	-5.460469000887484964e-02
1.753333333333333499e+01	5.137944462914584287e-02
1.755000000000000071e+01	9.703730568089591682e-03
1.756666666666666643e+01	4.657777375055992958e-02
1.758333333333333570e+01	-1.209114275562755102e-02
1.760000000000000142e+01	3.452255384829594487e-02
1.761666666666666714e+01	1.169521742975147480e-02
1.763333333333333286e+01	3.398022981021599220e-02
1.764999999999999858e+01	4.396884225556927511e-02
1.766666666666666785e+01	-1.450298291794210014e-02
1.768333333333333357e+01	3.942084430341645518e-02
1.769999999999999929e+01	9.325069660855596354e-02
1.771666666666666501e+01	2.741594882822342982e-03
1.773333333333333428e+01	5.008307068178932155e-03
1.775000000000000000e+01	4.612100789838369241e-02
1.776666666666666572e+01	4.546743884918987705e-03
1.778333333333333144e+01	1.921259043175334302e-02
1.780000000000000071e+01	-2.717353519152259853e-03
1.781666666666666998e+01	2.900067288545199115e-02
1.783333333333333570e+01	3.326861266706220011e-02
1.785000000000000142e+01	6.460394011092032707e-02
1.786666666666666714e+01	-1.489601298043619418e-02
1.788333333333333286e+01	-3.785655718564407551e-02
1.790000000000000213e+01	7.249132291864657240e-02
1.791666666666666785e+01	-7.908449081392565985e-03
1.793333333333333357e+01	-1.166882564113319760e-02
1.794999999999999929e+01	-1.867102844864148778e-02
1.796666666666666856e+01	-3.452745712018479886e-03
1.798333333333333428e+01	6.338812834945152172e-03
1.800000000000000000e+01	-1.929592213993039373e-02
1.801666666666666572e+01	7.970017055873401812e-02
1.803333333333333144e+01	6.396667037195319719e-03
1.805000000000000071e+01	5.895385367093214715e-03
1.806666666666666643e+01	2.270028500637635491e-02
1.808333333333333215e+01	2.659772791189937008e-02
1.809999999999999787e+01	-5.506744760812943076e-03
1.811666666666666714e+01	2.697412201228432255e-02
1.813333333333333641e+01	-7.071922497917536646e-03
1.815000000000000213e+01	-2.705547308945667473e-02
1.816666666666666785e+01	-3.166898882761830930e-02
1.818333333333333357e+01	-1.127493778433396633e-02
1.820000000000000284e+01	-4.550304588662128225e-02
1.821666666666666856e+01	-5.517630658038680941e-02
1.823333333333333428e+01	-1.191922014563088789e-03
1.825000000000000000e+01	8.413933409631396687e-02
1.826666666666666572e+01	-3.707933675866165180e-02
1.828333333333333499e+01	-1.585302755260711155e-02
1.830000000000000071e+01	-3.058695951342718655e-02
1.831666666666666643e+01	-2.784364936830779555e-02
1.833333333333333215e+01	-7.663753036396192195e-03
1.834999999999999787e+01	9.412042819000038599e-03
1.836666666666666714e+01	3.141564673205014813e-02
1.838333333333333286e+01	-5.268400889163293854e-02
1.839999999999999858e+01	-9.368156467605090812e-03
1.841666666666666430e+01	8.377544993355750744e-04
1.843333333333333357e+01	-2.213276703472347867e-02
1.845000000000000284e+01	-2.010892098098439676e-02
1.846666666666666856e+01	-3.505067027123517920e-02
1.848333333333333428e+01	8.201334025570499939e-03
1.850000000000000000e+01	-4.710583409648445158e-02
1.851666666666666927e+01	1.156138333703511135e-04
1.853333333333333499e+01	1.160055636523925349e-02
1.855000000000000071e+01	1.730106711259451807e-04
1.856666666666666643e+01	-4.300178881807526290e-03
1.858333333333333215e+01	-2.683480932856238330e-02
1.860000000000000142e+01	-1.165397271465236882e-02
1.861666666666666714e+01	6.285772800228670021e-02
1.863333333333333286e+01	5.647504740500053355e-02
1.864999999999999858e+01	-4.379200218657021068e-03
1.866666666666666785e+01	-1.150158047354991366e-02
1.868333333333333357e+01	-5.066305650080256406e-02
1.869999999999999929e+01	-3.605333832659112295e-03
1.871666666666666501e+01	-3.279284152738395214e-02
1.873333333333333073e+01	-4.497503845024282236e-03
1.875000000000000000e+01	-2.156250175698026187e-03
1.876666666666666927e+01	2.279347024927033671e-02
1.878333333333333499e+01	6.926962947426134991e-03
1.880000000000000071e+01	5.634942267971444069e-02
1.881666666666666643e+01	-1.738584344581249608e-02
1.883333333333333570e+01	-2.031653319415069672e-02
1.885000000000000142e+01	-5.180152037006803545e-02
1.886666666666666714e+01	3.297927494630065182e-02
1.888333333333333286e+01	-2.564610577691359139e-02
1.890000000000000213e+01	4.274649057136138686e-02
1.891666666666666785e+01	-1.694413185053077892e-02
1.893333333333333357e+01	2.293773001913983201e-02
1.894999999999999929e+01	7.253158200138926266e-03
1.896666666666666501e+01	-1.916129945970888870e-02
1.898333333333333428e+01	4.327156046845598986e-02
1.900000000000000000e+01	-3.564455991875999097e-02
1.901666666666666572e+01	-1.560560393882428828e-02
1.903333333333333144e+01	-2.890730678318981922e-02
1.904999999999999716e+01	-2.707396885172844159e-02
1.906666666666666643e+01	1.549729640297006945e-02
1.908333333333333570e+01	-2.975340216468778942e-02
1.910000000000000142e+01	4.768443137292632111e-02
1.911666666666666714e+01	-8.912448710454649869e-02
1.913333333333333641e+01	2.053049465835775356e-02
1.915000000000000213e+01	-2.644358119776816021e-02
1.916666666666666785e+01	4.586335363445905727e-02
1.918333333333333357e+01	-2.350735904347885791e-02
1.919999999999999929e+01	1.458752627871031868e-02
1.921666666666666856e+01	5.901105266372430429e-03
1.923333333333333428e+01	6.228872277986404610e-02
1.925000000000000000e+01	-6.766853437153179298e-04
1.926666666666666572e+01	-1.641304024526725469e-02
1.928333333333333144e+01	1.902178743705787087e-02
1.930000000000000071e+01	2.820825062244198059e-02
1.931666666666666643e+01	-1.246368295542028999e-02
1.933333333333333215e+01	2.515572610011437837e-02
1.934999999999999787e+01	-7.133925604129441600e-02
1.936666666666666714e+01	-4.179372571586399687e-02
1.938333333333333641e+01	7.009031184619642259e-03
1.940000000000000213e+01	-8.357948682560430512e-03
1.941666666666666785e+01	-6.975257390996283426e-03
1.943333333333333357e+01	-1.682669213617012452e-02
1.945000000000000284e+01	-3.714275225256982033e-02
1.946666666666666856e+01	-4.665036212646279240e-02
1.948333333333333428e+01	1.270355138618561343e-02
1.950000000000000000e+01	4.469230592377147065e-02
1.951666666666666572e+01	-8.917867282636316589e-03
1.953333333333333499e+01	2.499639027162012250e-02
1.955000000000000071e+01	-6.512786075256736529e-02
1.956666666666666643e+01	3.874244589410244348e-03
1.958333333333333215e+01	-3.026362674045467507e-02
1.960000000000000142e+01	-7.642733591432229745e-02
1.961666666666666714e+01	-8.271932265463750877e-03
1.963333333333333286e+01	-6.406670038686730628e-02
1.964999999999999858e+01	-8.539935286118585656e-03
1.966666666666666430e+01	-1.736188050203614844e-02
1.968333333333333357e+01	2.482515548563803479e-02
1.970000000000000284e+01	-3.722737233032896633e-03
1.971666666666666856e+01	-9.023038241877371149e-03
1.973333333333333428e+01	-1.156415969286660010e-02
1.975000000000000000e+01	1.158864977695961591e-02
1.976666666666666927e+01	-2.417216119522033746e-02
1.978333333333333499e+01	3.357991044851459106e-02
1.980000000000000071e+01	1.718076577393614149e-02
1.981666666666666643e+01	3.695511469792567283e-02
1.983333333333333570e+01	2.375070858865504717e-02
1.985000000000000142e+01	2.607604185316892906e-02
1.986666666666666714e+01	-2.001713239528369812e-02
1.988333333333333286e+01	2.296027186417060051e-02
1.989999999999999858e+01	-1.060541893997699221e-02
1.991666666666666785e+01	-2.955253029596137740e-02
1.993333333333333357e+01	2.685169478640066568e-02
1.994999999999999929e+01	5.260999186052953136e-02
1.996666666666666501e+01	-2.410782706657852228e-02
1.998333333333333073e+01	3.162035904647005069e-02
2.000000000000000000e+01	-4.778087257440324920e-02
2.001666666666666927e+01	9.041071798053284397e-03
2.003333333333333499e+01	1.362070117011003091e-02
2.005000000000000071e+01	2.608805078478866266e-02
2.006666666666666643e+01	-8.794222445516915870e-03
2.008333333333333570e+01	8.873631354852015707e-03
2.010000000000000142e+01	-4.417100175322725281e-02
2.011666666666666714e+01	-8.551958836642349279e-03
2.013333333333333286e+01	1.510720432880789839e-02
2.015000000000000213e+01	2.192589599712930701e-02
2.016666666666666785e+01	1.948341599990731018e-02
2.018333333333333357e+01	4.913720479329645313e-03
2.019999999999999929e+01	1.673242306206421809e-02
2.021666666666666501e+01	6.353570408094155048e-03
2.023333333333333428e+01	-2.325086872019803408e-02
2.025000000000000000e+01	-2.205687255614538836e-02
2.026666666666666572e+01	4.109884460486522284e-02
2.028333333333333144e+01	-4.082916037941223403e-02
2.029999999999999716e+01	3.792053760038747307e-02
2.031666666666666643e+01	-3.444462585009477190e-02
2.033333333333333570e+01	-2.155019502977819756e-03
2.035000000000000142e+01	3.264044711633828227e-02
2.036666666666666714e+01	4.166982153077770923e-02
2.038333333333333641e+01	4.712533018639278141e-03
2.040000000000000213e+01	-1.657048998148595229e-02
2.041666666666666785e+01	2.590278379567343553e-02
2.043333333333333357e+01	-6.358237620241057042e-02
2.044999999999999929e+01	-3.355575358439966127e-02
2.046666666666666856e+01	-9.722801433078714917e-03
2.048333333333333428e+01	-6.426603886724945036e-02
2.050000000000000000e+01	2.294534512780762800e-02
2.051666666666666572e+01	5.535771674404187104e-02
2.053333333333333144e+01	3.308999328744027801e-02
2.055000000000000071e+01	2.313036917976783735e-02
2.056666666666666643e+01	5.966775010973107696e-02
2.058333333333333215e+01	-2.930151189832221753e-02
2.059999999999999787e+01	5.545128478791216953e-02
2.061666666666666714e+01	-9.638766333463093293e-04
2.063333333333333286e+01	-2.155352829106094506e-02
2.065000000000000213e+01	1.404130101115513667e-02
2.066666666666666785e+01	-6.426732484622142694e-02
2.068333333333333357e+01	-8.416761860996662889e-03
2.070000000000000284e+01	-7.270704937876329432e-02
2.071666666666666856e+01	3.400916349208043393e-02
2.073333333333333428e+01	-1.840215620070657573e-02
2.075000000000000000e+01	-5.572017619164541108e-03
2.076666666666666572e+01	3.825146768449314699e-02
2.078333333333333499e+01	3.373375841286012367e-02
2.080000000000000071e+01	1.983194686089353662e-02
2.081666666666666643e+01	-4.521086747801021655e-02
2.083333333333333215e+01	9.351176581851788211e-03
2.085000000000000142e+01	-3.489677522673840376e-02
2.086666666666666714e+01	1.953104719217728380e-02
2.088333333333333286e+01	-9.928204203178345177e-03
2.089999999999999858e+01	-2.562590490989444594e-02
2.091666666666666430e+01	-3.348071591134519492e-02
2.093333333333333357e+01	2.447379461291517358e-02
2.094999999999999929e+01	-3.015171611825977205e-02
2.096666666666666856e+01	1.711196787926623150e-03
2.098333333333333428e+01	3.590242482997808154e-02
2.100000000000000000e+01	8.853368434523098407e-03
2.101666666666666927e+01	-7.424912907951062950e-03
2.103333333333333499e+01	-2.058874133050691072e-02
2.105000000000000071e+01	2.325074615960035646e-02
2.106666666666666643e+01	-1.817967016862817543e-03
2.108333333333333570e+01	2.135885858313612152e-03
2.110000000000000142e+01	6.263588879760781380e-02
2.111666666666666714e+01	1.656951480560745968e-02
2.113333333333333286e+01	7.963333888942280420e-03
2.114999999999999858e+01	-2.251843570544346390e-02
2.116666666666666785e+01	2.228523584750717601e-02
2.118333333333333357e+01	4.522402426960891845e-05
2.119999999999999929e+01	1.399813521479906404e-02
2.121666666666666501e+01	2.169069618842254729e-02
2.123333333333333073e+01	-3.448384683665907825e-03
2.125000000000000000e+01	2.345319006358081299e-02
2.126666666666666572e+01	-9.168944172271425996e-02
2.128333333333333499e+01	-3.966357600299621339e-02
2.130000000000000071e+01	-4.968764133159975227e-02
2.131666666666666998e+01	3.871137445722719122e-04
2.133333333333333570e+01	2.200197068455048491e-02
2.135000000000000142e+01	3.910467343393823209e-02
2.136666666666666714e+01	6.092473845771198548e-02
2.138333333333333286e+01	1.341788669999044751e-03
2.140000000000000213e+01	2.394048518203845122e-02
2.141666666666666785e+01	4.318462855384152393e-02
2.143333333333333357e+01	-8.735488116154158794e-03
2.144999999999999929e+01	-1.097692635785905806e-02
2.146666666666666501e+01	1.282134396756014726e-02
2.148333333333333428e+01	-4.521333141695010188e-02
2.150000000000000000e+01	6.881997100288030078e-02
2.151666666666666572e+01	2.690376358460470907e-02
2.153333333333333144e+01	-3.722762449289714060e-02
2.155000000000000071e+01	2.654150398674237263e-04
2.156666666666666643e+01	1.653738451154513830e-02
2.158333333333333570e+01	1.878818764265286281e-02
2.160000000000000142e+01	1.397443065829525634e-02
2.161666666666666714e+01	3.927082939319677390e-02
2.163333333333333641e+01	3.031126328035198270e-02
2.165000000000000213e+01	3.742577820003702843e-02
2.166666666666666785e+01	1.231538539775885177e-02
2.168333333333333357e+01	-1.165775631223769752e-02
2.169999999999999929e+01	-6.985964059870572451e-02
2.171666666666666856e+01	4.745654414335918089e-04
2.173333333333333428e+01	-1.087751514491717758e-03
2.175000000000000000e+01	-4.503059827535082354e-03
2.176666666666666572e+01	-4.157131127574477392e-02
2.178333333333333499e+01	1.953954420166521128e-02
2.180000000000000071e+01	-1.007791655419540827e-01
2.181666666666666643e+01	-1.051537619339013539e-02
2.183333333333333215e+01	-2.805923659930941588e-02
2.184999999999999787e+01	-2.259186102586481157e-02
2.186666666666666714e+01	-1.345701676722605572e-02
2.188333333333333286e+01	9.734472725345664698e-03
2.190000000000000213e+01	-6.118514372342969201e-03
2.191666666666666785e+01	1.043111822160014933e-02
2.193333333333333357e+01	-4.050400101115327750e-02
2.195000000000000284e+01	3.001711915021876634e-02
2.196666666666666856e+01	1.743286967069157881e-02
2.198333333333333428e+01	5.059722536036788398e-02
2.200000000000000000e+01	-2.878347239290813403e-02
2.201666666666666927e+01	2.781129565205709558e-02
2.203333333333333499e+01	2.313427528672815873e-03
2.205000000000000071e+01	1.161252035875657423e-02
2.206666666666666643e+01	6.442052416083464753e-03
2.208333333333333215e+01	2.659283271230275525e-02
2.210000000000000142e+01	8.575684859503410196e-02
2.211666666666666714e+01	4.221282889839578223e-02
2.213333333333333286e+01	6.312444474262214611e-02
2.214999999999999858e+01	-1.062899040467746520e-03
2.216666666666666430e+01	1.737145689024722009e-02
2.218333333333333357e+01	-1.745307065763955501e-02
2.219999999999999929e+01	-4.024782740023431088e-02
2.221666666666666856e+01	3.113547528594341751e-02
2.223333333333333428e+01	-1.039329430922924895e-02
2.225000000000000355e+01	6.691667839872617735e-03
2.226666666666666927e+01	2.542349328692549912e-02
2.228333333333333499e+01	8.856401898963025404e-03
2.230000000000000071e+01	1.101969774604174002e-01
2.231666666666666643e+01	2.586778700559302924e-02
2.233333333333333570e+01	1.929647101873325360e-02
2.235000000000000142e+01	5.791891237531477526e-02
2.236666666666666714e+01	6.162765519467103270e-02
2.238333333333333286e+01	7.060584802305030529e-03
2.239999999999999858e+01	-5.374934183293974405e-02
2.241666666666666785e+01	-2.376210448233435912e-02
2.243333333333333357e+01	1.098799720811600121e-02
2.244999999999999929e+01	5.105024209644697109e-02
2.246666666666666501e+01	-1.142814281292966506e-02
2.248333333333333428e+01	6.010218018811622209e-02
2.250000000000000000e+01	-1.775974595005951756e-02
2.251666666666666572e+01	-3.350657059023870801e-03
2.253333333333333499e+01	2.383504760681915899e-02
2.255000000000000071e+01	-2.636897626190150626e-02
2.256666666666666998e+01	1.664467387653768143e-02
2.258333333333333570e+01	-9.472362968238877759e-03
2.260000000000000142e+01	-5.093958500253287919e-02
2.261666666666666714e+01	7.203845265735238888e-03
2.263333333333333286e+01	-2.678417615871576257e-02
2.265000000000000213e+01	8.664710413405961537e-04
2.266666666666666785e+01	6.723375899957817654e-03
2.268333333333333357e+01	-6.255159355623102733e-03
2.269999999999999929e+01	-9.061557442414740204e-02
2.271666666666666856e+01	4.588625074826415545e-02
2.273333333333333428e+01	1.273287259376197460e-02
2.275000000000000000e+01	6.356399925839694397e-03
2.276666666666666572e+01	1.388779627743977341e-02
2.278333333333333144e+01	-1.033003816882874411e-02
2.280000000000000071e+01	1.044000569478810425e-02
2.281666666666666643e+01	-8.493158715039364481e-02
2.283333333333333215e+01	-1.483413159104821945e-02
2.285000000000000142e+01	-1.638830797329059868e-02
2.286666666666666714e+01	2.116294268698766523e-02
2.288333333333333641e+01	-3.307427687710265407e-02
2.290000000000000213e+01	1.355744236050493608e-02
2.291666666666666785e+01	-4.442715654941310072e-02
2.293333333333333357e+01	-1.366267593228715502e-03
2.294999999999999929e+01	-4.731077810231892194e-02
2.296666666666666856e+01	2.444774420128055167e-02
2.298333333333333428e+01	1.125796879997122829e-02
2.300000000000000000e+01	3.279408685478463203e-02
2.301666666666666572e+01	1.554068764870807084e-02
2.303333333333333499e+01	-6.056576599600502903e-02
2.305000000000000071e+01	2.626978169095672486e-02
2.306666666666666643e+01	-5.474736331183117227e-02
2.308333333333333215e+01	-3.077633088644252720e-03
2.309999999999999787e+01	4.847865345507176155e-02
2.311666666666666714e+01	-4.611745309900763118e-02
2.313333333333333286e+01	6.808426057063884929e-02
2.314999999999999858e+01	5.818373855591413291e-02
2.316666666666666785e+01	-1.743296892198629988e-02
2.318333333333333357e+01	5.772277197079588723e-02
2.320000000000000284e+01	-8.930738200045510019e-04
2.321666666666666856e+01	-3.440260153681054534e-02
2.323333333333333428e+01	2.840283432732985947e-02
2.325000000000000000e+01	2.506176996551847877e-02
2.326666666666666927e+01	3.828738362079629992e-04
2.328333333333333499e+01	5.797275557467054113e-02
2.330000000000000071e+01	-8.490478067945424548e-03
2.331666666666666643e+01	-1.216186465402457374e-02
2.333333333333333215e+01	1.487150877576160456e-02
2.335000000000000142e+01	9.310853589703668937e-04
2.336666666666666714e+01	-1.708992363668703635e-02
2.338333333333333286e+01	1.537694264521011038e-02
2.339999999999999858e+01	3.065535905715486079e-02
2.341666666666666430e+01	-1.087597287886154888e-02
2.343333333333333357e+01	-3.942354415163764475e-02
2.344999999999999929e+01	7.478839366373975228e-02
2.346666666666666501e+01	-5.044249938337349443e-02
2.348333333333333428e+01	-2.010320184725781448e-03
2.350000000000000355e+01	-9.192016604806541339e-04
2.351666666666666927e+01	4.229024171465937433e-03
2.353333333333333499e+01	-4.036251892436842209e-02
2.355000000000000071e+01	7.290313870512619976e-02
2.356666666666666643e+01	6.920313183250655087e-03
2.358333333333333570e+01	-3.021566218835233339e-05
2.360000000000000142e+01	-6.873652332685638300e-02
2.361666666666666714e+01	-2.477170724949940075e-02
2.363333333333333286e+01	3.870694993975987847e-02
2.364999999999999858e+01	7.393528753500115507e-03
2.366666666666666785e+01	-1.170199515242986536e-03
2.368333333333333357e+01	5.693290009441762112e-02
2.369999999999999929e+01	-8.212504219070866293e-03
2.371666666666666501e+01	-4.483275245373154194e-03
2.373333333333333428e+01	-2.917929248237562112e-02
2.375000000000000000e+01	-3.273289398013345952e-02
2.376666666666666572e+01	4.173448906114403389e-02
2.378333333333333144e+01	-2.150521650770640877e-02
2.380000000000000071e+01	-1.686459064238246888e-02
2.381666666666666998e+01	-4.238546388066968471e-03
2.383333333333333570e+01	-6.281683036534196907e-02
2.385000000000000142e+01	-1.057899445777919951e-03
2.386666666666666714e+01	-4.071448818072097124e-03
2.388333333333333286e+01	-1.456177307473694761e-02
2.390000000000000213e+01	6.523874847708412139e-02
2.391666666666666785e+01	1.472059579388364237e-02
2.393333333333333357e+01	1.545308324370119925e-02
2.394999999999999929e+01	3.931258368670308839e-02
2.396666666666666856e+01	-6.179508778749383778e-03
2.398333333333333428e+01	2.697145676744945944e-02
2.400000000000000000e+01	1.026307751972827496e-02
2.401666666666666572e+01	6.177157381717896835e-03
2.403333333333333144e+01	9.237694564289222407e-03
2.405000000000000071e+01	-5.301957764815542345e-02
2.406666666666666643e+01	-1.136242361786557291e-02
2.408333333333333215e+01	1.286689899793461676e-02
2.410000000000000142e+01	6.055359567316669078e-03
2.411666666666666714e+01	9.730784306778997306e-03
2.413333333333333641e+01	3.946021537434268867e-02
2.415000000000000213e+01	3.550151714096007327e-02
2.416666666666666785e+01	2.847249546826972205e-02
2.418333333333333357e+01	1.370996251958169626e-02
2.420000000000000284e+01	-6.594568243890919877e-06
2.421666666666666856e+01	-1.635636214816751574e-02
2.423333333333333428e+01	-1.770162718760220910e-02
2.425000000000000000e+01	-3.013816872555447925e-03
2.426666666666666572e+01	5.089183857763616980e-02
2.428333333333333499e+01	1.872353701227226497e-02
2.430000000000000071e+01	-1.562806241567909343e-02
2.431666666666666643e+01	-7.050118617416576382e-03
2.433333333333333215e+01	-1.599543574996304188e-02
2.434999999999999787e+01	3.601783645707569339e-03
2.436666666666666714e+01	6.708037744038323168e-03
2.438333333333333286e+01	-4.143722187008962166e-02
2.439999999999999858e+01	4.433243012162065705e-02
2.441666666666666785e+01	4.461563733440392088e-02
2.443333333333333712e+01	2.001472559700104639e-02
2.445000000000000284e+01	1.662837965950016844e-02
2.446666666666666856e+01	-8.185911735488758667e-02
2.448333333333333428e+01	-2.457679643072638309e-02
2.450000000000000000e+01	-2.358624371503375509e-03
2.451666666666666927e+01	2.906264727221349528e-02
2.453333333333333499e+01	4.994380718231955507e-02
2.455000000000000071e+01	5.412279907394702133e-02
2.456666666666666643e+01	-7.869482027027814575e-02
2.458333333333333215e+01	-4.599532042552917366e-02
2.460000000000000142e+01	1.311545802512489032e-04
2.461666666666666714e+01	-6.804799252816796928e-02
2.463333333333333286e+01	1.232893535642287132e-02
2.464999999999999858e+01	-3.522257612521569048e-02
2.466666666666666785e+01	-1.938940252253874841e-02
2.468333333333333357e+01	1.807835437349725877e-02
2.469999999999999929e+01	-9.609473621302138530e-03
2.471666666666666501e+01	3.392119143259678810e-02
2.473333333333333428e+01	-1.639054213602588253e-02
2.475000000000000355e+01	-1.476061283300801608e-02
2.476666666666666927e+01	-7.774180082153708642e-03
2.478333333333333499e+01	3.002161343157135412e-02
2.480000000000000071e+01	5.712198030806465814e-03
2.481666666666666643e+01	3.904781733828587009e-02
2.483333333333333570e+01	6.635728258341598573e-02
2.485000000000000142e+01	1.366348928175362132e-02
2.486666666666666714e+01	1.794309063864437184e-02
2.488333333333333286e+01	-3.228151696437261877e-03
2.490000000000000213e+01	5.356797153579518495e-02
2.491666666666666785e+01	-1.694083617712694931e-02
2.493333333333333357e+01	-7.670719512956720998e-02
2.494999999999999929e+01	1.031874071137215028e-02
2.496666666666666501e+01	4.024578165613095643e-02
2.498333333333333428e+01	-1.623933618391304456e-02
2.500000000000000000e+01	3.529353001601316653e-02
2.501666666666666572e+01	2.865270925514144112e-02
2.503333333333333144e+01	1.614598248796715596e-02
2.505000000000000071e+01	2.494676734048265759e-02
2.506666666666666998e+01	5.027315376403091937e-03
2.508333333333333570e+01	1.994411086290265658e-02
2.510000000000000142e+01	5.833906585646449552e-03
2.511666666666666714e+01	1.536556693653943519e-02
2.513333333333333641e+01	5.152567936423502887e-02
2.515000000000000213e+01	-7.608862961194677761e-03
2.516666666666666785e+01	4.504102162739938991e-02
2.518333333333333357e+01	3.432256428669822057e-02
2.519999999999999929e+01	-5.750740507051607664e-02
2.521666666666666856e+01	-5.007886467925847657e-02
2.523333333333333428e+01	9.223601769156569707e-03
2.525000000000000000e+01	1.062605526207449896e-03
2.526666666666666572e+01	6.566385650600943015e-03
2.528333333333333144e+01	4.317852130716790665e-02
2.530000000000000071e+01	-1.031689958090913246e-02
2.531666666666666643e+01	-2.039784085492706012e-02
2.533333333333333215e+01	5.698459936395692399e-02
2.534999999999999787e+01	5.397542432550386793e-02
2.536666666666666714e+01	-2.342946298177873629e-02
2.538333333333333641e+01	-8.932910888998300825e-02
2.540000000000000213e+01	-5.387253716754193808e-04
2.541666666666666785e+01	4.804552600700367354e-02
2.543333333333333357e+01	2.662281956339894798e-02
2.545000000000000284e+01	-1.299617445114345168e-02
2.546666666666666856e+01	-1.466314966014410463e-02
2.548333333333333428e+01	4.805000180834471772e-03
2.550000000000000000e+01	1.349543091683905183e-02
2.551666666666666572e+01	8.443236723565897273e-02
2.553333333333333499e+01	-5.384740211022700368e-02
2.555000000000000071e+01	8.255140308334869143e-03
2.556666666666666643e+01	2.916719389668995591e-02
2.558333333333333215e+01	-1.165768540263015934e-03
2.559999999999999787e+01	-3.146949208697005784e-02
2.561666666666666714e+01	5.017871112225376351e-02
2.563333333333333286e+01	-5.599267520480022409e-02
2.564999999999999858e+01	2.547091205831876135e-02
2.566666666666666430e+01	4.198921932447058358e-02
2.568333333333333357e+01	3.274403772979279925e-02
2.570000000000000284e+01	-1.739278873551807197e-03
2.571666666666666856e+01	-1.653662997998905058e-03
2.573333333333333428e+01	-5.437953292881746170e-02
2.575000000000000000e+01	-7.915176035641641877e-03
2.576666666666666927e+01	-4.666445197224616814e-02
2.578333333333333499e+01	1.357764585448201222e-02
2.580000000000000071e+01	-5.938020072111022812e-02
2.581666666666666643e+01	-3.858023496091444321e-02
2.583333333333333215e+01	-3.794576904375385196e-02
2.585000000000000142e+01	5.556835343759421175e-02
2.586666666666666714e+01	4.126130001731508762e-02
2.588333333333333286e+01	-1.238443412737636438e-02
2.589999999999999858e+01	-2.439746035055099030e-02
2.591666666666666785e+01	-4.633863589142608874e-02
2.593333333333333357e+01	-4.025161425220645517e-02
2.594999999999999929e+01	-2.064939696127226186e-03
2.596666666666666501e+01	7.385733837527741485e-02
2.598333333333333073e+01	3.397514023411370848e-03
2.600000000000000355e+01	-3.462672368677428836e-02
2.601666666666666927e+01	-6.022089783556005237e-03
2.603333333333333499e+01	2.150055879517614316e-02
2.605000000000000071e+01	1.466520029329233289e-02
2.606666666666666643e+01	1.879797825670932732e-02
2.608333333333333570e+01	-5.307779047258089772e-02
2.610000000000000142e+01	2.236731209280553787e-02
2.611666666666666714e+01	4.242069645040920378e-02
2.613333333333333286e+01	2.223319271440199821e-02
2.615000000000000213e+01	4.216914282846847412e-02
2.616666666666666785e+01	-2.419102111841640868e-02
2.618333333333333357e+01	1.617489822780808842e-02
2.619999999999999929e+01	5.611007787518313902e-03
2.621666666666666501e+01	-3.369095459029804174e-02
2.623333333333333428e+01	-7.104219764456681796e-02
2.625000000000000000e+01	-4.865481297211805140e-02
2.626666666666666572e+01	-6.543552873999737562e-02
2.628333333333333144e+01	1.186606901025674850e-02
2.629999999999999716e+01	3.707418141101179870e-02
2.631666666666666998e+01	-1.765463358062685159e-02
2.633333333333333570e+01	3.856855133493974908e-02
2.635000000000000142e+01	2.796760817597805648e-02
2.636666666666666714e+01	5.520050550900179077e-03
2.638333333333333641e+01	1.171123659007177950e-02
2.640000000000000213e+01	-5.549565269286548669e-02
2.641666666666666785e+01	4.014222100813269467e-02
2.643333333333333357e+01	-2.690040452593146086e-02
2.644999999999999929e+01	3.193960413579490648e-02
2.646666666666666856e+01	2.175134545495762198e-02
2.648333333333333428e+01	1.343834167518809936e-02
2.650000000000000000e+01	-4.994120574335454699e-02
2.651666666666666572e+01	1.866376812309018980e-03
2.653333333333333144e+01	1.508207804014132479e-02
2.655000000000000071e+01	-1.650061330099314785e-02
2.656666666666666643e+01	1.169474875012328427e-02
2.658333333333333215e+01	4.583866569529215090e-02
2.659999999999999787e+01	4.997819170669961369e-02
2.661666666666666714e+01	5.589728422153769638e-02
2.663333333333333641e+01	8.332208773466477300e-03
2.665000000000000213e+01	8.853231498231119156e-02
2.666666666666666785e+01	9.490586176371320834e-03
2.668333333333333357e+01	-3.448847019192099322e-02
2.670000000000000284e+01	1.186620118756394511e-02
2.671666666666666856e+01	1.811934231712183929e-02
2.673333333333333428e+01	-4.227169680877686936e-02
2.675000000000000000e+01	-3.144025640347162392e-02
2.676666666666666572e+01	3.870705494329359370e-02
2.678333333333333499e+01	-3.664739532902602012e-03
2.680000000000000071e+01	-5.444348642257710452e-02
2.681666666666666643e+01	-3.401680318517989743e-02
2.683333333333333215e+01	-1.132731705916142223e-02
2.685000000000000142e+01	-3.566918469532030095e-02
2.686666666666666714e+01	7.258082898094644908e-02
2.688333333333333286e+01	5.929143969860023455e-03
2.689999999999999858e+01	1.789759947090403119e-02
2.691666666666666430e+01	-2.375504957072498494e-02
2.693333333333333357e+01	1.073412642052691893e-02
