Time_us	Received_Longitudinal
0.000000000000000000e+00	2.480349090752411584e-02
1.666666666666666644e-02	6.029378492941419448e-02
3.333333333333333287e-02	-1.243862741892811600e-03
4.999999999999999584e-02	-4.541435523167015875e-02
6.666666666666666574e-02	3.761777264759524637e-03
8.333333333333334259e-02	-1.845303327527182853e-03
9.999999999999999167e-02	-1.032530212558842309e-01
1.166666666666666685e-01	-1.346290331760086403e-02
1.333333333333333315e-01	-5.316881071303266454e-02
1.499999999999999944e-01	-1.295576286452752579e-01
1.666666666666666852e-01	-1.896123010794492636e-02
1.833333333333333204e-01	-4.745398212750180644e-02
1.999999999999999833e-01	-4.719034913061054270e-02
2.166666666666666741e-01	-4.306876345188140331e-02
2.333333333333333370e-01	-1.162598109905049054e-02
2.500000000000000000e-01	7.128718567109676441e-02
2.666666666666666630e-01	3.267591339133402162e-02
2.833333333333333814e-01	1.323850095335862842e-01
2.999999999999999889e-01	1.076338906124024442e-01
3.166666666666666519e-01	1.419721369951666423e-01
3.333333333333333703e-01	1.363816426111734426e-01
3.499999999999999778e-01	8.056596954226405427e-02
3.666666666666666408e-01	8.543420042313523699e-02
3.833333333333333592e-01	-3.934382233977232191e-02
3.999999999999999667e-01	-3.673548714875191079e-02
4.166666666666666852e-01	-5.504494682586625470e-02
4.333333333333333481e-01	-8.326706197972899570e-02
4.500000000000000111e-01	-1.267353422485267556e-01
4.666666666666666741e-01	-1.300461114058429901e-01
4.833333333333332815e-01	-1.714483096195784373e-01
5.000000000000000000e-01	-1.366345658405925534e-01
5.166666666666666075e-01	-5.641273991402136895e-02
5.333333333333333259e-01	-6.108709252041081422e-02
5.500000000000000444e-01	-6.835892561229878206e-02
5.666666666666667629e-01	1.089300362328568007e-02
5.833333333333333703e-01	2.886763143283123390e-02
5.999999999999999778e-01	9.185524978757052261e-02
6.166666666666666963e-01	1.324306600619849783e-01
6.333333333333333037e-01	1.548804971622297078e-01
6.500000000000000222e-01	1.226016762671477134e-01
6.666666666666667407e-01	8.545159913358985060e-02
6.833333333333333481e-01	5.907198808078152619e-02
6.999999999999999556e-01	6.502079381254285972e-02
7.166666666666666741e-01	4.288985201553247549e-03
7.333333333333332815e-01	-3.515513836125934433e-02
7.500000000000000000e-01	-8.144693321406264175e-03
7.666666666666667185e-01	-7.031259366848836845e-02
7.833333333333334370e-01	-8.389403121102377570e-02
7.999999999999999334e-01	-1.092593537202921627e-01
8.166666666666666519e-01	-6.697883136513994862e-02
8.333333333333333703e-01	3.509601791100436241e-04
8.499999999999999778e-01	-3.726801325761225359e-02
8.666666666666666963e-01	-4.532105325381946548e-02
8.833333333333334147e-01	-1.625427792379787253e-02
9.000000000000000222e-01	-3.243401750837825170e-02
9.166666666666666297e-01	1.917967395076724396e-02
9.333333333333333481e-01	3.074787926190510751e-02
9.499999999999999556e-01	7.156733352310942764e-02
9.666666666666665630e-01	2.264139359184134601e-02
9.833333333333333925e-01	1.503031458616086412e-02
1.000000000000000000e+00	3.133208565119480205e-02
1.016666666666666829e+00	3.157122511914569815e-03
1.033333333333333215e+00	-6.765635382754313365e-03
1.050000000000000044e+00	-2.384391024971921000e-02
1.066666666666666652e+00	-2.408281152785705925e-02
1.083333333333333259e+00	-6.412293105829853894e-03
1.100000000000000089e+00	-3.230398098138446278e-02
1.116666666666666696e+00	-9.306384460002089382e-03
1.133333333333333526e+00	-1.718281405037899029e-02
1.149999999999999911e+00	-2.446584629576764591e-02
1.166666666666666741e+00	-1.486369469755619704e-02
1.183333333333333348e+00	-5.703777098165822151e-02
1.199999999999999956e+00	1.106307867125044635e-02
1.216666666666666785e+00	7.286144035537037329e-03
1.233333333333333393e+00	-5.754823439666849338e-02
1.250000000000000000e+00	-2.266301387565488462e-02
1.266666666666666607e+00	6.826098618381272465e-02
1.283333333333333215e+00	1.058269587775286999e-02
1.300000000000000044e+00	2.185798390870082736e-02
1.316666666666666652e+00	1.154969579856885836e-01
1.333333333333333481e+00	1.426743236052822536e-02
1.350000000000000089e+00	-2.370032998643730945e-02
1.366666666666666696e+00	-2.066308633678079834e-02
1.383333333333333304e+00	2.708522032504154416e-03
1.399999999999999911e+00	-5.012547558545067672e-02
1.416666666666666741e+00	4.148636464898646653e-02
1.433333333333333348e+00	1.313424740474930692e-02
1.450000000000000178e+00	5.645301518642638523e-03
1.466666666666666563e+00	2.627030476383383772e-02
1.483333333333333393e+00	6.355382712504194231e-03
1.500000000000000000e+00	-1.533701764945833053e-02
1.516666666666666607e+00	-4.074586133661450144e-02
1.533333333333333437e+00	-8.245379407291366161e-03
1.550000000000000044e+00	-9.453446271119665678e-03
1.566666666666666874e+00	-9.827211855985130626e-03
1.583333333333333259e+00	-4.550669222169977969e-03
1.599999999999999867e+00	-4.230284477764129428e-04
1.616666666666666696e+00	-1.546264751733976081e-02
1.633333333333333304e+00	1.429164763473562451e-02
1.650000000000000133e+00	-1.513968617432981216e-02
1.666666666666666741e+00	-7.129990804301634955e-03
1.683333333333333348e+00	1.757330811579668403e-02
1.699999999999999956e+00	1.666677703895445145e-02
1.716666666666666563e+00	-1.769042344416082296e-02
1.733333333333333393e+00	3.882779776066338367e-02
1.750000000000000000e+00	-6.837241997163024873e-03
1.766666666666666829e+00	2.864526309064145682e-02
1.783333333333333437e+00	-2.109481918418137231e-02
1.800000000000000044e+00	-1.834175290665614536e-02
1.816666666666666652e+00	-3.474442975544234091e-02
1.833333333333333259e+00	4.702815847063013255e-02
1.850000000000000089e+00	-2.743958868740030074e-02
1.866666666666666696e+00	-6.615062199674211219e-02
1.883333333333333526e+00	2.889155247628874545e-02
1.899999999999999911e+00	1.500000045141244333e-02
1.916666666666666741e+00	-1.916576775565989599e-02
1.933333333333333126e+00	6.803630941382321669e-04
1.949999999999999956e+00	5.400735662912870688e-03
1.966666666666666785e+00	1.926933626207427003e-02
1.983333333333333615e+00	-3.377972569393143231e-03
2.000000000000000000e+00	-3.243225864881805337e-02
2.016666666666666607e+00	2.960519842498676030e-02
2.033333333333333659e+00	-8.905758294512202550e-03
2.049999999999999822e+00	5.130406281319643477e-03
2.066666666666666430e+00	1.334700876434761346e-02
2.083333333333333481e+00	2.329336125593607122e-03
2.100000000000000089e+00	9.608258365369463927e-02
2.116666666666666696e+00	-2.494737636646317605e-02
2.133333333333333304e+00	2.765809409976033306e-02
2.150000000000000355e+00	2.718880277507587651e-02
2.166666666666666519e+00	-7.049753203004131830e-02
2.183333333333333126e+00	1.250152428748861622e-02
2.200000000000000178e+00	2.422110361000593456e-03
2.216666666666666785e+00	2.017954104216012831e-02
2.233333333333333393e+00	8.742489516012422884e-03
2.250000000000000000e+00	6.613010817046728780e-03
2.266666666666667052e+00	2.136300103427770953e-03
2.283333333333333215e+00	1.113098863900337590e-02
2.299999999999999822e+00	2.503767504441543543e-02
2.316666666666666874e+00	-9.332553099386324200e-03
2.333333333333333481e+00	-4.090166931142719120e-02
2.350000000000000089e+00	-2.739525744543342897e-02
2.366666666666666696e+00	-1.866836452668778346e-02
2.383333333333333304e+00	8.509158204798228028e-03
2.399999999999999911e+00	-2.022729443227772386e-02
2.416666666666666519e+00	-6.201092302637166258e-03
2.433333333333333570e+00	2.167182524384584155e-02
2.450000000000000178e+00	-2.206974253250072390e-02
2.466666666666666785e+00	1.289782809561902492e-02
2.483333333333333393e+00	7.754751488186369633e-03
2.500000000000000000e+00	2.039616837447468661e-02
2.516666666666666607e+00	1.356074601926733278e-02
2.533333333333333215e+00	1.375044033831022972e-02
2.550000000000000266e+00	-4.462664075738050073e-02
2.566666666666666430e+00	4.139049588697484017e-02
2.583333333333333481e+00	-8.578877462753634400e-03
2.600000000000000089e+00	-1.479424229647482904e-03
2.616666666666666696e+00	-2.930722701548559364e-02
2.633333333333333304e+00	-3.794813737053626818e-02
2.649999999999999911e+00	1.347483158316413595e-03
2.666666666666666963e+00	-3.893696661808092145e-03
2.683333333333333126e+00	4.350369236729492023e-02
2.700000000000000178e+00	4.516771432382580415e-03
2.716666666666666785e+00	-6.171594391312217737e-03
2.733333333333333393e+00	2.956563019444955615e-02
2.750000000000000000e+00	1.734677976563230375e-02
2.766666666666666607e+00	-9.754221268720742258e-03
2.783333333333333659e+00	2.378054526555648321e-02
2.799999999999999822e+00	-4.527336361874529508e-02
2.816666666666666874e+00	-3.254550749391841441e-02
2.833333333333333481e+00	3.129171014805429488e-03
2.850000000000000089e+00	-1.228090076760503073e-02
2.866666666666666696e+00	-4.815294493287428502e-04
2.883333333333333304e+00	6.041021119114628468e-03
2.900000000000000355e+00	-2.600608119285152675e-02
2.916666666666666519e+00	-5.588016649557729122e-03
2.933333333333333126e+00	-1.387744447393694271e-02
2.950000000000000178e+00	2.492857469447975344e-02
2.966666666666666785e+00	-2.621173864704609210e-02
2.983333333333333393e+00	2.239251907820045961e-02
3.000000000000000000e+00	-1.189190318111105031e-02
3.016666666666667052e+00	-2.836299521857147191e-02
3.033333333333333215e+00	-2.836244933173169211e-02
3.049999999999999822e+00	-8.010890110253821375e-03
3.066666666666666874e+00	2.013861384919468298e-02
3.083333333333333481e+00	-9.955522442147332271e-03
3.100000000000000089e+00	-4.036239987263508938e-02
3.116666666666666696e+00	4.726936563379653677e-02
3.133333333333333748e+00	3.489267289137581302e-02
3.149999999999999911e+00	-1.607800445533214342e-02
3.166666666666666519e+00	8.411592609187055689e-03
3.183333333333333570e+00	-3.468753722070322398e-02
3.199999999999999734e+00	3.798151066289637973e-02
3.216666666666666785e+00	-1.774265717770766347e-03
3.233333333333333393e+00	5.013243089552862214e-02
3.250000000000000444e+00	1.009681039540754992e-02
3.266666666666666607e+00	-6.936730429691301270e-02
3.283333333333333215e+00	-1.340096963260343187e-02
3.300000000000000266e+00	-5.269981045935662363e-03
3.316666666666666430e+00	-3.556762844411012064e-02
3.333333333333333481e+00	9.401948713662351687e-03
3.350000000000000089e+00	-5.429921973204720337e-02
3.366666666666666696e+00	-1.666143291217619254e-02
3.383333333333333304e+00	5.884423359183902844e-03
3.399999999999999911e+00	4.350237666820267607e-02
3.416666666666666963e+00	-4.203742504861238127e-02
3.433333333333333126e+00	3.965778141591474321e-02
3.450000000000000178e+00	1.003879368542158652e-02
3.466666666666666785e+00	-9.471164907344384321e-03
3.483333333333333393e+00	1.788756335906582784e-02
3.500000000000000000e+00	2.124843014485533390e-03
3.516666666666666607e+00	2.767053026653586503e-02
3.533333333333333659e+00	2.151034563855845280e-02
3.549999999999999822e+00	6.608776395315194008e-02
3.566666666666666874e+00	1.666145937445478314e-02
3.583333333333333481e+00	4.077262421005461990e-02
3.600000000000000089e+00	4.668777755686111600e-03
3.616666666666666696e+00	-1.366159588796123092e-02
3.633333333333333304e+00	3.927869595125382113e-02
3.650000000000000355e+00	2.566925160890172128e-02
3.666666666666666519e+00	8.148297840660698177e-02
3.683333333333333570e+00	2.269647273654619435e-02
3.700000000000000178e+00	9.740038655071033002e-02
3.716666666666666785e+00	6.301458539440729645e-02
3.733333333333333393e+00	2.915303677886457029e-02
3.750000000000000000e+00	4.950201487877780443e-02
3.766666666666667052e+00	1.240116765971335383e-01
3.783333333333333215e+00	7.286259393989792665e-02
3.799999999999999822e+00	6.955859141068330975e-02
3.816666666666666874e+00	1.283933131534488736e-01
3.833333333333333481e+00	5.101037296602128901e-02
3.850000000000000533e+00	1.083271076374543590e-01
3.866666666666666252e+00	1.340893172036813075e-01
3.883333333333333304e+00	1.859591950202681976e-01
3.899999999999999911e+00	1.879905530276849424e-01
3.916666666666666519e+00	1.343302378657526830e-01
3.933333333333333570e+00	1.277502455674928428e-01
3.950000000000000178e+00	1.717924601760127123e-01
3.966666666666667229e+00	1.602207703679114914e-01
3.983333333333332948e+00	1.569123717160954001e-01
4.000000000000000000e+00	9.441809039398972592e-02
4.016666666666666607e+00	1.396880517919282250e-01
4.033333333333333215e+00	7.987918825713657967e-02
4.049999999999999822e+00	1.301285701048452981e-01
4.066666666666667318e+00	1.617104441863322084e-01
4.083333333333333925e+00	1.652937266504721225e-02
4.099999999999999645e+00	8.761663966926397373e-02
4.116666666666666252e+00	7.949164719415696689e-02
4.133333333333332860e+00	5.290877096888410569e-02
4.150000000000000355e+00	2.683202881062944981e-02
4.166666666666666963e+00	-1.132621526081351547e-02
4.183333333333333570e+00	1.096763475364422730e-02
4.200000000000000178e+00	-9.243114018430859113e-02
4.216666666666666785e+00	-1.229363326116023614e-01
4.233333333333333393e+00	-9.139499088390293235e-02
4.250000000000000000e+00	-2.435725057866764409e-01
4.266666666666666607e+00	-1.796450151090159542e-01
4.283333333333333215e+00	-2.827862002179029610e-01
4.300000000000000711e+00	-2.702008677958829819e-01
4.316666666666667318e+00	-2.814831376155559339e-01
4.333333333333333037e+00	-2.596974257300018185e-01
4.349999999999999645e+00	-3.579658276696223718e-01
4.366666666666666252e+00	-4.529785506293592112e-01
4.383333333333333748e+00	-4.551772241969346822e-01
4.400000000000000355e+00	-4.797385448923111584e-01
4.416666666666666963e+00	-4.981734802914068450e-01
4.433333333333333570e+00	-5.149743219083091628e-01
4.450000000000000178e+00	-5.000444824175929170e-01
4.466666666666666785e+00	-5.451596023094089638e-01
4.483333333333333393e+00	-5.560448554826052936e-01
4.500000000000000000e+00	-6.027804749863278078e-01
4.516666666666666607e+00	-5.674503756081850092e-01
4.533333333333334103e+00	-5.654756610066239420e-01
4.550000000000000711e+00	-5.800710455326592019e-01
4.566666666666666430e+00	-6.284975321761890887e-01
4.583333333333333037e+00	-5.498427553376699084e-01
4.599999999999999645e+00	-5.660795237306437411e-01
4.616666666666667140e+00	-5.738903611842434138e-01
4.633333333333333748e+00	-5.358898537252713146e-01
4.650000000000000355e+00	-5.228075011236993364e-01
4.666666666666666963e+00	-5.417295532570393091e-01
4.683333333333332682e+00	-5.381028061865726908e-01
4.700000000000000178e+00	-5.046698829681759424e-01
4.716666666666666785e+00	-4.720069241445007391e-01
4.733333333333333393e+00	-4.000589574976795015e-01
4.750000000000000000e+00	-4.227525296601381544e-01
4.766666666666666607e+00	-2.922078503564431995e-01
4.783333333333334103e+00	-2.939112313074719318e-01
4.799999999999999822e+00	-2.149956151834467866e-01
4.816666666666666430e+00	-2.218508492834649903e-01
4.833333333333333037e+00	-1.413990468222425245e-01
4.850000000000000533e+00	-7.542934072915409571e-02
4.866666666666667140e+00	-6.295684647875188222e-02
4.883333333333333748e+00	1.882375562049660306e-02
4.900000000000000355e+00	8.209269279712773371e-02
4.916666666666666075e+00	9.579149793310606786e-02
4.933333333333333570e+00	1.677147354940306256e-01
4.950000000000000178e+00	2.023004705921164770e-01
4.966666666666666785e+00	2.680983528319855203e-01
4.983333333333333393e+00	3.026761028324256309e-01
5.000000000000000000e+00	3.548192934885567307e-01
5.016666666666666607e+00	3.605621172611750969e-01
5.033333333333333215e+00	4.490032409800005508e-01
5.049999999999999822e+00	5.054847931461745603e-01
5.066666666666666430e+00	5.438383399649947547e-01
5.083333333333333925e+00	6.236604672891764567e-01
5.100000000000000533e+00	5.299094246513296191e-01
5.116666666666667140e+00	6.143021343058074901e-01
5.133333333333332860e+00	6.772243086487691466e-01
5.149999999999999467e+00	6.209352026195018581e-01
5.166666666666666963e+00	6.956463042698379784e-01
5.183333333333333570e+00	6.664042192468604409e-01
5.200000000000000178e+00	6.768986514209787142e-01
5.216666666666666785e+00	6.788695537033495597e-01
5.233333333333333393e+00	6.686168443780140525e-01
5.250000000000000000e+00	7.202143932488885847e-01
5.266666666666666607e+00	6.147951605569731415e-01
5.283333333333333215e+00	7.032770604491297428e-01
5.299999999999999822e+00	6.054326726194846353e-01
5.316666666666666430e+00	6.815445916479122568e-01
5.333333333333333925e+00	6.078016032389933487e-01
5.350000000000000533e+00	5.734400241082900918e-01
5.366666666666666252e+00	5.606300588344106384e-01
5.383333333333332860e+00	5.762640827574794233e-01
5.400000000000000355e+00	5.147302307372869645e-01
5.416666666666666963e+00	5.604410402317784312e-01
5.433333333333333570e+00	4.254863677478391004e-01
5.450000000000000178e+00	4.175652104742384463e-01
5.466666666666666785e+00	3.886141233524344485e-01
5.483333333333333393e+00	3.478231724912738132e-01
5.500000000000000000e+00	2.739877016749225347e-01
5.516666666666666607e+00	2.448067912063080775e-01
5.533333333333333215e+00	1.779185714090355253e-01
5.549999999999999822e+00	1.473680360073825191e-01
5.566666666666667318e+00	3.389176928423990459e-02
5.583333333333333925e+00	3.066194922488777591e-03
5.599999999999999645e+00	3.214486876233992041e-02
5.616666666666666252e+00	-3.981233224036045959e-02
5.633333333333333748e+00	-1.015308158979078557e-01
5.650000000000000355e+00	-2.055291563715411218e-01
5.666666666666666963e+00	-2.279500377400382194e-01
5.683333333333333570e+00	-2.592034353295193383e-01
5.700000000000000178e+00	-2.774484856208421224e-01
5.716666666666666785e+00	-4.364831175875588110e-01
5.733333333333333393e+00	-3.968199697654779534e-01
5.750000000000000000e+00	-4.344880584007343449e-01
5.766666666666666607e+00	-4.975868980284593457e-01
5.783333333333333215e+00	-5.072939449350449825e-01
5.800000000000000711e+00	-5.698211631529899179e-01
5.816666666666667318e+00	-6.372801391672712201e-01
5.833333333333333037e+00	-5.285844268561626924e-01
5.849999999999999645e+00	-6.110467284554249590e-01
5.866666666666666252e+00	-6.499534848364713069e-01
5.883333333333333748e+00	-6.521231198383911076e-01
5.900000000000000355e+00	-7.070004247681491716e-01
5.916666666666666963e+00	-7.215573477793780777e-01
5.933333333333333570e+00	-7.097699290679562178e-01
5.950000000000000178e+00	-7.357236664314562580e-01
5.966666666666666785e+00	-7.062758104215810517e-01
5.983333333333333393e+00	-6.845611021271379437e-01
6.000000000000000000e+00	-6.526650214464047028e-01
6.016666666666666607e+00	-7.049228790311703463e-01
6.033333333333334103e+00	-6.603217095693063587e-01
6.050000000000000711e+00	-6.427894645555907172e-01
6.066666666666666430e+00	-6.002889721860400485e-01
6.083333333333333037e+00	-5.220112955927567189e-01
6.099999999999999645e+00	-5.266557789844503734e-01
6.116666666666667140e+00	-5.100610339488406142e-01
6.133333333333333748e+00	-4.975197187530429610e-01
6.150000000000000355e+00	-4.471722959314340939e-01
6.166666666666666963e+00	-3.654318516049740451e-01
6.183333333333333570e+00	-3.410539463543024175e-01
6.200000000000000178e+00	-2.782037403952484778e-01
6.216666666666666785e+00	-3.216810869780674098e-01
6.233333333333333393e+00	-2.488367550774328307e-01
6.250000000000000000e+00	-1.835118565142423996e-01
6.266666666666667496e+00	-1.274904482239360148e-01
6.283333333333334103e+00	-5.404238258069782308e-02
6.299999999999999822e+00	1.903601944245004660e-02
6.316666666666666430e+00	2.734162622834753961e-02
6.333333333333333037e+00	9.401598128734993398e-02
6.350000000000000533e+00	2.325307463281303666e-01
6.366666666666667140e+00	1.345679452487399674e-01
6.383333333333333748e+00	1.860373046252009333e-01
6.399999999999999467e+00	2.859409159674384804e-01
6.416666666666666075e+00	3.365423700417637387e-01
6.433333333333333570e+00	3.941524432198902916e-01
6.450000000000000178e+00	3.632553697384318658e-01
6.466666666666666785e+00	4.819655234736855420e-01
6.483333333333333393e+00	4.503513747679711576e-01
6.500000000000000888e+00	4.468426045027176774e-01
6.516666666666666607e+00	5.409156886031889488e-01
6.533333333333333215e+00	5.723201339344851091e-01
6.549999999999999822e+00	5.967113631974614307e-01
6.566666666666666430e+00	6.897153911142855920e-01
6.583333333333333925e+00	6.595484064333528851e-01
6.600000000000000533e+00	6.484129279543642266e-01
6.616666666666667140e+00	7.144501862008135751e-01
6.633333333333332860e+00	7.074718358039516763e-01
6.649999999999999467e+00	6.910202972736122495e-01
6.666666666666666963e+00	6.716800167129052257e-01
6.683333333333333570e+00	6.594375681810908940e-01
6.700000000000000178e+00	6.672961658738548740e-01
6.716666666666666785e+00	7.050035562122047850e-01
6.733333333333333393e+00	6.414758828502664656e-01
6.750000000000000000e+00	6.686956613780559167e-01
6.766666666666666607e+00	6.478060475460895029e-01
6.783333333333333215e+00	6.357971221222707969e-01
6.799999999999999822e+00	5.641846807231004624e-01
6.816666666666667318e+00	5.320447796660432438e-01
6.833333333333333925e+00	5.223911527160766122e-01
6.850000000000000533e+00	4.752681259395894475e-01
6.866666666666666252e+00	4.458270437094866701e-01
6.883333333333332860e+00	3.857690277368541754e-01
6.900000000000000355e+00	4.057391260398330868e-01
6.916666666666666963e+00	2.808354367894396741e-01
6.933333333333333570e+00	2.383511416810920325e-01
6.950000000000000178e+00	1.680756558363997177e-01
6.966666666666666785e+00	1.738200880887129096e-01
6.983333333333333393e+00	1.049550823339604338e-01
7.000000000000000000e+00	6.573641369406038604e-02
7.016666666666666607e+00	-2.372033080261620741e-02
7.033333333333333215e+00	-4.054206433125058517e-02
7.049999999999999822e+00	-1.011221079835223080e-01
7.066666666666667318e+00	-1.208014781754130490e-01
7.083333333333333925e+00	-2.174094256223380317e-01
7.099999999999999645e+00	-2.507491637780670524e-01
7.116666666666666252e+00	-2.734898952914336379e-01
7.133333333333333748e+00	-2.856172440356246067e-01
7.150000000000000355e+00	-4.043722934688621096e-01
7.166666666666666963e+00	-3.986253737944898679e-01
7.183333333333333570e+00	-4.948081635035228576e-01
7.200000000000000178e+00	-4.264077881249656032e-01
7.216666666666666785e+00	-5.486273291689363063e-01
7.233333333333333393e+00	-5.806824845050108097e-01
7.250000000000000000e+00	-6.385572607266837286e-01
7.266666666666666607e+00	-5.862242957735386284e-01
7.283333333333333215e+00	-6.487698968048682957e-01
7.300000000000000711e+00	-6.336225140135494094e-01
7.316666666666667318e+00	-6.615362928331556258e-01
7.333333333333333037e+00	-7.078784661658692468e-01
7.349999999999999645e+00	-6.215316940321462535e-01
7.366666666666667140e+00	-6.933862096529400665e-01
7.383333333333333748e+00	-6.662931373825302650e-01
7.400000000000000355e+00	-6.952417886372995737e-01
7.416666666666666963e+00	-7.113725118925718904e-01
7.433333333333333570e+00	-6.591609959584309175e-01
7.450000000000000178e+00	-6.916286070254592522e-01
7.466666666666666785e+00	-6.449217027008520287e-01
7.483333333333333393e+00	-5.786541739759889502e-01
7.500000000000000000e+00	-6.419388395581376860e-01
7.516666666666666607e+00	-5.499871399683331497e-01
7.533333333333334103e+00	-5.407759645975372953e-01
7.550000000000000711e+00	-4.714902067474007752e-01
7.566666666666666430e+00	-4.573297736219032461e-01
7.583333333333333037e+00	-4.617841667723420196e-01
7.599999999999999645e+00	-3.870610604248514997e-01
7.616666666666667140e+00	-3.022408992485872137e-01
7.633333333333333748e+00	-3.147768330002578829e-01
7.649999999999999467e+00	-2.811416764377302480e-01
7.666666666666666963e+00	-1.756027477760688238e-01
7.683333333333333570e+00	-1.694713393695884140e-01
7.700000000000001066e+00	-3.638846113443339192e-02
7.716666666666666785e+00	-3.758836246481279952e-02
7.733333333333332504e+00	2.925514297415499759e-02
7.750000000000000000e+00	-1.288815702714436046e-02
7.766666666666666607e+00	7.264723505272702164e-02
7.783333333333334103e+00	1.491486093016568260e-01
7.799999999999999822e+00	2.017798503835781243e-01
7.816666666666667318e+00	2.708438659373352819e-01
7.833333333333333037e+00	3.110146025157218275e-01
7.849999999999999645e+00	3.654277279458128525e-01
7.866666666666667140e+00	3.444492529663786828e-01
7.883333333333332860e+00	4.314501519154988474e-01
7.900000000000000355e+00	4.521854737410924141e-01
7.916666666666666963e+00	5.318409955596304917e-01
7.933333333333334458e+00	5.411468011565089276e-01
7.950000000000000178e+00	5.080159032002337094e-01
7.966666666666665897e+00	6.168070611881271148e-01
7.983333333333333393e+00	5.901010615658591751e-01
8.000000000000000000e+00	5.931307771385171401e-01
8.016666666666667496e+00	6.812219543277627798e-01
8.033333333333333215e+00	6.202619348493089158e-01
8.050000000000000711e+00	7.193592992393391672e-01
8.066666666666666430e+00	6.813185511101137459e-01
8.083333333333332149e+00	7.509552372523788932e-01
8.099999999999999645e+00	7.035782983270920665e-01
8.116666666666667140e+00	6.607120422343110144e-01
8.133333333333334636e+00	7.075853669012894809e-01
8.150000000000000355e+00	6.897829478548660465e-01
8.166666666666667851e+00	6.777828952752245062e-01
8.183333333333333570e+00	5.861366028131066441e-01
8.199999999999999289e+00	6.006353756074018779e-01
8.216666666666666785e+00	5.976257964985786098e-01
8.233333333333332504e+00	5.992248359894307708e-01
8.250000000000000000e+00	5.252845568403713417e-01
8.266666666666665719e+00	5.108413492009233892e-01
8.283333333333334991e+00	5.190198925088510551e-01
8.300000000000000711e+00	3.447607000145108680e-01
8.316666666666666430e+00	4.102015956474218683e-01
8.333333333333333925e+00	3.355513675852324629e-01
8.349999999999999645e+00	2.923988493412826295e-01
8.366666666666667140e+00	2.136271736426056944e-01
8.383333333333332860e+00	2.124217067554316496e-01
8.400000000000000355e+00	1.696895225808770502e-01
8.416666666666666075e+00	4.945395920198245032e-02
8.433333333333333570e+00	2.675827022151178181e-02
8.450000000000001066e+00	4.391407221908598391e-02
8.466666666666666785e+00	-8.312569139174204313e-02
8.483333333333334281e+00	-5.500523585949874950e-02
8.500000000000000000e+00	-1.496453417976336964e-01
8.516666666666667496e+00	-1.847309873869905084e-01
8.533333333333333215e+00	-2.619695915994908475e-01
8.549999999999998934e+00	-3.148665717893057714e-01
8.566666666666666430e+00	-3.558245742513005960e-01
8.583333333333332149e+00	-3.530175728509339916e-01
8.600000000000001421e+00	-4.327511250347774729e-01
8.616666666666667140e+00	-5.103943732485963780e-01
8.633333333333334636e+00	-5.100517766140332254e-01
8.650000000000000355e+00	-5.341899229562500073e-01
8.666666666666666075e+00	-5.732609856090985501e-01
8.683333333333333570e+00	-5.945245576339207583e-01
8.699999999999999289e+00	-6.495947739987593117e-01
8.716666666666666785e+00	-5.889483290282903072e-01
8.733333333333332504e+00	-6.613579686846970951e-01
8.750000000000001776e+00	-7.025056988086111343e-01
8.766666666666667496e+00	-6.299636401447087364e-01
8.783333333333333215e+00	-6.965388169064897772e-01
8.800000000000000711e+00	-7.025960009395043615e-01
8.816666666666666430e+00	-7.306313188698099204e-01
8.833333333333333925e+00	-7.057338205651126906e-01
8.849999999999999645e+00	-6.883329717649141477e-01
8.866666666666667140e+00	-7.069880837974880095e-01
8.883333333333332860e+00	-6.616403953455024523e-01
8.900000000000000355e+00	-6.778225800727674111e-01
8.916666666666667851e+00	-6.549640384770014645e-01
8.933333333333333570e+00	-5.819740867056096834e-01
8.950000000000001066e+00	-5.928868325018403773e-01
8.966666666666666785e+00	-5.889256221883736320e-01
8.983333333333334281e+00	-4.725114850550949930e-01
9.000000000000000000e+00	-4.740878968740269706e-01
9.016666666666665719e+00	-3.934328749175397544e-01
9.033333333333333215e+00	-3.679255934350814106e-01
9.049999999999998934e+00	-3.311587083999579240e-01
9.066666666666668206e+00	-1.864261310693108853e-01
9.083333333333333925e+00	-2.270439648244073627e-01
9.100000000000001421e+00	-1.994523541212959161e-01
9.116666666666667140e+00	-1.745354475807755767e-01
9.133333333333332860e+00	-1.202312971288877763e-01
9.150000000000000355e+00	-2.586153820951299712e-02
9.166666666666666075e+00	4.951449757978365965e-03
9.183333333333333570e+00	2.928986706813966820e-02
9.199999999999999289e+00	1.146566516133619290e-01
9.216666666666666785e+00	1.088353717029867940e-01
9.233333333333334281e+00	2.273725466157311970e-01
9.250000000000000000e+00	2.298586410099967836e-01
9.266666666666667496e+00	2.564347104543532319e-01
9.283333333333333215e+00	3.752472925706487605e-01
9.300000000000000711e+00	4.133339634419486708e-01
9.316666666666666430e+00	4.325233506797256378e-01
9.333333333333333925e+00	4.440340025659157419e-01
9.349999999999999645e+00	4.769479894702109979e-01
9.366666666666665364e+00	4.368328185608605363e-01
9.383333333333334636e+00	5.663955518878055484e-01
9.400000000000000355e+00	5.490476559993637817e-01
9.416666666666667851e+00	5.955056496190845872e-01
9.433333333333333570e+00	6.122076372052142057e-01
9.450000000000001066e+00	6.057930212265235648e-01
9.466666666666666785e+00	5.789281927683567197e-01
9.483333333333332504e+00	6.362206801295806624e-01
9.500000000000000000e+00	6.029120738282061076e-01
9.516666666666665719e+00	6.414247855374182183e-01
9.533333333333333215e+00	5.515336820892002834e-01
9.550000000000000711e+00	5.905210553002689933e-01
9.566666666666668206e+00	5.641989844416692712e-01
9.583333333333333925e+00	5.514278473903188038e-01
9.599999999999999645e+00	4.347209404904636698e-01
9.616666666666667140e+00	5.082403320923180035e-01
9.633333333333332860e+00	4.250175193260237738e-01
9.650000000000000355e+00	4.061686515772596762e-01
9.666666666666666075e+00	4.368200107871055282e-01
9.683333333333333570e+00	4.047140741299070643e-01
9.700000000000001066e+00	3.456233884297388315e-01
9.716666666666666785e+00	3.224200823243281167e-01
9.733333333333334281e+00	3.172053348091926628e-01
9.750000000000000000e+00	2.391568783226370454e-01
9.766666666666667496e+00	1.938767741457386173e-01
9.783333333333333215e+00	1.583258203792934360e-01
9.800000000000000711e+00	1.426103884936748278e-01
9.816666666666666430e+00	8.168285922086512829e-02
9.833333333333332149e+00	4.468085278167514829e-02
9.850000000000001421e+00	3.111159890876843970e-02
9.866666666666667140e+00	3.165080991373589447e-02
9.883333333333334636e+00	9.275889028039729228e-03
9.900000000000000355e+00	-3.605467262824003233e-03
9.916666666666667851e+00	4.039754870912681817e-03
9.933333333333333570e+00	-6.679000222564408784e-02
9.949999999999999289e+00	-9.703664585654710184e-02
9.966666666666666785e+00	-1.004980172497385721e-01
9.983333333333332504e+00	-1.090332693348394777e-01
1.000000000000000000e+01	-1.893734009219448788e-01
1.001666666666666750e+01	-1.424518894069246311e-01
1.003333333333333321e+01	-9.919976386068776741e-02
1.005000000000000071e+01	-1.228077858147911261e-01
1.006666666666666643e+01	-1.425735094883419929e-01
1.008333333333333393e+01	-1.686630604559544166e-01
1.009999999999999964e+01	-1.596770947930610807e-01
1.011666666666666714e+01	-1.354767277669980952e-01
1.013333333333333286e+01	-1.224787915765397223e-01
1.014999999999999858e+01	-2.043640740094442854e-01
1.016666666666666785e+01	-1.059924663104910708e-01
1.018333333333333357e+01	-1.491742920995775823e-01
1.020000000000000107e+01	-2.060152142702573186e-02
1.021666666666666679e+01	-9.606763520128418221e-02
1.023333333333333428e+01	-1.658357971484683557e-01
1.025000000000000000e+01	-1.032235036134229733e-01
1.026666666666666572e+01	-1.420050137626973352e-01
1.028333333333333321e+01	-8.452191425532706859e-02
1.029999999999999893e+01	-2.073429525517109934e-02
1.031666666666666643e+01	-3.916841200391101008e-02
1.033333333333333393e+01	-5.008403939401738503e-02
1.035000000000000142e+01	-2.326062343068345875e-02
1.036666666666666714e+01	-6.738488524738454888e-02
1.038333333333333286e+01	-1.463160715401163464e-02
1.040000000000000036e+01	-6.286713347319194956e-02
1.041666666666666607e+01	1.920384696030872154e-02
1.043333333333333357e+01	1.800030398981535690e-02
1.044999999999999929e+01	-3.572101275593600467e-02
1.046666666666666679e+01	1.822404743892478210e-02
1.048333333333333428e+01	3.454433638815554430e-02
1.050000000000000000e+01	1.747953717587422129e-02
1.051666666666666750e+01	-5.316437889846303833e-02
1.053333333333333321e+01	3.344408339571633415e-02
1.055000000000000071e+01	-5.436609981027232946e-02
1.056666666666666643e+01	2.137391093325507682e-02
1.058333333333333393e+01	2.550248468715242758e-02
1.059999999999999964e+01	-1.803357763497174127e-03
1.061666666666666536e+01	-1.471506587060710143e-02
1.063333333333333286e+01	-6.304190141925014590e-04
1.065000000000000036e+01	-3.323315835658227635e-02
1.066666666666666785e+01	2.385036259395206370e-03
1.068333333333333357e+01	6.771190828308753899e-03
1.070000000000000107e+01	-2.085668430823321012e-02
1.071666666666666679e+01	2.357824502973680098e-02
1.073333333333333250e+01	8.371587388386329820e-03
1.075000000000000000e+01	-9.814931605337764986e-03
1.076666666666666572e+01	-6.079434557105409948e-02
1.078333333333333321e+01	-1.817655134358272043e-02
1.080000000000000071e+01	1.102527051304788390e-02
1.081666666666666821e+01	-2.601670255968199091e-02
1.083333333333333393e+01	2.757461161438620745e-02
1.084999999999999964e+01	-6.274652356686548360e-02
1.086666666666666714e+01	-1.408829735788754388e-02
1.088333333333333286e+01	-3.423120158763021115e-02
1.090000000000000036e+01	6.460708055602963108e-03
1.091666666666666607e+01	4.685788030726172754e-02
1.093333333333333357e+01	2.632219035800472881e-02
1.095000000000000107e+01	6.309560109726719546e-03
1.096666666666666679e+01	1.544320384491160983e-03
1.098333333333333428e+01	-3.342378020660271426e-02
1.100000000000000000e+01	3.184676303132689956e-02
1.101666666666666750e+01	2.839462112378159792e-02
1.103333333333333321e+01	2.022812202125062048e-02
1.105000000000000071e+01	-2.630503890740575404e-02
1.106666666666666643e+01	4.468994796155170007e-03
1.108333333333333215e+01	-2.672562880390443041e-02
1.109999999999999964e+01	2.225171890870846630e-02
1.111666666666666714e+01	8.370915411620534138e-03
1.113333333333333464e+01	-9.542726353331589320e-03
1.115000000000000036e+01	1.065369928030663813e-02
1.116666666666666785e+01	1.859040078666232554e-02
1.118333333333333357e+01	-2.204014210231429460e-02
1.119999999999999929e+01	-3.321964677896910301e-02
1.121666666666666679e+01	6.491546981550267229e-03
1.123333333333333250e+01	2.893452443607920366e-02
1.125000000000000000e+01	1.630526250221764686e-02
1.126666666666666750e+01	3.606508656847769666e-04
1.128333333333333499e+01	2.148735103193829404e-02
1.130000000000000071e+01	1.261567281868394407e-03
1.131666666666666643e+01	-8.063124107163270951e-03
1.133333333333333393e+01	-7.528837509172925206e-04
1.134999999999999964e+01	-5.504980178206510949e-02
1.136666666666666714e+01	4.550016687731127385e-02
1.138333333333333286e+01	-4.471944583300256452e-03
1.140000000000000036e+01	-9.637727393488406151e-04
1.141666666666666607e+01	4.089802076054820101e-02
1.143333333333333357e+01	3.534298642539031310e-02
1.145000000000000107e+01	-2.496817449761368560e-02
1.146666666666666679e+01	-2.849430707165422419e-02
1.148333333333333428e+01	-4.257633111900189365e-02
1.150000000000000000e+01	3.659762236019591802e-02
1.151666666666666750e+01	-4.487173314587891704e-02
1.153333333333333321e+01	5.918645531844468621e-02
1.154999999999999893e+01	-2.623548260615429784e-02
1.156666666666666643e+01	2.214299814450773618e-02
1.158333333333333393e+01	3.678380553848208806e-02
1.160000000000000142e+01	1.449490826772114986e-02
1.161666666666666714e+01	-3.112620040561658863e-02
1.163333333333333464e+01	-7.707636902987442112e-03
1.165000000000000036e+01	1.199208703781481748e-02
1.166666666666666607e+01	2.874413199355742299e-02
1.168333333333333357e+01	1.336024950601335214e-02
1.169999999999999929e+01	-2.464377419857359877e-02
1.171666666666666679e+01	-2.692132100765615155e-02
1.173333333333333250e+01	2.416801737238493189e-02
1.175000000000000178e+01	-6.295357640086055896e-03
1.176666666666666750e+01	3.925630365264837218e-02
1.178333333333333321e+01	2.815382629602575931e-02
1.180000000000000071e+01	7.398637699759378489e-03
1.181666666666666643e+01	3.036960598291570460e-02
1.183333333333333393e+01	5.598091675352338814e-02
1.184999999999999964e+01	-3.537261598772507691e-04
1.186666666666666714e+01	4.088637986550715947e-02
1.188333333333333286e+01	-9.066127343642651007e-03
1.190000000000000036e+01	2.216440353253855758e-02
1.191666666666666785e+01	-2.521736378769821527e-02
1.193333333333333357e+01	-8.739376930144465011e-03
1.195000000000000107e+01	1.866137526068907884e-02
1.196666666666666679e+01	-3.710211163196630579e-02
1.198333333333333428e+01	-9.366507849948515693e-03
1.200000000000000000e+01	1.476621705960966952e-02
1.201666666666666572e+01	3.758705780302192684e-02
1.203333333333333321e+01	-5.375837929858570674e-02
1.205000000000000071e+01	2.795083224144909867e-02
1.206666666666666821e+01	3.673882172703060462e-03
1.208333333333333393e+01	-7.735505754764865349e-02
1.210000000000000142e+01	-7.155068460173069633e-02
1.211666666666666714e+01	-1.741884611409720909e-02
1.213333333333333286e+01	-2.216605078082632338e-02
1.215000000000000036e+01	-3.452665279843495499e-02
1.216666666666666607e+01	-9.812391342547722994e-03
1.218333333333333357e+01	1.390691935013741755e-02
1.219999999999999929e+01	1.143776069637151595e-02
1.221666666666666856e+01	6.486806086480187417e-02
1.223333333333333428e+01	-5.181904880948705674e-03
1.225000000000000000e+01	-3.277327773329703070e-02
1.226666666666666750e+01	2.062705548785967458e-02
1.228333333333333321e+01	-4.066381934624294786e-02
1.230000000000000071e+01	-4.665198440702509816e-03
1.231666666666666643e+01	-4.585478554090839654e-02
1.233333333333333393e+01	-4.862941980875955077e-03
1.234999999999999964e+01	3.301620286297438089e-02
1.236666666666666714e+01	-9.228892207118432039e-04
1.238333333333333464e+01	-3.000579181810740514e-02
1.240000000000000036e+01	-9.036147113321976385e-03
1.241666666666666785e+01	-5.703289904950148946e-03
1.243333333333333357e+01	3.484858105021476637e-02
1.245000000000000107e+01	1.023258359044826038e-01
1.246666666666666679e+01	4.108166961170255788e-02
1.248333333333333250e+01	3.732978947642294140e-03
1.250000000000000000e+01	2.010900137303464966e-02
1.251666666666666572e+01	7.018975781905746093e-03
1.253333333333333499e+01	-4.151956405891896879e-02
1.255000000000000071e+01	-4.136868176763192767e-03
1.256666666666666821e+01	-4.287392451928103559e-02
1.258333333333333393e+01	2.697470818636412554e-02
1.259999999999999964e+01	4.332080720930518020e-02
1.261666666666666714e+01	2.135889869885556139e-02
1.263333333333333286e+01	5.174170041663155029e-02
1.265000000000000036e+01	-1.337477289085762210e-02
1.266666666666666607e+01	-3.601881770358442147e-02
1.268333333333333357e+01	-1.931764294029442858e-02
1.270000000000000107e+01	1.068632765075555255e-02
1.271666666666666679e+01	1.277503169747684804e-02
1.273333333333333428e+01	-5.728861220552994987e-02
1.275000000000000000e+01	-1.160969363605595349e-02
1.276666666666666750e+01	-2.267107235561035498e-03
1.278333333333333321e+01	-2.686260953005565298e-03
1.279999999999999893e+01	-1.886903689077545215e-02
1.281666666666666643e+01	-1.186091538212220679e-02
1.283333333333333215e+01	2.381315068245732150e-02
1.285000000000000142e+01	-3.349421757663330335e-02
1.286666666666666714e+01	-8.404607529017815151e-04
1.288333333333333464e+01	-7.711039375118033945e-02
1.290000000000000036e+01	-3.431431120602872198e-02
1.291666666666666607e+01	-2.967599933399603374e-02
1.293333333333333357e+01	1.785703045493984217e-02
1.294999999999999929e+01	2.786381398745344656e-02
1.296666666666666679e+01	-3.288773169819777208e-03
1.298333333333333250e+01	1.386108415189872328e-03
1.300000000000000178e+01	2.385083920678698899e-02
1.301666666666666750e+01	-3.129771786350365320e-02
1.303333333333333321e+01	-6.613823543526091767e-03
1.305000000000000071e+01	-4.031520093128392046e-02
1.306666666666666643e+01	-5.152288912711705353e-03
1.308333333333333393e+01	-7.011599412097338328e-03
1.309999999999999964e+01	2.724170135283767238e-02
1.311666666666666714e+01	-4.480138461249968257e-02
1.313333333333333286e+01	-2.510298420425684934e-02
1.314999999999999858e+01	2.903829425787242836e-03
1.316666666666666785e+01	4.607770950752719530e-02
1.318333333333333357e+01	2.583516414481018542e-02
1.320000000000000107e+01	3.879208919804871813e-02
1.321666666666666679e+01	4.335636681089144462e-02
1.323333333333333428e+01	-5.627073441480999472e-02
1.325000000000000000e+01	-7.851135423135511410e-03
1.326666666666666572e+01	2.471048169205142253e-02
1.328333333333333321e+01	9.503918542506665981e-04
1.329999999999999893e+01	4.412749190875776134e-02
1.331666666666666821e+01	1.683063343661479402e-02
1.333333333333333393e+01	-8.876325573844247308e-03
1.335000000000000142e+01	-1.694173808635734968e-02
1.336666666666666714e+01	2.584167609742943350e-02
1.338333333333333286e+01	-3.568527837053754159e-03
1.340000000000000036e+01	3.729314637692262430e-02
1.341666666666666607e+01	3.742921957095008550e-02
1.343333333333333357e+01	8.438935808705841368e-02
1.344999999999999929e+01	-1.311492711305168798e-02
1.346666666666666679e+01	-4.738640811466642011e-02
1.348333333333333428e+01	2.842728723932633986e-03
1.350000000000000000e+01	3.624927110181477147e-02
1.351666666666666750e+01	-1.560198930251794659e-02
1.353333333333333321e+01	6.790201136891429665e-03
1.355000000000000071e+01	-1.578731497496997649e-02
1.356666666666666643e+01	-6.002244740375182325e-02
1.358333333333333393e+01	-5.122764383925890175e-02
1.359999999999999964e+01	1.428089867973795363e-02
1.361666666666666536e+01	5.070736704555489638e-03
1.363333333333333464e+01	-4.779211266373873702e-03
1.365000000000000036e+01	-2.627718921473379612e-02
1.366666666666666785e+01	7.414182588098126858e-02
1.368333333333333357e+01	-5.135631362132102827e-03
1.370000000000000107e+01	1.853934735709977799e-02
1.371666666666666679e+01	-3.212839579762915426e-02
1.373333333333333250e+01	2.304261585246337660e-02
1.375000000000000000e+01	3.467770362691984659e-02
1.376666666666666572e+01	3.936278784618572196e-02
1.378333333333333321e+01	7.639916987440627597e-03
1.380000000000000071e+01	1.227002480743233717e-02
1.381666666666666821e+01	-3.371679023296594163e-02
1.383333333333333393e+01	-1.489061855990312863e-02
1.384999999999999964e+01	-1.984973980721154233e-02
1.386666666666666714e+01	-1.545607925899520133e-02
1.388333333333333286e+01	2.934082424483499749e-02
1.390000000000000036e+01	1.303730465844294382e-02
1.391666666666666607e+01	-2.766940341101794751e-02
1.393333333333333357e+01	-7.688219436825570116e-03
1.395000000000000107e+01	-2.462580490515843545e-02
1.396666666666666679e+01	2.772404308129307240e-03
1.398333333333333428e+01	-6.007847680458813094e-02
1.400000000000000000e+01	-1.480364909768702372e-02
1.401666666666666750e+01	-1.493742376866595209e-02
1.403333333333333321e+01	5.482383084006962892e-02
1.405000000000000071e+01	3.845044936937628329e-03
1.406666666666666643e+01	-1.938253915130276964e-02
1.408333333333333215e+01	-1.352977720928149295e-02
1.409999999999999964e+01	7.870769744775584636e-03
1.411666666666666714e+01	-7.140926548992098874e-03
1.413333333333333464e+01	-6.039211435795065197e-02
1.415000000000000036e+01	-2.983339137132152985e-02
1.416666666666666785e+01	1.781855726359526243e-02
1.418333333333333357e+01	-5.011346442265007806e-02
1.419999999999999929e+01	-3.169182116546871708e-02
1.421666666666666679e+01	-5.017420458889810999e-04
1.423333333333333250e+01	2.224553280476763290e-02
1.425000000000000000e+01	2.561439649631573265e-02
1.426666666666666750e+01	4.103379862968286121e-03
1.428333333333333499e+01	5.118665503080588319e-02
1.430000000000000071e+01	2.112009803710463915e-02
1.431666666666666643e+01	-1.174037779652179619e-02
1.433333333333333393e+01	1.644759692151041700e-04
1.434999999999999964e+01	-2.744479034568425915e-02
1.436666666666666714e+01	-2.081370188894781162e-02
1.438333333333333286e+01	1.061577462701582611e-02
1.440000000000000036e+01	-3.134593754638252683e-03
1.441666666666666785e+01	3.844637370579062630e-02
1.443333333333333357e+01	-3.552034144074883715e-02
1.445000000000000107e+01	3.400016257705554268e-02
1.446666666666666679e+01	1.483854967589623257e-02
1.448333333333333428e+01	9.030522947286076865e-03
1.450000000000000000e+01	-1.614355532040416541e-02
1.451666666666666750e+01	-1.421727527677700900e-02
1.453333333333333321e+01	-5.045156171513567531e-03
1.454999999999999893e+01	7.677726403017617060e-04
1.456666666666666643e+01	5.073027563733861073e-02
1.458333333333333393e+01	-5.853306826521091112e-03
1.460000000000000142e+01	-5.658377337683241637e-02
1.461666666666666714e+01	-1.384906307553679730e-02
1.463333333333333464e+01	2.746198485597981312e-02
1.465000000000000036e+01	-6.970305826724471077e-02
1.466666666666666607e+01	-7.061940360017440743e-02
1.468333333333333357e+01	-3.228841469236150979e-02
1.469999999999999929e+01	-1.377416148296661206e-03
1.471666666666666679e+01	-6.291785127548663297e-04
1.473333333333333428e+01	-3.857606389218359161e-02
1.475000000000000178e+01	-3.532356476754090757e-02
1.476666666666666750e+01	-3.262032050502933211e-02
1.478333333333333321e+01	3.182778931488682017e-02
1.480000000000000071e+01	-5.484303110128730188e-03
1.481666666666666643e+01	-9.319914553249868117e-03
1.483333333333333393e+01	-3.786313613575111731e-02
1.484999999999999964e+01	-4.528942773603036875e-02
1.486666666666666714e+01	-2.342376548831151192e-02
1.488333333333333286e+01	3.088442061796870669e-02
1.490000000000000036e+01	7.572041833566516868e-03
1.491666666666666785e+01	-2.017269472728611124e-02
1.493333333333333357e+01	6.681301733320613168e-03
1.495000000000000107e+01	-5.946100156219856492e-02
1.496666666666666679e+01	2.850167436826678280e-02
1.498333333333333428e+01	-2.437753805608162266e-02
1.500000000000000000e+01	-2.265382478569405791e-02
1.501666666666666572e+01	3.466306710278500847e-02
1.503333333333333321e+01	5.828095428821972179e-02
1.505000000000000071e+01	3.423949262493436452e-02
1.506666666666666821e+01	4.147056285850592855e-02
1.508333333333333393e+01	-1.897599542991777050e-02
1.510000000000000142e+01	-2.267725015684127557e-02
1.511666666666666714e+01	-3.916639876361599493e-02
1.513333333333333286e+01	2.441202232067290687e-03
1.515000000000000036e+01	1.894093310136635289e-02
1.516666666666666607e+01	-8.038406983632258654e-03
1.518333333333333357e+01	-1.927342306937271030e-04
1.519999999999999929e+01	2.122214310110890484e-02
1.521666666666666856e+01	-2.376970802282590486e-02
1.523333333333333428e+01	4.505178790823629459e-02
1.525000000000000000e+01	6.672206314916996964e-03
1.526666666666666750e+01	1.571276582401621297e-02
1.528333333333333321e+01	7.965849081346076249e-03
1.529999999999999893e+01	-2.058222037163944668e-02
1.531666666666666821e+01	-7.820967117574956218e-02
1.533333333333333393e+01	2.583849965718539726e-02
1.534999999999999964e+01	-6.019776062757506430e-02
1.536666666666666714e+01	-2.642421749803239642e-02
1.538333333333333286e+01	3.437311296887810702e-02
1.540000000000000213e+01	-1.390284570927539411e-02
1.541666666666666785e+01	-3.814721653358905951e-02
1.543333333333333357e+01	1.039693585723597616e-02
1.544999999999999929e+01	-2.965773656785031590e-02
1.546666666666666501e+01	6.295314801883057990e-03
1.548333333333333428e+01	-1.371494489381354571e-04
1.550000000000000000e+01	-2.284837905153239493e-02
1.551666666666666750e+01	-6.300948906426306201e-03
1.553333333333333321e+01	3.187671276094258127e-02
1.555000000000000249e+01	-7.613702576125768590e-03
1.556666666666666821e+01	-5.435855541281118739e-03
1.558333333333333393e+01	-4.441588916828671796e-02
1.559999999999999964e+01	-5.539362020604216008e-02
1.561666666666666536e+01	2.834779459126942139e-02
1.563333333333333464e+01	1.682058654602595904e-02
1.565000000000000036e+01	-1.081432295528237005e-02
1.566666666666666607e+01	-1.029519512660900110e-02
1.568333333333333357e+01	-8.142934117383097926e-04
1.569999999999999929e+01	1.743212421083110281e-02
1.571666666666666856e+01	1.441672769585049078e-02
1.573333333333333428e+01	-3.023288176099518665e-02
1.575000000000000000e+01	9.100195296304394374e-03
1.576666666666666572e+01	-1.732415971121945833e-03
1.578333333333333499e+01	-3.330660936838817070e-03
1.580000000000000071e+01	3.909534206373786215e-03
1.581666666666666643e+01	3.449166414448740121e-04
1.583333333333333393e+01	7.568850659194623076e-02
1.584999999999999964e+01	-7.364101978771087076e-02
1.586666666666666892e+01	-2.207341117960540458e-02
1.588333333333333464e+01	3.280923555130064138e-03
1.590000000000000036e+01	-1.241047715852210305e-02
1.591666666666666607e+01	-5.751253110884503491e-05
1.593333333333333179e+01	4.997904899702402398e-02
1.595000000000000107e+01	-1.862324837500778027e-02
1.596666666666666679e+01	2.578096128092344230e-02
1.598333333333333250e+01	-7.332371464490838008e-03
1.600000000000000000e+01	-1.387288499271534768e-02
1.601666666666666927e+01	4.933770921649392044e-02
1.603333333333333499e+01	-5.274304211453378910e-02
1.605000000000000071e+01	8.822751607292910608e-03
1.606666666666666643e+01	-2.206792353445672164e-02
1.608333333333333215e+01	-3.101372251480379386e-02
1.610000000000000142e+01	-5.012329584856753395e-02
1.611666666666666714e+01	-2.522783928386270261e-02
1.613333333333333286e+01	-1.684154178549729375e-02
1.614999999999999858e+01	3.895480605523209041e-03
1.616666666666666430e+01	1.507744650837082416e-02
1.618333333333333357e+01	-4.777547126740970193e-03
1.619999999999999929e+01	-1.470666312495147194e-03
1.621666666666666501e+01	4.317539265838980095e-02
1.623333333333333428e+01	-4.062574164741353591e-03
1.625000000000000355e+01	-3.907113487912735467e-02
1.626666666666666927e+01	-2.258651943026443107e-02
1.628333333333333499e+01	1.456273604613830645e-02
1.630000000000000071e+01	-9.957307480876425795e-03
1.631666666666666643e+01	-3.055311579284734555e-02
1.633333333333333570e+01	4.139435486637935147e-02
1.635000000000000142e+01	-3.143723163376741566e-03
1.636666666666666714e+01	5.079877495245591068e-03
1.638333333333333286e+01	2.265738620508798984e-02
1.639999999999999858e+01	3.544840546887611382e-02
1.641666666666666785e+01	-4.062081013048494949e-02
1.643333333333333357e+01	1.180039214330571868e-03
1.644999999999999929e+01	2.209036844281477702e-02
1.646666666666666501e+01	1.751880195320882835e-02
1.648333333333333428e+01	-1.071489276182254619e-02
1.650000000000000000e+01	-2.702170267871254958e-02
1.651666666666666572e+01	-2.928080105545254400e-03
1.653333333333333144e+01	9.693896661872205070e-03
1.655000000000000071e+01	-5.721206366411087790e-02
1.656666666666666998e+01	-8.398716642056826623e-03
1.658333333333333570e+01	1.366032796503556350e-03
1.660000000000000142e+01	7.943260000059652534e-03
1.661666666666666714e+01	-2.309897658556257696e-03
1.663333333333333286e+01	1.915631086397344765e-02
1.665000000000000213e+01	-6.752981903797078411e-02
1.666666666666666785e+01	1.808745448420806534e-02
1.668333333333333357e+01	-4.031065959590237474e-03
1.669999999999999929e+01	-1.103592760709470183e-02
1.671666666666666856e+01	-5.540340943043856048e-02
1.673333333333333428e+01	-1.081128035282266295e-02
1.675000000000000000e+01	-2.510310555774282470e-02
1.676666666666666572e+01	2.585386599634032639e-02
1.678333333333333144e+01	-2.428353220167544634e-03
1.680000000000000071e+01	3.199480567837533623e-02
1.681666666666666643e+01	1.018620486387312833e-02
1.683333333333333215e+01	-2.572016150449686275e-02
1.684999999999999787e+01	-2.897451240778995199e-02
1.686666666666666714e+01	-2.746150441615006002e-02
1.688333333333333641e+01	4.698373172137552262e-02
1.690000000000000213e+01	-6.658061610700609367e-02
1.691666666666666785e+01	6.287460941828766810e-04
1.693333333333333357e+01	5.435804492356215503e-03
1.695000000000000284e+01	-1.359636946516038988e-02
1.696666666666666856e+01	-1.193143651396873922e-02
1.698333333333333428e+01	-2.990430173230316721e-02
1.700000000000000000e+01	2.033166410101810637e-02
1.701666666666666572e+01	2.914270335783037888e-02
1.703333333333333499e+01	3.685965183115796906e-02
1.705000000000000071e+01	-1.826585282514250896e-02
1.706666666666666643e+01	3.692239147599787885e-02
1.708333333333333215e+01	3.464040319342671231e-02
1.709999999999999787e+01	-6.351853370837354067e-03
1.711666666666666714e+01	4.124681176066884863e-02
1.713333333333333286e+01	3.441427233981861344e-02
1.714999999999999858e+01	1.816554849024653445e-02
1.716666666666666430e+01	-3.569208572452338933e-03
1.718333333333333357e+01	2.747022933667716757e-02
1.720000000000000284e+01	6.518851540062545235e-04
1.721666666666666856e+01	4.095034600862144936e-02
1.723333333333333428e+01	2.371670118122983818e-03
1.725000000000000000e+01	2.391358347446502497e-02
1.726666666666666927e+01	5.836558654492433190e-02
1.728333333333333499e+01	-3.267204402076884923e-02
1.730000000000000071e+01	4.257622552329048959e-02
1.731666666666666643e+01	-3.741266471558756662e-02
1.733333333333333215e+01	2.965827329340859839e-02
1.735000000000000142e+01	2.807466963690582323e-02
1.736666666666666714e+01	3.067407296612577328e-02
1.738333333333333286e+01	8.887740987305518814e-02
1.739999999999999858e+01	-1.932801195358428703e-02
1.741666666666666430e+01	2.012768099066936794e-02
1.743333333333333357e+01	6.610520910519902815e-02
1.744999999999999929e+01	-2.923703155909215118e-02
1.746666666666666501e+01	-2.777010059953799112e-02
1.748333333333333428e+01	1.958500294994303462e-02
1.750000000000000355e+01	-7.617006840878269569e-02
1.751666666666666927e+01	-5.400559537319109260e-02
1.753333333333333499e+01	4.262357055538729816e-02
1.755000000000000071e+01	-2.034674359233396360e-02
1.756666666666666643e+01	-3.908569334812977275e-02
1.758333333333333570e+01	5.491193320001430851e-03
1.760000000000000142e+01	-2.654730492318385648e-02
1.761666666666666714e+01	5.439593798938668900e-02
1.763333333333333286e+01	-3.003422827664619949e-03
1.764999999999999858e+01	-1.947851363116923779e-02
1.766666666666666785e+01	2.333062770983735951e-03
1.768333333333333357e+01	8.494816984072879260e-03
1.769999999999999929e+01	7.911259611793494684e-03
1.771666666666666501e+01	-7.596347979266192263e-03
1.773333333333333428e+01	-1.151315745504203313e-02
1.775000000000000000e+01	-3.646627899378460103e-02
1.776666666666666572e+01	1.782211446082962577e-03
1.778333333333333144e+01	-3.316434722866631185e-02
1.780000000000000071e+01	1.987185935107891113e-02
1.781666666666666998e+01	3.130130883798031699e-02
1.783333333333333570e+01	5.392565258137931722e-02
1.785000000000000142e+01	-3.613180552047288302e-02
1.786666666666666714e+01	-1.072879850314355232e-02
1.788333333333333286e+01	8.680356723780820183e-02
1.790000000000000213e+01	-1.467786155209389008e-02
1.791666666666666785e+01	1.465776579714548299e-02
1.793333333333333357e+01	-1.455607320800427797e-02
1.794999999999999929e+01	7.905907442244462791e-02
1.796666666666666856e+01	-7.006363232890218395e-02
1.798333333333333428e+01	4.049730526022986971e-02
1.800000000000000000e+01	-4.300928210070229657e-02
1.801666666666666572e+01	-2.068890796153576104e-03
1.803333333333333144e+01	3.107587194646061618e-02
1.805000000000000071e+01	-5.181242524447485925e-02
1.806666666666666643e+01	1.160780966831619077e-02
1.808333333333333215e+01	3.990898634438777570e-02
1.809999999999999787e+01	-6.125834351779616688e-02
1.811666666666666714e+01	6.179621415701711494e-03
1.813333333333333641e+01	9.465918354213218033e-03
1.815000000000000213e+01	-6.157532763156655341e-03
1.816666666666666785e+01	3.647911821540174293e-02
1.818333333333333357e+01	-6.533186428673104507e-02
1.820000000000000284e+01	-1.978484989971824801e-02
1.821666666666666856e+01	-2.569486046988047473e-02
1.823333333333333428e+01	3.966546687567135132e-02
1.825000000000000000e+01	-5.570718614243466704e-02
1.826666666666666572e+01	-4.744261754857526797e-03
1.828333333333333499e+01	-2.954827007433061953e-02
1.830000000000000071e+01	4.451447446744617731e-02
1.831666666666666643e+01	7.447856200425786305e-03
1.833333333333333215e+01	-5.878897618107558481e-02
1.834999999999999787e+01	2.962171788345518281e-02
1.836666666666666714e+01	-4.251001550226578968e-02
1.838333333333333286e+01	2.945933676658806649e-02
1.839999999999999858e+01	-2.636538315636626287e-02
1.841666666666666430e+01	-2.389877737940801841e-02
1.843333333333333357e+01	-3.958396270842210601e-02
1.845000000000000284e+01	2.487412825877812275e-02
1.846666666666666856e+01	3.629788748876282972e-02
1.848333333333333428e+01	-6.489911612385777795e-02
1.850000000000000000e+01	3.202224841381426379e-02
1.851666666666666927e+01	1.027485268182665818e-03
1.853333333333333499e+01	4.448033797431959202e-02
1.855000000000000071e+01	7.462286667457435942e-03
1.856666666666666643e+01	-5.334492711833366263e-03
1.858333333333333215e+01	-1.851896625786217040e-02
1.860000000000000142e+01	6.753244532077072983e-04
1.861666666666666714e+01	-2.689780417446544641e-02
1.863333333333333286e+01	2.926507590533245200e-04
1.864999999999999858e+01	4.099676039768779950e-02
1.866666666666666785e+01	2.508291064918385504e-03
1.868333333333333357e+01	2.561490861703486291e-02
1.869999999999999929e+01	-2.176121411672764586e-02
1.871666666666666501e+01	-4.979850394405866548e-02
1.873333333333333073e+01	3.962982294571760350e-02
1.875000000000000000e+01	-2.538203425764743587e-02
1.876666666666666927e+01	2.599381742137235260e-02
1.878333333333333499e+01	-8.318079584105138313e-03
1.880000000000000071e+01	2.046152629934751277e-02
1.881666666666666643e+01	-1.709828237261178455e-02
1.883333333333333570e+01	9.815025934113845094e-03
1.885000000000000142e+01	2.920298610872320427e-02
1.886666666666666714e+01	5.326283339713720755e-02
1.888333333333333286e+01	9.639469603331379116e-03
1.890000000000000213e+01	-4.320405390320802147e-02
1.891666666666666785e+01	2.236485799827455864e-02
1.893333333333333357e+01	5.471416062110398548e-02
1.894999999999999929e+01	-3.789918998164942820e-03
1.896666666666666501e+01	-4.973266617360486141e-02
1.898333333333333428e+01	-5.870821028791058972e-03
1.900000000000000000e+01	9.026830427837646831e-03
1.901666666666666572e+01	-1.514746091263275037e-02
1.903333333333333144e+01	1.082481675309874582e-02
1.904999999999999716e+01	-8.313194152776242490e-03
1.906666666666666643e+01	2.032218639348315134e-02
1.908333333333333570e+01	-5.939859472937756429e-02
1.910000000000000142e+01	-1.391412649127139224e-02
1.911666666666666714e+01	-6.072298476949176266e-02
1.913333333333333641e+01	-1.838849428600512412e-02
1.915000000000000213e+01	1.301623275347752948e-02
1.916666666666666785e+01	3.443077109668640085e-02
1.918333333333333357e+01	1.804131901827994364e-02
1.919999999999999929e+01	2.054981452510947632e-02
1.921666666666666856e+01	-3.383717238826398216e-02
1.923333333333333428e+01	8.247421812667186589e-03
1.925000000000000000e+01	7.336769156876246645e-02
1.926666666666666572e+01	-3.508090142424256930e-02
1.928333333333333144e+01	1.141739998283147241e-02
1.930000000000000071e+01	2.555760504132320934e-02
1.931666666666666643e+01	2.043228835485618421e-03
1.933333333333333215e+01	1.829870255158485420e-02
1.934999999999999787e+01	-5.010430071590959988e-02
1.936666666666666714e+01	-4.052056326961588073e-02
1.938333333333333641e+01	4.819332120881635040e-02
1.940000000000000213e+01	-1.291478494942675977e-02
1.941666666666666785e+01	-1.732346108483514766e-02
1.943333333333333357e+01	-3.488843895951435070e-02
1.945000000000000284e+01	1.702494794806210313e-02
1.946666666666666856e+01	-2.271216243837266904e-02
1.948333333333333428e+01	-3.055670965102626202e-02
1.950000000000000000e+01	6.536975187787234104e-03
1.951666666666666572e+01	6.494920162196778091e-02
1.953333333333333499e+01	3.331322546983941923e-02
1.955000000000000071e+01	3.484770467236685682e-02
1.956666666666666643e+01	6.893456769879710566e-02
1.958333333333333215e+01	3.280694860089938825e-02
1.960000000000000142e+01	-7.331367041475674549e-03
1.961666666666666714e+01	1.125555663422936337e-02
1.963333333333333286e+01	-1.721997201538853425e-02
1.964999999999999858e+01	-2.298014414231384916e-02
1.966666666666666430e+01	-6.489872016616780870e-02
1.968333333333333357e+01	-2.730869473003249333e-03
1.970000000000000284e+01	-6.079846141155657163e-02
1.971666666666666856e+01	-6.613683674706826408e-03
1.973333333333333428e+01	2.964671069274571816e-02
1.975000000000000000e+01	-2.091190640055240815e-02
1.976666666666666927e+01	-2.679260257510486867e-02
1.978333333333333499e+01	1.366652842104688209e-02
1.980000000000000071e+01	-7.277150621265673263e-04
1.981666666666666643e+01	-8.299034936377458482e-03
1.983333333333333570e+01	-7.724323840239193280e-03
1.985000000000000142e+01	-1.929193372783770486e-03
1.986666666666666714e+01	6.413187874849990942e-03
1.988333333333333286e+01	1.863034731498451266e-02
1.989999999999999858e+01	5.242358451686453952e-02
1.991666666666666785e+01	4.440889941065973012e-02
1.993333333333333357e+01	-4.075803196951144347e-02
1.994999999999999929e+01	-2.389592391244847736e-02
1.996666666666666501e+01	-4.146694592334024265e-02
1.998333333333333073e+01	-9.673266200150793317e-03
2.000000000000000000e+01	-1.239119968296155557e-04
2.001666666666666927e+01	-8.126218213543208446e-05
2.003333333333333499e+01	3.816200506856962799e-02
2.005000000000000071e+01	-3.463112518810913809e-02
2.006666666666666643e+01	5.045166420542029212e-02
2.008333333333333570e+01	-1.604904932564534328e-02
2.010000000000000142e+01	1.749294970116182721e-02
2.011666666666666714e+01	-4.300610748646286480e-02
2.013333333333333286e+01	1.125388067401179339e-02
2.015000000000000213e+01	-2.355648924265865696e-02
2.016666666666666785e+01	-1.259600805560223691e-02
2.018333333333333357e+01	1.894578457630960097e-02
2.019999999999999929e+01	-5.478776269581950298e-02
2.021666666666666501e+01	5.859749447511892377e-04
2.023333333333333428e+01	2.774008486094295053e-02
2.025000000000000000e+01	-4.234309538097206886e-03
2.026666666666666572e+01	-2.536160582280043083e-02
2.028333333333333144e+01	-1.989354704277910765e-02
2.029999999999999716e+01	6.393061195302883470e-02
2.031666666666666643e+01	3.600509544324134031e-02
2.033333333333333570e+01	6.451641380116791488e-03
2.035000000000000142e+01	-6.831844831443355248e-02
2.036666666666666714e+01	-1.045986675438913271e-02
2.038333333333333641e+01	-3.334511610998085879e-02
2.040000000000000213e+01	2.197396781945871319e-02
2.041666666666666785e+01	-8.005825104423781868e-02
2.043333333333333357e+01	1.139325560417769325e-04
2.044999999999999929e+01	-3.611695837848191010e-02
2.046666666666666856e+01	2.679926752553748320e-02
2.048333333333333428e+01	-5.858982790111277178e-03
2.050000000000000000e+01	1.062399726218732007e-02
2.051666666666666572e+01	-6.978328934817828837e-03
2.053333333333333144e+01	-1.797347765181579737e-02
2.055000000000000071e+01	4.487840625658769816e-02
2.056666666666666643e+01	1.886435027363262155e-03
2.058333333333333215e+01	5.673309574133038324e-02
2.059999999999999787e+01	-3.041758101183323487e-02
2.061666666666666714e+01	-4.026116817601737424e-02
2.063333333333333286e+01	-5.383551038700425118e-02
2.065000000000000213e+01	6.002135530304705119e-02
2.066666666666666785e+01	-4.606799133977548810e-02
