Time_us	Received_Shear
0.000000000000000000e+00	-6.981844964935188247e-02
1.666666666666666644e-02	1.232244644668513411e-02
3.333333333333333287e-02	-1.007467411527303638e-02
4.999999999999999584e-02	-8.296357642058550808e-02
6.666666666666666574e-02	1.635809521096033906e-02
8.333333333333334259e-02	-4.524731953560784392e-02
9.999999999999999167e-02	1.352256414111435018e-02
1.166666666666666685e-01	-3.546919188640568384e-03
1.333333333333333315e-01	1.392896473946566779e-02
1.499999999999999944e-01	-1.331405624410814809e-02
1.666666666666666852e-01	-6.334174947451096105e-02
1.833333333333333204e-01	-5.217289346533705852e-02
1.999999999999999833e-01	-1.136101225302423023e-01
2.166666666666666741e-01	-1.260355467059451617e-01
2.333333333333333370e-01	-9.584820781363569131e-02
2.500000000000000000e-01	-1.677489456461786210e-01
2.666666666666666630e-01	2.346089753631491748e-02
2.833333333333333814e-01	-1.744941260888225459e-02
2.999999999999999889e-01	4.935281258564823414e-02
3.166666666666666519e-01	3.766655340778048838e-02
3.333333333333333703e-01	4.207383956989872720e-02
3.499999999999999778e-01	1.154052436642820367e-01
3.666666666666666408e-01	1.649093705759047124e-01
3.833333333333333592e-01	1.299082253549936894e-01
3.999999999999999667e-01	1.855274087212497591e-01
4.166666666666666852e-01	3.441742199524763790e-02
4.333333333333333481e-01	4.903749161980652804e-02
4.500000000000000111e-01	-5.559429161928467616e-02
4.666666666666666741e-01	-6.863282081165053561e-02
4.833333333333332815e-01	-9.342481144285472161e-02
5.000000000000000000e-01	-7.509580250361078124e-02
5.166666666666666075e-01	-1.001145330420867841e-01
5.333333333333333259e-01	-5.514819733196993368e-02
5.500000000000000444e-01	-1.373918386913305922e-01
5.666666666666667629e-01	-1.055677464029440016e-01
5.833333333333333703e-01	-8.153694930652927164e-02
5.999999999999999778e-01	-3.960186866180513687e-02
6.166666666666666963e-01	-3.413434669452249104e-02
6.333333333333333037e-01	6.740769170372398755e-02
6.500000000000000222e-01	8.990958722733485842e-02
6.666666666666667407e-01	5.699110041612488742e-02
6.833333333333333481e-01	6.168741036772619479e-02
6.999999999999999556e-01	7.248575664085708803e-02
7.166666666666666741e-01	9.357266852701809356e-02
7.333333333333332815e-01	4.555999507192029507e-02
7.500000000000000000e-01	5.250741895710275831e-02
7.666666666666667185e-01	7.991575947455736156e-03
7.833333333333334370e-01	-3.008046478329524237e-02
7.999999999999999334e-01	-4.313665550787648684e-02
8.166666666666666519e-01	-9.393783216133924641e-02
8.333333333333333703e-01	-8.055839628856367729e-02
8.499999999999999778e-01	-8.739894118469282436e-02
8.666666666666666963e-01	-1.191144244932353657e-01
8.833333333333334147e-01	-5.972309408719688600e-03
9.000000000000000222e-01	-9.329717876158719059e-02
9.166666666666666297e-01	7.745079016106463585e-03
9.333333333333333481e-01	-3.728399453807036690e-02
9.499999999999999556e-01	-4.427686719179042829e-02
9.666666666666665630e-01	1.003017432640065584e-02
9.833333333333333925e-01	-1.004257108466654128e-02
1.000000000000000000e+00	-1.293764344030007632e-02
1.016666666666666829e+00	1.758533941233777001e-02
1.033333333333333215e+00	-6.165256558939513631e-03
1.050000000000000044e+00	-2.980348082100409135e-02
1.066666666666666652e+00	1.316580110006866644e-02
1.083333333333333259e+00	5.254036671337476705e-02
1.100000000000000089e+00	-3.783061214761509333e-02
1.116666666666666696e+00	-1.216988504465644529e-02
1.133333333333333526e+00	-7.393449910087340760e-02
1.149999999999999911e+00	-4.517502342740747912e-02
1.166666666666666741e+00	-1.341982286100349905e-02
1.183333333333333348e+00	1.238699583398848725e-02
1.199999999999999956e+00	-1.426734308807413656e-02
1.216666666666666785e+00	6.262847609934757420e-03
1.233333333333333393e+00	3.722380034519280623e-02
1.250000000000000000e+00	5.502419149666214898e-02
1.266666666666666607e+00	3.708801705752617656e-03
1.283333333333333215e+00	-2.317048869727367580e-02
1.300000000000000044e+00	4.446874460930846235e-02
1.316666666666666652e+00	5.051103006053700439e-03
1.333333333333333481e+00	-2.060946629772027194e-02
1.350000000000000089e+00	-3.527640468541757418e-02
1.366666666666666696e+00	2.448383079682015483e-03
1.383333333333333304e+00	-2.087753258507246343e-02
1.399999999999999911e+00	1.142622016071490054e-01
1.416666666666666741e+00	-2.033362217438884276e-02
1.433333333333333348e+00	1.519051217139579489e-02
1.450000000000000178e+00	-5.685779656525172948e-02
1.466666666666666563e+00	4.020180670811027840e-02
1.483333333333333393e+00	2.584446381979285667e-02
1.500000000000000000e+00	5.704122599523771611e-03
1.516666666666666607e+00	6.384591297003423815e-02
1.533333333333333437e+00	-3.122401027355054329e-02
1.550000000000000044e+00	-3.092227157547958183e-02
1.566666666666666874e+00	7.696988315515141885e-03
1.583333333333333259e+00	-3.538374808360652407e-02
1.599999999999999867e+00	2.147398883242196063e-02
1.616666666666666696e+00	4.713964745816603269e-02
1.633333333333333304e+00	1.553783166180118048e-03
1.650000000000000133e+00	-1.540084628944515116e-02
1.666666666666666741e+00	-3.478470353686127087e-02
1.683333333333333348e+00	4.503144423474075148e-02
1.699999999999999956e+00	2.489960034937504108e-03
1.716666666666666563e+00	1.265047869992491289e-02
1.733333333333333393e+00	-4.262975541709812521e-02
1.750000000000000000e+00	-5.032306774255019405e-02
1.766666666666666829e+00	-2.276437630528669459e-02
1.783333333333333437e+00	-1.613195452337806701e-02
1.800000000000000044e+00	4.833929370862127123e-02
1.816666666666666652e+00	-6.374130576206477050e-02
1.833333333333333259e+00	-6.665091593791777624e-02
1.850000000000000089e+00	-7.179537215027029240e-02
1.866666666666666696e+00	-7.047551055312681334e-02
1.883333333333333526e+00	1.770518537293775188e-02
1.899999999999999911e+00	3.564473693924119502e-02
1.916666666666666741e+00	3.697706440501145192e-02
1.933333333333333126e+00	3.302504750693464192e-02
1.949999999999999956e+00	4.456314826450574751e-02
1.966666666666666785e+00	-1.264200493432173812e-02
1.983333333333333615e+00	-7.394408919810297257e-03
2.000000000000000000e+00	-7.751163501309853154e-03
2.016666666666666607e+00	-2.690259360052820944e-02
2.033333333333333659e+00	6.875578234470594574e-02
2.049999999999999822e+00	5.634073451999312837e-02
2.066666666666666430e+00	4.839846728213629407e-02
2.083333333333333481e+00	-4.107058303693519874e-02
2.100000000000000089e+00	-4.064735054413556176e-02
2.116666666666666696e+00	-3.900573626242307551e-02
2.133333333333333304e+00	1.574451417988328647e-02
2.150000000000000355e+00	-1.857448783159009950e-02
2.166666666666666519e+00	6.390967457891137682e-02
2.183333333333333126e+00	-3.091535598979425203e-02
2.200000000000000178e+00	5.348533468550957515e-03
2.216666666666666785e+00	-9.256166611526306376e-02
2.233333333333333393e+00	2.822633120349963415e-02
2.250000000000000000e+00	-7.884843915105434892e-03
2.266666666666667052e+00	-3.183776338530012323e-02
2.283333333333333215e+00	-3.360280193040275816e-03
2.299999999999999822e+00	3.989916863828367466e-02
2.316666666666666874e+00	-3.765109472765984511e-02
2.333333333333333481e+00	-8.047823916017007861e-03
2.350000000000000089e+00	-4.395650942881225431e-03
2.366666666666666696e+00	-6.935531194702023317e-05
2.383333333333333304e+00	-1.999082786756596619e-02
2.399999999999999911e+00	-1.757551682732929818e-02
2.416666666666666519e+00	-4.134813274775133579e-02
2.433333333333333570e+00	1.888733437736434635e-03
2.450000000000000178e+00	-2.083404770745012416e-02
2.466666666666666785e+00	-1.653558364685310533e-02
2.483333333333333393e+00	-1.835842739155870915e-02
2.500000000000000000e+00	3.982583853159368109e-02
2.516666666666666607e+00	9.025392755610456069e-04
2.533333333333333215e+00	1.523901236106259272e-02
2.550000000000000266e+00	-6.183826685215916552e-02
2.566666666666666430e+00	-4.948005133577709769e-02
2.583333333333333481e+00	3.119992578088626872e-02
2.600000000000000089e+00	-1.644797704836334015e-02
2.616666666666666696e+00	-3.057680493342559286e-02
2.633333333333333304e+00	-3.510464927572336941e-02
2.649999999999999911e+00	9.574080636259599264e-03
2.666666666666666963e+00	-1.650261018260209839e-03
2.683333333333333126e+00	-2.290168489060798521e-02
2.700000000000000178e+00	2.584687076795438507e-02
2.716666666666666785e+00	3.550936871623878999e-02
2.733333333333333393e+00	1.129742120240091090e-03
2.750000000000000000e+00	7.183821844417220132e-03
2.766666666666666607e+00	1.239364058671357273e-02
2.783333333333333659e+00	1.460421903312077857e-02
2.799999999999999822e+00	4.164904272439580966e-03
2.816666666666666874e+00	-7.949020567086892419e-03
2.833333333333333481e+00	-4.804567582771302608e-02
2.850000000000000089e+00	3.984192649365485978e-02
2.866666666666666696e+00	-1.901608681080201729e-02
2.883333333333333304e+00	2.243869910829206227e-02
2.900000000000000355e+00	-5.722869306176960047e-02
2.916666666666666519e+00	-2.875346773955230611e-02
2.933333333333333126e+00	3.682932752725618254e-03
2.950000000000000178e+00	1.554146813475864621e-02
2.966666666666666785e+00	7.153011779873129361e-02
2.983333333333333393e+00	-4.353606048627024078e-02
3.000000000000000000e+00	-5.106464616294470113e-03
3.016666666666667052e+00	-3.898029806715783835e-02
3.033333333333333215e+00	3.122480309213388275e-02
3.049999999999999822e+00	-3.472900945461472252e-03
3.066666666666666874e+00	2.961976908156307292e-02
3.083333333333333481e+00	-6.235447037971984796e-03
3.100000000000000089e+00	1.438461373583518887e-02
3.116666666666666696e+00	-2.120240365993497026e-03
3.133333333333333748e+00	-4.951533575467818166e-02
3.149999999999999911e+00	-1.611731327810963371e-02
3.166666666666666519e+00	5.517301342327222968e-02
3.183333333333333570e+00	4.000138759218252460e-02
3.199999999999999734e+00	5.133473270013439588e-02
3.216666666666666785e+00	-4.534026289592120451e-02
3.233333333333333393e+00	5.411825074574214307e-03
3.250000000000000444e+00	-7.858806588377814650e-02
3.266666666666666607e+00	4.401433874798940660e-02
3.283333333333333215e+00	1.764149101291889602e-03
3.300000000000000266e+00	-4.006584983575431358e-02
3.316666666666666430e+00	-5.720784388913364299e-02
3.333333333333333481e+00	-2.486740888159189380e-02
3.350000000000000089e+00	1.455654466993906368e-02
3.366666666666666696e+00	2.881349975780517908e-02
3.383333333333333304e+00	3.770862372696321546e-02
3.399999999999999911e+00	-6.419929583517247629e-02
3.416666666666666963e+00	-2.066224023647365935e-03
3.433333333333333126e+00	-9.869108463498116324e-03
3.450000000000000178e+00	-2.397540977930055425e-02
3.466666666666666785e+00	-9.224752355498666567e-02
3.483333333333333393e+00	1.807737703736774990e-02
3.500000000000000000e+00	8.192815426102777188e-03
3.516666666666666607e+00	6.378874163503063521e-02
3.533333333333333659e+00	-1.545882590590398793e-02
3.549999999999999822e+00	1.568068244613185155e-02
3.566666666666666874e+00	9.376036908996673858e-03
3.583333333333333481e+00	-1.120128367738009497e-03
3.600000000000000089e+00	-2.688762008852987710e-03
3.616666666666666696e+00	-4.614610124329323465e-02
3.633333333333333304e+00	-1.696500227347674198e-03
3.650000000000000355e+00	1.044849182285901039e-03
3.666666666666666519e+00	1.724382033531591391e-02
3.683333333333333570e+00	-6.377920923655538976e-02
3.700000000000000178e+00	-2.421379298630805740e-02
3.716666666666666785e+00	-1.350492035062807357e-02
3.733333333333333393e+00	-5.063344661336090929e-03
3.750000000000000000e+00	-5.455676400045613578e-02
3.766666666666667052e+00	-1.047026031694922935e-02
3.783333333333333215e+00	-8.666571928556592377e-03
3.799999999999999822e+00	-1.696842257198991413e-02
3.816666666666666874e+00	3.036787815285083361e-02
3.833333333333333481e+00	-2.935149293732303849e-03
3.850000000000000533e+00	-3.968834916318692008e-02
3.866666666666666252e+00	4.404072822133114212e-02
3.883333333333333304e+00	8.544321330373210246e-03
3.899999999999999911e+00	4.668125791778002243e-02
3.916666666666666519e+00	5.548433896139801438e-03
3.933333333333333570e+00	-3.454576022665650781e-02
3.950000000000000178e+00	8.188979790876324549e-02
3.966666666666667229e+00	6.582962816586785532e-03
3.983333333333332948e+00	1.851745527527001375e-02
4.000000000000000000e+00	1.664159855442867708e-02
4.016666666666666607e+00	3.259019248089682630e-03
4.033333333333333215e+00	-7.867775711982757936e-03
4.049999999999999822e+00	-2.133058191652897895e-02
4.066666666666667318e+00	-8.950402701624782242e-03
4.083333333333333925e+00	-7.456400600072840557e-02
4.099999999999999645e+00	-7.049678856530063042e-02
4.116666666666666252e+00	-8.699157279028843504e-02
4.133333333333332860e+00	-3.095332108988557013e-03
4.150000000000000355e+00	2.561438995199579599e-02
4.166666666666666963e+00	-7.206072571704111307e-02
4.183333333333333570e+00	1.739770994452501107e-02
4.200000000000000178e+00	5.546470228582529166e-03
4.216666666666666785e+00	8.893688941347076965e-03
4.233333333333333393e+00	6.725171550172176493e-02
4.250000000000000000e+00	2.993512759954597424e-02
4.266666666666666607e+00	4.252957818961286551e-02
4.283333333333333215e+00	5.611705067554413617e-02
4.300000000000000711e+00	8.070058108795219454e-02
4.316666666666667318e+00	6.133911009243217527e-02
4.333333333333333037e+00	6.366940037106590122e-02
4.349999999999999645e+00	5.075095900825868367e-02
4.366666666666666252e+00	3.647700589900132462e-02
4.383333333333333748e+00	3.237412797597136876e-02
4.400000000000000355e+00	3.567062597659292900e-02
4.416666666666666963e+00	-5.128800054899178285e-02
4.433333333333333570e+00	-1.400141563327746835e-02
4.450000000000000178e+00	-1.635028389843402527e-02
4.466666666666666785e+00	-7.417294407863342376e-02
4.483333333333333393e+00	-3.209918324232570452e-02
4.500000000000000000e+00	-4.400849190435364433e-02
4.516666666666666607e+00	-1.049792973116769890e-01
4.533333333333334103e+00	-5.070110651227414944e-02
4.550000000000000711e+00	-6.068195237449933860e-02
4.566666666666666430e+00	-5.514864670184813078e-02
4.583333333333333037e+00	-1.103306935306806041e-01
4.599999999999999645e+00	-6.625938192656979919e-02
4.616666666666667140e+00	4.569472838082418858e-02
4.633333333333333748e+00	-6.532407317279843861e-02
4.650000000000000355e+00	1.591423244757548400e-02
4.666666666666666963e+00	3.616551262254090807e-03
4.683333333333332682e+00	4.025259481691656482e-02
4.700000000000000178e+00	4.914338236703816309e-02
4.716666666666666785e+00	7.463054031455679249e-02
4.733333333333333393e+00	-3.452396958251488512e-03
4.750000000000000000e+00	7.968292829303201541e-02
4.766666666666666607e+00	1.206329686349704305e-01
4.783333333333334103e+00	1.015652509188676028e-01
4.799999999999999822e+00	4.414324948477221788e-02
4.816666666666666430e+00	6.626486790282862249e-02
4.833333333333333037e+00	6.877679652461164694e-02
4.850000000000000533e+00	-7.861152921191452703e-04
4.866666666666667140e+00	-5.110771410150233285e-02
4.883333333333333748e+00	5.956079882435297290e-02
4.900000000000000355e+00	-3.940019005349612580e-03
4.916666666666666075e+00	-1.962446088092111018e-02
4.933333333333333570e+00	-5.437594116903356894e-02
4.950000000000000178e+00	-4.576925501015387254e-02
4.966666666666666785e+00	-7.780193724807173139e-02
4.983333333333333393e+00	-7.193158233564281301e-02
5.000000000000000000e+00	-9.609591625239573276e-02
5.016666666666666607e+00	-1.341794625536307795e-01
5.033333333333333215e+00	-6.363323292458206160e-02
5.049999999999999822e+00	-5.461195096121418402e-03
5.066666666666666430e+00	-6.940891053808995181e-02
5.083333333333333925e+00	-6.238035436822698260e-02
5.100000000000000533e+00	-2.507799355145640119e-03
5.116666666666667140e+00	-6.758719748164690455e-02
5.133333333333332860e+00	-2.927016788144467738e-02
5.149999999999999467e+00	1.253473588086216790e-02
5.166666666666666963e+00	1.036786404844787512e-03
5.183333333333333570e+00	-2.070908479142656577e-02
5.200000000000000178e+00	1.405021728690399041e-01
5.216666666666666785e+00	1.125502309155133607e-01
5.233333333333333393e+00	8.782326933592485285e-02
5.250000000000000000e+00	1.475246684280026865e-01
5.266666666666666607e+00	1.389102045065626068e-01
5.283333333333333215e+00	7.472083052125334801e-02
5.299999999999999822e+00	7.372940057634319588e-02
5.316666666666666430e+00	2.873051166640695417e-02
5.333333333333333925e+00	1.092384576678472191e-01
5.350000000000000533e+00	-2.327584741649293618e-02
5.366666666666666252e+00	1.294630973710233189e-02
5.383333333333332860e+00	2.690890882340923884e-03
5.400000000000000355e+00	7.666706402188243341e-03
5.416666666666666963e+00	-8.672237134029685268e-02
5.433333333333333570e+00	-1.020901244434989363e-01
5.450000000000000178e+00	-6.524146872021727162e-02
5.466666666666666785e+00	-7.957666317294313785e-02
5.483333333333333393e+00	-5.967289947177169956e-02
5.500000000000000000e+00	-4.971894718117021023e-02
5.516666666666666607e+00	-7.368161523889517339e-02
5.533333333333333215e+00	-1.327993418328480002e-01
5.549999999999999822e+00	-9.620638748587490019e-02
5.566666666666667318e+00	-1.028151488596707186e-01
5.583333333333333925e+00	-9.350204372440890088e-02
5.599999999999999645e+00	-2.626472307001987902e-02
5.616666666666666252e+00	7.861325710935143651e-02
5.633333333333333748e+00	-3.633004512651496348e-03
5.650000000000000355e+00	3.693816843757735668e-02
5.666666666666666963e+00	2.862387142070911550e-02
5.683333333333333570e+00	1.576042971051447861e-01
5.700000000000000178e+00	-2.175299706092440055e-03
5.716666666666666785e+00	1.266606204630875143e-01
5.733333333333333393e+00	9.074205391942273546e-02
5.750000000000000000e+00	7.178992670919584485e-02
5.766666666666666607e+00	5.153743111656859666e-02
5.783333333333333215e+00	1.303040465972197803e-01
5.800000000000000711e+00	-1.514873755323310756e-02
5.816666666666667318e+00	4.012671064120518216e-02
5.833333333333333037e+00	6.790833045209228314e-02
5.849999999999999645e+00	2.179703776830311038e-02
5.866666666666666252e+00	-5.565159780830779279e-02
5.883333333333333748e+00	-1.049370584414692359e-01
5.900000000000000355e+00	-1.631901888510159382e-02
5.916666666666666963e+00	-8.090785834082248051e-02
5.933333333333333570e+00	-3.293557994993069615e-02
5.950000000000000178e+00	-8.970300252711933819e-02
5.966666666666666785e+00	-1.189511205703845664e-02
5.983333333333333393e+00	-1.094140809634574496e-01
6.000000000000000000e+00	-9.335905898816959647e-02
6.016666666666666607e+00	-2.975603959724084507e-02
6.033333333333334103e+00	-1.031119837767404679e-01
6.050000000000000711e+00	-1.707856203144653487e-02
6.066666666666666430e+00	5.927740775431507986e-02
6.083333333333333037e+00	5.474139455213831995e-02
6.099999999999999645e+00	1.256316021805418959e-01
6.116666666666667140e+00	2.363880455297635158e-02
6.133333333333333748e+00	8.329228680788708372e-02
6.150000000000000355e+00	4.498339153755239600e-02
6.166666666666666963e+00	1.489278797728850745e-01
6.183333333333333570e+00	1.386679705842251142e-01
6.200000000000000178e+00	3.702757901881341407e-02
6.216666666666666785e+00	1.364556340002363033e-01
6.233333333333333393e+00	8.768405228881559488e-02
6.250000000000000000e+00	8.913608029860276005e-02
6.266666666666667496e+00	4.794936650013023605e-02
6.283333333333334103e+00	3.919762807446054709e-02
6.299999999999999822e+00	7.120803123152558145e-02
6.316666666666666430e+00	2.647505079720430254e-02
6.333333333333333037e+00	-3.937483249583629413e-02
6.350000000000000533e+00	2.979065273251452206e-03
6.366666666666667140e+00	-4.596190585749201918e-02
6.383333333333333748e+00	-1.502776199413174973e-01
6.399999999999999467e+00	-1.370707167147020566e-01
6.416666666666666075e+00	-5.879974650169476902e-02
6.433333333333333570e+00	-1.091582406168966624e-01
6.450000000000000178e+00	-9.176934559189577068e-02
6.466666666666666785e+00	-5.523905869806600838e-02
6.483333333333333393e+00	-7.331385735613644983e-02
6.500000000000000888e+00	-3.691352984911705493e-02
6.516666666666666607e+00	-1.649306616268193804e-02
6.533333333333333215e+00	-7.587621716655806869e-04
6.549999999999999822e+00	1.230246898815001190e-02
6.566666666666666430e+00	8.194366591231208585e-02
6.583333333333333925e+00	8.331496666314051891e-02
6.600000000000000533e+00	1.801930104852319386e-02
6.616666666666667140e+00	1.329914133664141657e-02
6.633333333333332860e+00	8.537623880284432587e-02
6.649999999999999467e+00	1.232353208565662717e-01
6.666666666666666963e+00	1.060190766781505672e-01
6.683333333333333570e+00	6.615098594724110048e-02
6.700000000000000178e+00	1.098516809178457371e-01
6.716666666666666785e+00	1.515342998981664691e-01
6.733333333333333393e+00	1.707261393691943407e-01
6.750000000000000000e+00	1.170253010812973560e-01
6.766666666666666607e+00	8.446330929737400073e-02
6.783333333333333215e+00	9.156604528012536603e-02
6.799999999999999822e+00	1.147312032702438034e-01
6.816666666666667318e+00	1.126776260721376044e-01
6.833333333333333925e+00	1.064725447595068764e-01
6.850000000000000533e+00	5.883941546365309416e-02
6.866666666666666252e+00	5.206897966546633616e-02
6.883333333333332860e+00	-1.161244836656992463e-02
6.900000000000000355e+00	1.065479325332294586e-01
6.916666666666666963e+00	5.199944724201713275e-02
6.933333333333333570e+00	8.636498404833266307e-02
6.950000000000000178e+00	1.104575978161433103e-01
6.966666666666666785e+00	1.161082281888173584e-01
6.983333333333333393e+00	2.386669860857026926e-02
7.000000000000000000e+00	9.594689541426028312e-02
7.016666666666666607e+00	6.744561640180798956e-02
7.033333333333333215e+00	6.628775819644144862e-02
7.049999999999999822e+00	1.071024291148270080e-01
7.066666666666667318e+00	-4.941144441527396680e-02
7.083333333333333925e+00	7.164782847473716298e-02
7.099999999999999645e+00	-3.525218029987184365e-02
7.116666666666666252e+00	-6.275022913302480410e-03
7.133333333333333748e+00	-4.040161942789062544e-02
7.150000000000000355e+00	-1.596978921688396724e-02
7.166666666666666963e+00	-6.743065449630433750e-02
7.183333333333333570e+00	-1.003334335709094582e-01
7.200000000000000178e+00	-7.289983704004504572e-02
7.216666666666666785e+00	-1.208391204023088750e-01
7.233333333333333393e+00	-1.145813246883716635e-01
7.250000000000000000e+00	-1.862223440666109786e-01
7.266666666666666607e+00	-1.660822633465822706e-01
7.283333333333333215e+00	-1.943001111398321989e-01
7.300000000000000711e+00	-2.460641073115450161e-01
7.316666666666667318e+00	-1.940881418171168660e-01
7.333333333333333037e+00	-2.546581914713976769e-01
7.349999999999999645e+00	-2.158943950867603934e-01
7.366666666666667140e+00	-2.731857931635847114e-01
7.383333333333333748e+00	-2.799501934328692543e-01
7.400000000000000355e+00	-2.898154935232242768e-01
7.416666666666666963e+00	-3.157301942639741954e-01
7.433333333333333570e+00	-2.924251084480741780e-01
7.450000000000000178e+00	-3.707674199279414884e-01
7.466666666666666785e+00	-2.974810505486557011e-01
7.483333333333333393e+00	-3.936791645802042994e-01
7.500000000000000000e+00	-3.495387928881097395e-01
7.516666666666666607e+00	-4.016512394689610854e-01
7.533333333333334103e+00	-3.743481103746157390e-01
7.550000000000000711e+00	-3.398406177221954816e-01
7.566666666666666430e+00	-3.879262624568157736e-01
7.583333333333333037e+00	-3.297077247040388626e-01
7.599999999999999645e+00	-3.151593704273527030e-01
7.616666666666667140e+00	-2.863758339081864945e-01
7.633333333333333748e+00	-2.763446870172611702e-01
7.649999999999999467e+00	-2.703602777251614131e-01
7.666666666666666963e+00	-2.726598811725545191e-01
7.683333333333333570e+00	-2.157119438330963868e-01
7.700000000000001066e+00	-1.804845628486485276e-01
7.716666666666666785e+00	-1.914622918268780449e-01
7.733333333333332504e+00	-1.568575128631717330e-01
7.750000000000000000e+00	-9.279047377413167375e-02
7.766666666666666607e+00	-2.867910832604273624e-02
7.783333333333334103e+00	-5.972740622495897184e-02
7.799999999999999822e+00	-2.537952829781334879e-02
7.816666666666667318e+00	2.052286848602501157e-04
7.833333333333333037e+00	4.599157363498670298e-02
7.849999999999999645e+00	6.110324712544118464e-02
7.866666666666667140e+00	7.667612448096419731e-02
7.883333333333332860e+00	1.419758280678907192e-01
7.900000000000000355e+00	1.777102651376112896e-01
7.916666666666666963e+00	1.245861100914562591e-01
7.933333333333334458e+00	1.501046982846746536e-01
7.950000000000000178e+00	2.004660198727684361e-01
7.966666666666665897e+00	2.826024990544894755e-01
7.983333333333333393e+00	2.414842456417812255e-01
8.000000000000000000e+00	2.058710218142720261e-01
8.016666666666667496e+00	2.945704264939324468e-01
8.033333333333333215e+00	3.663967880333495186e-01
8.050000000000000711e+00	3.919094090479365855e-01
8.066666666666666430e+00	3.780995018449038181e-01
8.083333333333332149e+00	3.632413110881540508e-01
8.099999999999999645e+00	3.766135796249434620e-01
8.116666666666667140e+00	3.900357735415528326e-01
8.133333333333334636e+00	4.082635193478585389e-01
8.150000000000000355e+00	3.938974931745970465e-01
8.166666666666667851e+00	4.668572491602988594e-01
8.183333333333333570e+00	4.090301942065931451e-01
8.199999999999999289e+00	3.779016409343601279e-01
8.216666666666666785e+00	3.490010530219884166e-01
8.233333333333332504e+00	4.154475004375149383e-01
8.250000000000000000e+00	3.512115215144620550e-01
8.266666666666665719e+00	4.795174447835511833e-01
8.283333333333334991e+00	3.798134666249354252e-01
8.300000000000000711e+00	3.404222186542044115e-01
8.316666666666666430e+00	3.125562331379030390e-01
8.333333333333333925e+00	2.984255154247503206e-01
8.349999999999999645e+00	2.208258105821461759e-01
8.366666666666667140e+00	2.393127033018522254e-01
8.383333333333332860e+00	3.099907823407047069e-01
8.400000000000000355e+00	2.644771720870574550e-01
8.416666666666666075e+00	1.806510800471637923e-01
8.433333333333333570e+00	1.684195328193138774e-01
8.450000000000001066e+00	1.255003578666500086e-01
8.466666666666666785e+00	1.218841669488256868e-01
8.483333333333334281e+00	5.633082436627232653e-02
8.500000000000000000e+00	5.280235150957975770e-02
8.516666666666667496e+00	2.080552002796737937e-02
8.533333333333333215e+00	-5.273611096862668157e-03
8.549999999999998934e+00	-9.294536800922438557e-03
8.566666666666666430e+00	-3.309434375729142924e-02
8.583333333333332149e+00	-1.228309471437538380e-01
8.600000000000001421e+00	-1.268089312069961561e-01
8.616666666666667140e+00	-1.751568507050040857e-01
8.633333333333334636e+00	-1.426581325954331403e-01
8.650000000000000355e+00	-2.708685127729506537e-01
8.666666666666666075e+00	-2.239801935967954682e-01
8.683333333333333570e+00	-3.232620885939138100e-01
8.699999999999999289e+00	-2.886593014824982428e-01
8.716666666666666785e+00	-3.317554428253187693e-01
8.733333333333332504e+00	-3.021641872888436997e-01
8.750000000000001776e+00	-3.403556007154016627e-01
8.766666666666667496e+00	-3.514640166366870822e-01
8.783333333333333215e+00	-3.074211525545936241e-01
8.800000000000000711e+00	-3.655768621342151969e-01
8.816666666666666430e+00	-3.917741064439755894e-01
8.833333333333333925e+00	-4.015629976396522527e-01
8.849999999999999645e+00	-3.782617302438063267e-01
8.866666666666667140e+00	-4.689978509529034723e-01
8.883333333333332860e+00	-4.194352578291715150e-01
8.900000000000000355e+00	-4.192678689019727067e-01
8.916666666666667851e+00	-4.487993069358182097e-01
8.933333333333333570e+00	-4.229069074652093141e-01
8.950000000000001066e+00	-3.789362004073442702e-01
8.966666666666666785e+00	-3.415124905151878387e-01
8.983333333333334281e+00	-3.631403954467234962e-01
9.000000000000000000e+00	-3.537155658205750619e-01
9.016666666666665719e+00	-3.896212872792951254e-01
9.033333333333333215e+00	-2.922324030438729348e-01
9.049999999999998934e+00	-3.496707083966588692e-01
9.066666666666668206e+00	-3.374801782394301064e-01
9.083333333333333925e+00	-2.349736036439171727e-01
9.100000000000001421e+00	-1.838538005257391583e-01
9.116666666666667140e+00	-2.798529887445737052e-01
9.133333333333332860e+00	-1.164208837747454789e-01
9.150000000000000355e+00	-2.131152915482713572e-01
9.166666666666666075e+00	-1.290966536223897287e-01
9.183333333333333570e+00	-1.145540341536090828e-01
9.199999999999999289e+00	-4.796930273684010815e-02
9.216666666666666785e+00	-8.136040309547655502e-02
9.233333333333334281e+00	-1.150965020605249772e-02
9.250000000000000000e+00	1.466543050352914386e-02
9.266666666666667496e+00	8.098563946365121280e-02
9.283333333333333215e+00	2.165773428722502641e-02
9.300000000000000711e+00	1.417945449796412238e-01
9.316666666666666430e+00	9.044048636117558992e-02
9.333333333333333925e+00	7.449675436486548341e-02
9.349999999999999645e+00	1.704239153107666715e-01
9.366666666666665364e+00	2.414047631506480163e-01
9.383333333333334636e+00	1.849515689884586866e-01
9.400000000000000355e+00	2.701198654829325418e-01
9.416666666666667851e+00	2.015041036095411853e-01
9.433333333333333570e+00	2.997166345128642884e-01
9.450000000000001066e+00	2.888016026629369737e-01
9.466666666666666785e+00	2.824550817701240724e-01
9.483333333333332504e+00	2.852919694581099730e-01
9.500000000000000000e+00	3.264411427326692205e-01
9.516666666666665719e+00	4.507021594356843686e-01
9.533333333333333215e+00	3.325365891903684368e-01
9.550000000000000711e+00	3.804224884001868867e-01
9.566666666666668206e+00	4.286433450044946913e-01
9.583333333333333925e+00	4.299932668900166011e-01
9.599999999999999645e+00	3.977806693533296190e-01
9.616666666666667140e+00	3.648539480413296454e-01
9.633333333333332860e+00	4.483900938440878448e-01
9.650000000000000355e+00	3.814900726008123577e-01
9.666666666666666075e+00	4.495388278245667224e-01
9.683333333333333570e+00	2.656931051666262533e-01
9.700000000000001066e+00	3.441474013508035168e-01
9.716666666666666785e+00	3.338322912333956949e-01
9.733333333333334281e+00	3.219733145212231307e-01
9.750000000000000000e+00	2.750978548107996247e-01
9.766666666666667496e+00	2.919887352559963900e-01
9.783333333333333215e+00	2.270204244510956038e-01
9.800000000000000711e+00	2.553884049847780502e-01
9.816666666666666430e+00	3.214952020296066304e-01
9.833333333333332149e+00	2.130989741724448605e-01
9.850000000000001421e+00	1.660250078852475164e-01
9.866666666666667140e+00	1.724600139298201329e-01
9.883333333333334636e+00	8.394026757866170085e-02
9.900000000000000355e+00	5.024750296525488241e-02
9.916666666666667851e+00	4.420189187532255759e-02
9.933333333333333570e+00	1.402281290617209478e-02
9.949999999999999289e+00	-1.393378498656487087e-02
9.966666666666666785e+00	-5.249319777094116346e-02
9.983333333333332504e+00	-7.371552952545969151e-02
1.000000000000000000e+01	-4.637016927103464192e-02
1.001666666666666750e+01	-1.103483184359170255e-01
1.003333333333333321e+01	-1.357879929871948776e-01
1.005000000000000071e+01	-1.298447108302028807e-01
1.006666666666666643e+01	-2.005307106873029099e-01
1.008333333333333393e+01	-1.855135053769690623e-01
1.009999999999999964e+01	-2.302998647485925421e-01
1.011666666666666714e+01	-1.792659619947170047e-01
1.013333333333333286e+01	-2.537741439474001659e-01
1.014999999999999858e+01	-3.368126011430512268e-01
1.016666666666666785e+01	-3.119755253221703217e-01
1.018333333333333357e+01	-3.392660451586439474e-01
1.020000000000000107e+01	-3.208666119422655116e-01
1.021666666666666679e+01	-3.448147162539778043e-01
1.023333333333333428e+01	-3.897318250669224993e-01
1.025000000000000000e+01	-4.716334007951625829e-01
1.026666666666666572e+01	-3.944547898075547732e-01
1.028333333333333321e+01	-4.188802363645788840e-01
1.029999999999999893e+01	-3.837164007773167795e-01
1.031666666666666643e+01	-3.924173528685261925e-01
1.033333333333333393e+01	-3.635398441513403855e-01
1.035000000000000142e+01	-4.003523902845110838e-01
1.036666666666666714e+01	-3.205602047406859723e-01
1.038333333333333286e+01	-4.344813756363558599e-01
1.040000000000000036e+01	-3.485181448711802132e-01
1.041666666666666607e+01	-3.572625064001082595e-01
1.043333333333333357e+01	-3.717890466120163939e-01
1.044999999999999929e+01	-2.809593841793966984e-01
1.046666666666666679e+01	-3.617917575494700166e-01
1.048333333333333428e+01	-3.245005192325601806e-01
1.050000000000000000e+01	-2.382216485593421085e-01
1.051666666666666750e+01	-2.501090897185485606e-01
1.053333333333333321e+01	-2.654378678073094910e-01
1.055000000000000071e+01	-2.116805774558287445e-01
1.056666666666666643e+01	-1.858683404757130175e-01
1.058333333333333393e+01	-1.715073263040481910e-01
1.059999999999999964e+01	-9.909994128286346571e-02
1.061666666666666536e+01	-8.001643428474652930e-02
1.063333333333333286e+01	-5.875636003031394633e-02
1.065000000000000036e+01	-2.452823755310921949e-02
1.066666666666666785e+01	5.294430897833402733e-02
1.068333333333333357e+01	1.797118265004357673e-02
1.070000000000000107e+01	5.191641984619438377e-03
1.071666666666666679e+01	9.406244863677973300e-02
1.073333333333333250e+01	1.006839784105688362e-01
1.075000000000000000e+01	1.356418258529834830e-01
1.076666666666666572e+01	1.641599568952641086e-01
1.078333333333333321e+01	1.624530332712367797e-01
1.080000000000000071e+01	2.489372366797984182e-01
1.081666666666666821e+01	2.548431906916229228e-01
1.083333333333333393e+01	2.514610217344487864e-01
1.084999999999999964e+01	2.813444125484840241e-01
1.086666666666666714e+01	2.776076692821016767e-01
1.088333333333333286e+01	3.460208432717255533e-01
1.090000000000000036e+01	3.760406875174608365e-01
1.091666666666666607e+01	3.670483601935740081e-01
1.093333333333333357e+01	3.813439410699357435e-01
1.095000000000000107e+01	3.690274133012091951e-01
1.096666666666666679e+01	3.753602328063081472e-01
1.098333333333333428e+01	3.984346918671789473e-01
1.100000000000000000e+01	3.766466295909254303e-01
1.101666666666666750e+01	3.129055859662911443e-01
1.103333333333333321e+01	4.478503165773746186e-01
1.105000000000000071e+01	3.901871949739148526e-01
1.106666666666666643e+01	4.098911748718451764e-01
1.108333333333333215e+01	3.883309530774358698e-01
1.109999999999999964e+01	3.768021771020538813e-01
1.111666666666666714e+01	3.604140196326245382e-01
1.113333333333333464e+01	3.889483281043604190e-01
1.115000000000000036e+01	3.411364934153792161e-01
1.116666666666666785e+01	3.524087252501886258e-01
1.118333333333333357e+01	3.822352466323858944e-01
1.119999999999999929e+01	3.180308020164061000e-01
1.121666666666666679e+01	3.054660616997961764e-01
1.123333333333333250e+01	2.747036343347309395e-01
1.125000000000000000e+01	1.951204901085447363e-01
1.126666666666666750e+01	2.236740754598985359e-01
1.128333333333333499e+01	1.826474082336673466e-01
1.130000000000000071e+01	1.191774489387653485e-01
1.131666666666666643e+01	8.672870255997428002e-02
1.133333333333333393e+01	5.267994804422826416e-02
1.134999999999999964e+01	1.025971882042897992e-01
1.136666666666666714e+01	4.115996838591063495e-02
1.138333333333333286e+01	-4.945658350765227279e-02
1.140000000000000036e+01	-2.622666117348232406e-02
1.141666666666666607e+01	-3.270017368824038040e-02
1.143333333333333357e+01	-5.361651238037079548e-02
1.145000000000000107e+01	-1.166133323571105357e-01
1.146666666666666679e+01	-9.979734375075260955e-02
1.148333333333333428e+01	-1.155433794590519370e-01
1.150000000000000000e+01	-2.229206494800956284e-01
1.151666666666666750e+01	-1.957583478464980375e-01
1.153333333333333321e+01	-2.014767432828829530e-01
1.154999999999999893e+01	-2.526453023947353715e-01
1.156666666666666643e+01	-2.446547259791485851e-01
1.158333333333333393e+01	-2.762751105679493446e-01
1.160000000000000142e+01	-3.152131524203163337e-01
1.161666666666666714e+01	-3.341116530700193876e-01
1.163333333333333464e+01	-3.539594238164980866e-01
1.165000000000000036e+01	-4.069521242733903366e-01
1.166666666666666607e+01	-3.628955484736189341e-01
1.168333333333333357e+01	-3.586139877576005053e-01
1.169999999999999929e+01	-4.619490493993752001e-01
1.171666666666666679e+01	-4.166809691655638526e-01
1.173333333333333250e+01	-3.516315485586726242e-01
1.175000000000000178e+01	-3.726599687364641200e-01
1.176666666666666750e+01	-4.152448772264354937e-01
1.178333333333333321e+01	-3.428466964648824167e-01
1.180000000000000071e+01	-4.036038530620561504e-01
1.181666666666666643e+01	-3.306714014916032340e-01
1.183333333333333393e+01	-4.317955042276345745e-01
1.184999999999999964e+01	-3.794644563861302444e-01
1.186666666666666714e+01	-3.576095495725097884e-01
1.188333333333333286e+01	-2.857529428138766425e-01
1.190000000000000036e+01	-3.151703707336765414e-01
1.191666666666666785e+01	-3.301639888425861313e-01
1.193333333333333357e+01	-2.158076910419431949e-01
1.195000000000000107e+01	-2.904831953846793158e-01
1.196666666666666679e+01	-1.937974492513681590e-01
1.198333333333333428e+01	-2.583079058102535353e-01
1.200000000000000000e+01	-1.311462810873592899e-01
1.201666666666666572e+01	-1.049714141433764625e-01
1.203333333333333321e+01	-8.863289904768634209e-02
1.205000000000000071e+01	-5.575444539101495622e-02
1.206666666666666821e+01	-2.499040266881305192e-02
1.208333333333333393e+01	-6.039718939123434049e-02
1.210000000000000142e+01	9.134195575694243480e-03
1.211666666666666714e+01	1.948341229661505053e-02
1.213333333333333286e+01	3.842564511538271166e-02
1.215000000000000036e+01	5.475215024320925772e-02
1.216666666666666607e+01	1.192794903188193617e-01
1.218333333333333357e+01	1.646485469817842717e-01
1.219999999999999929e+01	1.952544896913187833e-01
1.221666666666666856e+01	1.827821250453472712e-01
1.223333333333333428e+01	2.267246993640659736e-01
1.225000000000000000e+01	2.392578045429133993e-01
1.226666666666666750e+01	2.869292039757992963e-01
1.228333333333333321e+01	2.325961945439524170e-01
1.230000000000000071e+01	2.564800743063441746e-01
1.231666666666666643e+01	2.934467453871708598e-01
1.233333333333333393e+01	2.759544626905518494e-01
1.234999999999999964e+01	2.584828990991564490e-01
1.236666666666666714e+01	4.063564025298443960e-01
1.238333333333333464e+01	3.259464166002283281e-01
1.240000000000000036e+01	3.674189046022267036e-01
1.241666666666666785e+01	3.029619415471931365e-01
1.243333333333333357e+01	2.759054710776587260e-01
1.245000000000000107e+01	3.963638634177219511e-01
1.246666666666666679e+01	3.361214672374456258e-01
1.248333333333333250e+01	2.838275052536745058e-01
1.250000000000000000e+01	3.295833685049433526e-01
1.251666666666666572e+01	2.965796825534330883e-01
1.253333333333333499e+01	2.758251751985726363e-01
1.255000000000000071e+01	3.281742574013489788e-01
1.256666666666666821e+01	2.396390796142048585e-01
1.258333333333333393e+01	1.859225482599985990e-01
1.259999999999999964e+01	2.836182348908244943e-01
1.261666666666666714e+01	1.405337908311896367e-01
1.263333333333333286e+01	1.679807987428289795e-01
1.265000000000000036e+01	1.295335896396216657e-01
1.266666666666666607e+01	1.499409020845165474e-01
1.268333333333333357e+01	1.068004707873948661e-01
1.270000000000000107e+01	8.023293767278366628e-02
1.271666666666666679e+01	5.979145481722707156e-02
1.273333333333333428e+01	1.152589188619778660e-01
1.275000000000000000e+01	9.521904466017797053e-02
1.276666666666666750e+01	9.515661559213220433e-02
1.278333333333333321e+01	-1.887364279104047568e-02
1.279999999999999893e+01	-4.109544392485080591e-03
1.281666666666666643e+01	-2.909583044761116649e-02
1.283333333333333215e+01	-3.332966038172927720e-02
1.285000000000000142e+01	-3.139868150639225225e-02
1.286666666666666714e+01	-1.099281953722575089e-02
1.288333333333333464e+01	-8.832673185754429113e-02
1.290000000000000036e+01	-8.676594849395553866e-02
1.291666666666666607e+01	-2.443730274959661497e-02
1.293333333333333357e+01	-6.734817299666971679e-02
1.294999999999999929e+01	-8.729310290358439917e-02
1.296666666666666679e+01	-1.459509830074379733e-01
1.298333333333333250e+01	-5.502665170587388299e-02
1.300000000000000178e+01	-7.137275128211321984e-02
1.301666666666666750e+01	-9.575711049941129649e-02
1.303333333333333321e+01	-6.740320133629715271e-02
1.305000000000000071e+01	-1.045887075505132491e-01
1.306666666666666643e+01	-4.897612376441392440e-02
1.308333333333333393e+01	-1.272959777032733331e-01
1.309999999999999964e+01	-9.680320139480895480e-02
1.311666666666666714e+01	-3.544309716710328934e-02
1.313333333333333286e+01	-4.003984351843310752e-02
1.314999999999999858e+01	-9.801562448871103950e-02
1.316666666666666785e+01	-1.528827019784028546e-02
1.318333333333333357e+01	-6.967068912353840959e-02
1.320000000000000107e+01	-4.993040328517114185e-02
1.321666666666666679e+01	-3.169526601051152193e-02
1.323333333333333428e+01	2.948536652480814035e-03
1.325000000000000000e+01	-1.927561560858859213e-02
1.326666666666666572e+01	-8.654781754112725323e-02
1.328333333333333321e+01	-6.239243862523458084e-02
1.329999999999999893e+01	-3.663591764256365901e-02
1.331666666666666821e+01	-5.540586018042707728e-02
1.333333333333333393e+01	-2.347661382110881323e-02
1.335000000000000142e+01	3.609605566523162862e-02
1.336666666666666714e+01	2.588241221373943288e-02
1.338333333333333286e+01	9.566585504792999781e-03
1.340000000000000036e+01	-3.455740763865278870e-02
1.341666666666666607e+01	5.806932615944371268e-02
1.343333333333333357e+01	2.569277257510554219e-02
1.344999999999999929e+01	-3.390741829655834899e-02
1.346666666666666679e+01	5.620542907654488968e-03
1.348333333333333428e+01	-2.779952308725992111e-02
1.350000000000000000e+01	2.939083559351444996e-02
1.351666666666666750e+01	-5.278001779627249784e-02
1.353333333333333321e+01	-2.660450069558560615e-02
1.355000000000000071e+01	-7.845284280830335660e-03
1.356666666666666643e+01	2.851418750499164212e-03
1.358333333333333393e+01	1.457107757498399964e-02
1.359999999999999964e+01	1.106326776596398831e-02
1.361666666666666536e+01	2.908198583277907603e-02
1.363333333333333464e+01	5.969776855589811748e-02
1.365000000000000036e+01	5.107419031187473805e-03
1.366666666666666785e+01	-1.548320030554236476e-02
1.368333333333333357e+01	-1.191536347180129074e-02
1.370000000000000107e+01	-3.524901259106530925e-03
1.371666666666666679e+01	3.811133909716439561e-02
1.373333333333333250e+01	-2.957326931440564313e-02
1.375000000000000000e+01	-3.182849011168249059e-02
1.376666666666666572e+01	3.133939140450659432e-03
1.378333333333333321e+01	3.334084161863241219e-02
1.380000000000000071e+01	-3.254458608863115138e-02
1.381666666666666821e+01	-1.265854693689463621e-02
1.383333333333333393e+01	-5.920309362645973482e-03
1.384999999999999964e+01	-3.206800554306751122e-02
1.386666666666666714e+01	4.457242796873559648e-02
1.388333333333333286e+01	1.953012780786273633e-02
1.390000000000000036e+01	8.337105667578199875e-02
1.391666666666666607e+01	2.100337784478738560e-04
1.393333333333333357e+01	-6.089967217672730138e-02
1.395000000000000107e+01	-1.547253264243749447e-02
1.396666666666666679e+01	9.713080473277896712e-03
1.398333333333333428e+01	-2.403312024124920621e-02
1.400000000000000000e+01	5.629089008038076769e-02
1.401666666666666750e+01	5.257271761176808555e-02
1.403333333333333321e+01	1.134039677621226198e-02
1.405000000000000071e+01	-3.340316548689496040e-02
1.406666666666666643e+01	-1.456335458790632489e-02
1.408333333333333215e+01	-1.429181157123634444e-02
1.409999999999999964e+01	-1.090044943669758910e-02
1.411666666666666714e+01	3.392812103494770998e-02
1.413333333333333464e+01	1.977293449313851856e-02
1.415000000000000036e+01	4.544851056198068173e-02
1.416666666666666785e+01	2.984295685524865696e-02
1.418333333333333357e+01	1.619388832545873985e-02
1.419999999999999929e+01	-2.753594577244719913e-02
1.421666666666666679e+01	-3.665881346878255287e-02
1.423333333333333250e+01	-3.505721161463638130e-02
1.425000000000000000e+01	-1.849360084539074592e-02
1.426666666666666750e+01	3.422819268976993318e-02
1.428333333333333499e+01	-2.666363896934153066e-05
1.430000000000000071e+01	-9.004221561067515811e-02
1.431666666666666643e+01	8.313452962958739478e-02
1.433333333333333393e+01	4.232730158186495673e-03
1.434999999999999964e+01	-1.404875423687810057e-02
1.436666666666666714e+01	-4.918564804707854440e-03
1.438333333333333286e+01	-7.605487269891606644e-03
1.440000000000000036e+01	-4.696080811475886879e-02
1.441666666666666785e+01	4.585370781280403291e-03
1.443333333333333357e+01	-6.472101899138386211e-03
1.445000000000000107e+01	3.187016052126439430e-02
1.446666666666666679e+01	-2.251070617255203528e-03
1.448333333333333428e+01	-1.276057797829327489e-02
1.450000000000000000e+01	-7.979594083679397189e-04
1.451666666666666750e+01	-1.297138241801914019e-02
1.453333333333333321e+01	-5.319555486197573985e-02
1.454999999999999893e+01	6.132715997371358634e-03
1.456666666666666643e+01	-9.239030319672594457e-03
1.458333333333333393e+01	8.662850320573799862e-03
1.460000000000000142e+01	1.681119321646184356e-02
1.461666666666666714e+01	-2.325471662896993336e-02
1.463333333333333464e+01	1.417522496484226700e-02
1.465000000000000036e+01	7.015083654874765609e-03
1.466666666666666607e+01	-2.367450122224781447e-02
1.468333333333333357e+01	2.064527813564441538e-02
1.469999999999999929e+01	-8.206059743490264069e-02
1.471666666666666679e+01	-1.454531064620389778e-03
1.473333333333333428e+01	4.716501549752278449e-02
1.475000000000000178e+01	-8.853811439715272499e-03
1.476666666666666750e+01	1.227151394086211170e-02
1.478333333333333321e+01	6.064940856585882695e-02
1.480000000000000071e+01	-4.492329491287364723e-02
1.481666666666666643e+01	5.682841703213516865e-02
1.483333333333333393e+01	-7.997906683631803015e-02
1.484999999999999964e+01	-4.056229100331681936e-02
1.486666666666666714e+01	3.653940736965806402e-02
1.488333333333333286e+01	3.003516432040448034e-02
1.490000000000000036e+01	-2.172934963928847135e-02
1.491666666666666785e+01	-1.036289937024126653e-02
1.493333333333333357e+01	4.072825989375541966e-02
1.495000000000000107e+01	2.211254033400171255e-03
1.496666666666666679e+01	-5.633979814496272581e-02
1.498333333333333428e+01	-1.840141187707294151e-02
1.500000000000000000e+01	2.455001165641442287e-02
1.501666666666666572e+01	-2.609822695527799774e-02
1.503333333333333321e+01	1.181849086845239080e-02
1.505000000000000071e+01	-1.133356972904362749e-02
1.506666666666666821e+01	-8.854108143025535282e-03
1.508333333333333393e+01	-3.655845019319297912e-04
1.510000000000000142e+01	1.446647020751628578e-02
1.511666666666666714e+01	-4.705317445161830842e-02
1.513333333333333286e+01	1.253988166922989644e-02
1.515000000000000036e+01	-5.354049532337452379e-03
1.516666666666666607e+01	-4.593425760750198539e-02
1.518333333333333357e+01	-1.498436748309083313e-02
1.519999999999999929e+01	3.959464875132307632e-02
1.521666666666666856e+01	-7.004172478993752129e-03
1.523333333333333428e+01	-1.996019610298354480e-02
1.525000000000000000e+01	-5.258122626176676973e-03
1.526666666666666750e+01	-6.415136588147432595e-02
1.528333333333333321e+01	5.443916662875867424e-02
1.529999999999999893e+01	-1.231984087642144440e-02
1.531666666666666821e+01	-2.913115509739170120e-03
1.533333333333333393e+01	-5.439105605512121328e-02
1.534999999999999964e+01	-4.224060396524177002e-02
1.536666666666666714e+01	-2.033573354043180861e-02
1.538333333333333286e+01	-1.284413987738545863e-02
1.540000000000000213e+01	4.237508390550486642e-02
1.541666666666666785e+01	-3.606628215078494515e-02
1.543333333333333357e+01	-7.472068429270313852e-03
1.544999999999999929e+01	9.714954189710141297e-03
1.546666666666666501e+01	-1.594645843767415749e-02
1.548333333333333428e+01	4.406505700692890659e-03
1.550000000000000000e+01	7.564849097329068295e-02
1.551666666666666750e+01	2.795251752689240088e-02
1.553333333333333321e+01	-1.375583953232734080e-02
1.555000000000000249e+01	-8.342554954294931213e-02
1.556666666666666821e+01	-6.518142530238162091e-02
1.558333333333333393e+01	2.864338361077387735e-02
1.559999999999999964e+01	2.156874194229693991e-03
1.561666666666666536e+01	1.787881616959461489e-02
1.563333333333333464e+01	6.115569080977029809e-02
1.565000000000000036e+01	3.373296344627538940e-02
1.566666666666666607e+01	1.295616028272707394e-03
1.568333333333333357e+01	-1.397820000947677839e-03
1.569999999999999929e+01	5.038360372857286773e-02
1.571666666666666856e+01	-3.177719567160013081e-02
1.573333333333333428e+01	1.313306441668548284e-02
1.575000000000000000e+01	8.484765328616429222e-03
1.576666666666666572e+01	4.774514627956606694e-02
1.578333333333333499e+01	-5.576703957476467771e-02
1.580000000000000071e+01	8.258224801032183066e-03
1.581666666666666643e+01	-3.213406281653222868e-02
1.583333333333333393e+01	1.616393517595527893e-02
1.584999999999999964e+01	3.442031606564170676e-02
1.586666666666666892e+01	-1.737510158914703715e-02
1.588333333333333464e+01	-1.133715359132898316e-02
1.590000000000000036e+01	-5.517767342756094845e-02
1.591666666666666607e+01	3.459621387626127254e-02
1.593333333333333179e+01	-2.924042360014960512e-02
1.595000000000000107e+01	2.092130798378518536e-02
1.596666666666666679e+01	-2.193620951505442871e-03
1.598333333333333250e+01	-2.158307370028819672e-02
1.600000000000000000e+01	-5.874912240112745848e-02
1.601666666666666927e+01	-1.569827900552117975e-02
1.603333333333333499e+01	-1.070340478135993999e-02
1.605000000000000071e+01	5.194052628548042477e-02
1.606666666666666643e+01	-3.262501126121847457e-03
1.608333333333333215e+01	1.271781819799561175e-02
1.610000000000000142e+01	-5.116716812663326536e-02
1.611666666666666714e+01	-2.847919330062406024e-02
1.613333333333333286e+01	-5.898242370826346087e-02
1.614999999999999858e+01	-4.632595276839528500e-03
1.616666666666666430e+01	-7.388335775054950989e-03
1.618333333333333357e+01	4.361280699805168172e-03
1.619999999999999929e+01	-5.079043113845811003e-02
1.621666666666666501e+01	1.954376573782196091e-02
1.623333333333333428e+01	1.253650336825164538e-02
1.625000000000000355e+01	-4.637023974113322483e-02
1.626666666666666927e+01	-2.166418663810478276e-02
1.628333333333333499e+01	-3.321968989259741628e-02
1.630000000000000071e+01	-1.815219470927224507e-02
1.631666666666666643e+01	-3.378986780354274050e-02
1.633333333333333570e+01	1.098580117095054702e-02
1.635000000000000142e+01	-7.466130360302921688e-03
1.636666666666666714e+01	8.754964205930794441e-02
1.638333333333333286e+01	-5.983197017001228024e-02
1.639999999999999858e+01	-3.279295735098329556e-02
1.641666666666666785e+01	3.869941636879696556e-02
1.643333333333333357e+01	3.533539787380286096e-02
1.644999999999999929e+01	3.737551769443608202e-02
1.646666666666666501e+01	-5.477552994733062702e-02
1.648333333333333428e+01	-4.958672067019946617e-02
1.650000000000000000e+01	2.102230739969448287e-02
1.651666666666666572e+01	-5.473652379537541010e-03
1.653333333333333144e+01	2.795841411493446213e-02
1.655000000000000071e+01	2.492688783778815309e-02
1.656666666666666998e+01	6.634847392293270751e-02
1.658333333333333570e+01	-4.843118872032631944e-02
1.660000000000000142e+01	-4.536064178009539816e-02
1.661666666666666714e+01	1.736637390704562009e-02
1.663333333333333286e+01	1.904837135834801243e-02
1.665000000000000213e+01	3.383216506129721121e-03
1.666666666666666785e+01	2.349662568801953039e-02
1.668333333333333357e+01	4.107850844041985305e-02
1.669999999999999929e+01	2.996332425840505034e-02
1.671666666666666856e+01	3.587427151888715384e-03
1.673333333333333428e+01	-4.380382733571660386e-02
1.675000000000000000e+01	7.746392946004705682e-02
1.676666666666666572e+01	1.055768099797193410e-02
1.678333333333333144e+01	-1.083646261586506815e-01
1.680000000000000071e+01	-7.552544895319292240e-02
1.681666666666666643e+01	-8.203499260215163166e-03
1.683333333333333215e+01	1.246514781739296689e-02
1.684999999999999787e+01	2.006958702541006626e-02
1.686666666666666714e+01	-1.075556336173636718e-01
1.688333333333333641e+01	2.028262221416928662e-02
1.690000000000000213e+01	-4.447062986893896008e-02
1.691666666666666785e+01	-2.441119562288326938e-02
1.693333333333333357e+01	-9.432293024582120641e-03
1.695000000000000284e+01	3.011081929440596536e-02
1.696666666666666856e+01	-2.212303960249792020e-02
1.698333333333333428e+01	3.828260176116281277e-02
1.700000000000000000e+01	-3.773845139309666558e-02
1.701666666666666572e+01	2.569380740202642510e-02
1.703333333333333499e+01	-3.082764262663573174e-02
1.705000000000000071e+01	-3.369208034427683546e-02
1.706666666666666643e+01	3.728522539698067573e-02
1.708333333333333215e+01	1.521385237248022368e-02
1.709999999999999787e+01	1.675739696783519819e-02
1.711666666666666714e+01	4.203062675804774412e-02
1.713333333333333286e+01	3.017970558403809764e-03
1.714999999999999858e+01	-6.149766549981185160e-02
1.716666666666666430e+01	-2.879084304968983297e-03
1.718333333333333357e+01	1.872420374965100276e-02
1.720000000000000284e+01	-1.796452563323999024e-03
1.721666666666666856e+01	-9.358635273137487498e-02
1.723333333333333428e+01	-7.597425521894921041e-02
1.725000000000000000e+01	3.742738677306259309e-02
1.726666666666666927e+01	2.425953527322556938e-02
1.728333333333333499e+01	-2.778368427932395579e-02
1.730000000000000071e+01	2.959022647172114204e-02
1.731666666666666643e+01	1.414451162249818691e-02
1.733333333333333215e+01	9.421973463427893870e-04
1.735000000000000142e+01	-4.777849304857018781e-03
1.736666666666666714e+01	2.819588791411783806e-03
1.738333333333333286e+01	-6.694799338741605488e-02
1.739999999999999858e+01	4.363937976667554841e-02
1.741666666666666430e+01	-3.953472387576804394e-03
1.743333333333333357e+01	5.596271533454384023e-02
1.744999999999999929e+01	4.945752239694341072e-03
1.746666666666666501e+01	-6.083472575755338729e-02
1.748333333333333428e+01	-3.704996580505706683e-02
1.750000000000000355e+01	1.978457998336526427e-02
1.751666666666666927e+01	-9.063712342503953828e-03
1.753333333333333499e+01	5.363440692897331052e-02
1.755000000000000071e+01	-3.797971955888015255e-02
1.756666666666666643e+01	1.563146014365369204e-03
1.758333333333333570e+01	7.866913508995289350e-02
1.760000000000000142e+01	-7.900951813463588658e-02
1.761666666666666714e+01	3.958815592190309540e-02
1.763333333333333286e+01	4.650175581920042850e-02
1.764999999999999858e+01	3.616153156668019952e-02
1.766666666666666785e+01	6.084855421878321985e-02
1.768333333333333357e+01	5.529666571647291057e-02
1.769999999999999929e+01	1.694659423723048411e-02
1.771666666666666501e+01	-2.215977512894129128e-02
1.773333333333333428e+01	-5.184752011478033218e-02
1.775000000000000000e+01	3.094096345410192461e-02
1.776666666666666572e+01	-4.795138588636116417e-02
1.778333333333333144e+01	-1.139115488612599952e-01
1.780000000000000071e+01	-1.496514594538828069e-02
1.781666666666666998e+01	2.848615372793340469e-02
1.783333333333333570e+01	1.150548971107941132e-02
1.785000000000000142e+01	-2.155715587682412518e-02
1.786666666666666714e+01	1.718839286654835763e-02
1.788333333333333286e+01	-1.280886212745668135e-02
1.790000000000000213e+01	4.973311345847359483e-02
1.791666666666666785e+01	-2.636176916826843755e-02
1.793333333333333357e+01	3.193061277666182918e-02
1.794999999999999929e+01	1.876784099087885948e-03
1.796666666666666856e+01	-9.006760958289901364e-03
1.798333333333333428e+01	2.840808890379991139e-02
1.800000000000000000e+01	-8.671899669031112035e-02
1.801666666666666572e+01	-5.357655415957126438e-02
1.803333333333333144e+01	-5.264708331520931428e-02
1.805000000000000071e+01	2.964926494124934739e-02
1.806666666666666643e+01	3.922883439417783336e-02
1.808333333333333215e+01	8.978294883945770258e-03
1.809999999999999787e+01	-5.219445004201585248e-02
1.811666666666666714e+01	-9.670342406406068694e-03
1.813333333333333641e+01	-3.628189003886045372e-02
1.815000000000000213e+01	6.482916344762539029e-02
1.816666666666666785e+01	-2.425510349371070087e-02
1.818333333333333357e+01	2.729958705906909092e-03
1.820000000000000284e+01	3.046892053175776979e-02
1.821666666666666856e+01	-2.589709283922541488e-02
1.823333333333333428e+01	-3.598730505545597036e-02
1.825000000000000000e+01	5.256839284310936902e-03
1.826666666666666572e+01	-2.532268676479186229e-02
1.828333333333333499e+01	-8.276939769511616404e-03
1.830000000000000071e+01	-5.230467516028292942e-03
1.831666666666666643e+01	2.441890512379055189e-02
1.833333333333333215e+01	7.836285351580565828e-02
1.834999999999999787e+01	2.958217955242294431e-02
1.836666666666666714e+01	-4.449073220388963940e-02
1.838333333333333286e+01	-4.255690431998449680e-02
1.839999999999999858e+01	8.605875272130488959e-03
1.841666666666666430e+01	6.905918636083629818e-03
1.843333333333333357e+01	2.278753239345956971e-02
1.845000000000000284e+01	-4.565311788375139845e-02
1.846666666666666856e+01	3.467330907660787914e-05
1.848333333333333428e+01	1.777220979990037225e-02
1.850000000000000000e+01	1.118052077930924149e-02
1.851666666666666927e+01	-3.622141513356003095e-02
1.853333333333333499e+01	6.510261671856739339e-03
1.855000000000000071e+01	-4.759404615696971597e-02
1.856666666666666643e+01	1.883790947980695102e-02
1.858333333333333215e+01	6.189977500954298856e-02
1.860000000000000142e+01	-5.858878276424803709e-03
1.861666666666666714e+01	2.610001047898758558e-02
1.863333333333333286e+01	3.028086119944946308e-02
1.864999999999999858e+01	3.146196473819603406e-02
1.866666666666666785e+01	3.698620568656470989e-03
1.868333333333333357e+01	-1.665926030533562349e-02
1.869999999999999929e+01	-2.311205383321930651e-02
1.871666666666666501e+01	-6.643371495336471838e-03
1.873333333333333073e+01	-4.195810756718441892e-02
1.875000000000000000e+01	2.629474397844989639e-02
1.876666666666666927e+01	8.581072796118480520e-03
1.878333333333333499e+01	-1.902079702057503027e-02
1.880000000000000071e+01	-4.025212561200934049e-03
1.881666666666666643e+01	-2.409328476027125174e-02
1.883333333333333570e+01	-1.525818353099787916e-02
1.885000000000000142e+01	-3.825431986800736234e-02
1.886666666666666714e+01	-4.446011848096336622e-02
1.888333333333333286e+01	-3.401212828381066505e-02
1.890000000000000213e+01	-1.167874412257086710e-03
1.891666666666666785e+01	8.005397497573183210e-03
1.893333333333333357e+01	6.096821817917960629e-02
1.894999999999999929e+01	5.435939901234443372e-02
1.896666666666666501e+01	1.892745840015251993e-02
1.898333333333333428e+01	-1.619600258009677371e-02
1.900000000000000000e+01	-2.508762660369109193e-02
1.901666666666666572e+01	-4.310027343820731216e-02
1.903333333333333144e+01	8.280759116503560655e-03
1.904999999999999716e+01	-5.630414234513960586e-02
1.906666666666666643e+01	-1.405372843543983667e-02
1.908333333333333570e+01	-1.886594208171304271e-02
1.910000000000000142e+01	1.517643609056536051e-02
1.911666666666666714e+01	9.414443151365990692e-03
1.913333333333333641e+01	-1.966222358340139961e-02
1.915000000000000213e+01	2.245483911340718716e-02
1.916666666666666785e+01	-6.202274448350306862e-02
1.918333333333333357e+01	-2.183042155590919631e-02
1.919999999999999929e+01	4.083096968899112972e-02
1.921666666666666856e+01	3.716591918256891003e-02
1.923333333333333428e+01	4.517988369981661839e-02
1.925000000000000000e+01	3.010235405581529466e-02
1.926666666666666572e+01	-2.675250593187951387e-02
1.928333333333333144e+01	4.168300498929523867e-02
1.930000000000000071e+01	-6.679656163791284317e-03
1.931666666666666643e+01	-4.754687520957888436e-03
1.933333333333333215e+01	-2.191159469680164021e-02
1.934999999999999787e+01	-7.384256782917289486e-02
1.936666666666666714e+01	3.356272970296936276e-02
1.938333333333333641e+01	-4.343835549464848678e-02
1.940000000000000213e+01	1.821318065873561015e-02
1.941666666666666785e+01	1.453848418296833922e-02
1.943333333333333357e+01	2.497286612987732399e-02
1.945000000000000284e+01	4.350548504086225454e-02
1.946666666666666856e+01	-3.939523543190063572e-03
1.948333333333333428e+01	7.364514903357682017e-03
1.950000000000000000e+01	3.020786400628849844e-02
1.951666666666666572e+01	-2.759600631353955474e-02
1.953333333333333499e+01	5.929568402211514433e-02
1.955000000000000071e+01	-8.218151939601740091e-03
1.956666666666666643e+01	5.577099013512846343e-02
1.958333333333333215e+01	-3.296817309689490522e-02
1.960000000000000142e+01	-9.284795123002342887e-02
1.961666666666666714e+01	-4.723796336223133607e-02
1.963333333333333286e+01	2.654146853748135665e-02
1.964999999999999858e+01	-6.687275933638725522e-02
1.966666666666666430e+01	-1.651521606081467761e-03
1.968333333333333357e+01	-1.883754361764434365e-02
1.970000000000000284e+01	-2.300245053178783319e-02
1.971666666666666856e+01	4.712507954883958516e-02
1.973333333333333428e+01	3.544611807381650714e-03
1.975000000000000000e+01	-1.201664638586007368e-02
1.976666666666666927e+01	9.515970799869791219e-02
1.978333333333333499e+01	4.029243697380039194e-03
1.980000000000000071e+01	-1.282490047711488945e-02
1.981666666666666643e+01	7.909323684237148933e-03
1.983333333333333570e+01	1.139169838865999526e-02
1.985000000000000142e+01	-5.014886206023548565e-02
1.986666666666666714e+01	-6.974908554880911160e-02
1.988333333333333286e+01	-9.403048321382770011e-03
1.989999999999999858e+01	-1.643924051460487687e-02
1.991666666666666785e+01	6.240774573364050309e-02
1.993333333333333357e+01	-4.819336537754002371e-03
1.994999999999999929e+01	-4.952389208165904055e-02
1.996666666666666501e+01	-6.411651721057007314e-02
1.998333333333333073e+01	1.878539042455812727e-02
2.000000000000000000e+01	-1.708323746103255353e-02
2.001666666666666927e+01	-4.560481268512252967e-02
2.003333333333333499e+01	-8.122122220747495652e-03
2.005000000000000071e+01	3.423581846188625960e-02
2.006666666666666643e+01	-3.311770623126737007e-02
2.008333333333333570e+01	-5.753568955585824582e-03
2.010000000000000142e+01	-1.078164388784765872e-02
2.011666666666666714e+01	5.345534906028247268e-02
2.013333333333333286e+01	2.169969411835962619e-02
2.015000000000000213e+01	1.980622700065972665e-03
2.016666666666666785e+01	5.830599808797276573e-02
2.018333333333333357e+01	-2.637733561459432857e-02
2.019999999999999929e+01	3.067950098458929395e-02
2.021666666666666501e+01	-3.290597143959045345e-02
2.023333333333333428e+01	6.094681955380282928e-02
2.025000000000000000e+01	3.216258716172352983e-02
2.026666666666666572e+01	-9.387879630305956749e-03
2.028333333333333144e+01	-4.744382888282098337e-02
2.029999999999999716e+01	-9.106024415469139016e-03
2.031666666666666643e+01	-1.973446732632255438e-03
2.033333333333333570e+01	3.650953227180577659e-02
2.035000000000000142e+01	-2.897488188203359294e-02
2.036666666666666714e+01	1.972048679809521032e-02
2.038333333333333641e+01	2.158567796222112325e-02
2.040000000000000213e+01	-3.734557848124445134e-03
2.041666666666666785e+01	4.018387850498165298e-02
2.043333333333333357e+01	-2.910088985579508195e-02
2.044999999999999929e+01	-8.827605410589262763e-03
2.046666666666666856e+01	1.658438324674761308e-02
2.048333333333333428e+01	4.437255176097457121e-02
2.050000000000000000e+01	1.408885844817165701e-02
2.051666666666666572e+01	4.156882055927982496e-03
2.053333333333333144e+01	-3.310009560258407590e-02
2.055000000000000071e+01	3.279826199263926462e-02
2.056666666666666643e+01	-1.542146457410123808e-02
2.058333333333333215e+01	-6.209691997188339363e-02
2.059999999999999787e+01	-3.657221127061319188e-02
2.061666666666666714e+01	-5.631306796456621300e-02
2.063333333333333286e+01	2.253243453696174986e-02
2.065000000000000213e+01	-2.161958451244211724e-02
2.066666666666666785e+01	4.467064945066195197e-02
