Time_us	Received_Longitudinal
0.000000000000000000e+00	3.506605454170935027e-02
1.666666666666666644e-02	2.438429554076603292e-02
3.333333333333333287e-02	-2.859456418651465381e-02
4.999999999999999584e-02	6.523996300951198646e-02
6.666666666666666574e-02	4.961537967087425310e-02
8.333333333333334259e-02	7.721662941313436890e-02
9.999999999999999167e-02	6.736282975968324593e-02
1.166666666666666685e-01	2.996448177230149473e-03
1.333333333333333315e-01	-8.615406279038663462e-02
1.499999999999999944e-01	-1.198807984856227887e-01
1.666666666666666852e-01	-1.519851870812718997e-01
1.833333333333333204e-01	-1.813568307967292625e-01
1.999999999999999833e-01	-1.137979668120656651e-01
2.166666666666666741e-01	-5.760257012552925243e-02
2.333333333333333370e-01	6.997998064513659411e-02
2.500000000000000000e-01	8.167084937043044002e-02
2.666666666666666630e-01	1.407509555771521981e-01
2.833333333333333814e-01	1.847057002362512412e-01
2.999999999999999889e-01	1.635574897147072382e-01
3.166666666666666519e-01	1.178356782731956043e-01
3.333333333333333703e-01	3.494830742786006472e-02
3.499999999999999778e-01	-7.679713886432308623e-02
3.666666666666666408e-01	-1.012217184930242486e-01
3.833333333333333592e-01	-1.316494617464057937e-01
3.999999999999999667e-01	-1.553677604869387052e-01
4.166666666666666852e-01	-1.143999059829421683e-01
4.333333333333333481e-01	-6.942831524890503980e-02
4.500000000000000111e-01	-1.758975816658049857e-03
4.666666666666666741e-01	3.282531402507698343e-02
4.833333333333332815e-01	7.798704536906066187e-02
5.000000000000000000e-01	7.748294526045843011e-02
5.166666666666666075e-01	6.658922476830629600e-02
5.333333333333333259e-01	4.387202216470930533e-02
5.500000000000000444e-01	-1.769479042947050274e-02
5.666666666666667629e-01	-2.031672084964138147e-02
5.833333333333333703e-01	-2.897173779035140326e-02
5.999999999999999778e-01	-5.656755274126724908e-02
6.166666666666666963e-01	-4.683517468273432766e-02
6.333333333333333037e-01	-6.609592012034234965e-02
6.500000000000000222e-01	-4.305045127135163907e-02
6.666666666666667407e-01	-7.583451943199179257e-02
6.833333333333333481e-01	5.935758085312582699e-02
6.999999999999999556e-01	2.146969680174528119e-02
7.166666666666666741e-01	6.033685527052315423e-02
7.333333333333332815e-01	1.977131153486452395e-02
7.500000000000000000e-01	4.122410330106745374e-02
7.666666666666667185e-01	-3.630088148337666520e-02
7.833333333333334370e-01	-1.033909605607632662e-02
7.999999999999999334e-01	-3.671586255176351177e-02
8.166666666666666519e-01	-1.761197146926142543e-02
8.333333333333333703e-01	-5.167038667497596965e-02
8.499999999999999778e-01	1.288712745028559523e-02
8.666666666666666963e-01	-3.458979796953664393e-02
8.833333333333334147e-01	-6.178594719496438049e-03
9.000000000000000222e-01	5.029065757992061403e-02
9.166666666666666297e-01	5.847407219912447406e-03
9.333333333333333481e-01	-1.208229743966839943e-02
9.499999999999999556e-01	-9.789288080933522193e-04
9.666666666666665630e-01	-5.372592856571926923e-02
9.833333333333333925e-01	-5.122978311653667537e-03
1.000000000000000000e+00	2.296145995831997463e-03
1.016666666666666829e+00	4.874114988748708133e-02
1.033333333333333215e+00	-3.787339631627231751e-02
1.050000000000000044e+00	-1.348554927712533255e-02
1.066666666666666652e+00	-8.352799665465691914e-02
1.083333333333333259e+00	8.536706600482968713e-03
1.100000000000000089e+00	-2.771025031146969256e-02
1.116666666666666696e+00	1.758285438685156833e-03
1.133333333333333526e+00	-8.201206536897822155e-03
1.149999999999999911e+00	1.277469234582941614e-02
1.166666666666666741e+00	4.824521173315850404e-03
1.183333333333333348e+00	2.347295018223219051e-02
1.199999999999999956e+00	-4.371302138974614282e-02
1.216666666666666785e+00	-1.135712911955442418e-02
1.233333333333333393e+00	2.526811991454501125e-02
1.250000000000000000e+00	1.023681218054949167e-02
1.266666666666666607e+00	-2.646574663795366392e-03
1.283333333333333215e+00	4.298823287611264893e-03
1.300000000000000044e+00	3.839436270465677870e-02
1.316666666666666652e+00	4.539038540294206524e-03
1.333333333333333481e+00	6.158352377719283205e-02
1.350000000000000089e+00	2.107016384725431124e-02
1.366666666666666696e+00	-3.327524380093345446e-02
1.383333333333333304e+00	-1.721950091110219933e-02
1.399999999999999911e+00	-1.623126299798110031e-02
1.416666666666666741e+00	1.982127092022697643e-02
1.433333333333333348e+00	4.504953498923850927e-03
1.450000000000000178e+00	-2.508641615224283666e-02
1.466666666666666563e+00	-3.731728642297939269e-02
1.483333333333333393e+00	2.050359426464036863e-02
1.500000000000000000e+00	-1.210489632659611688e-02
1.516666666666666607e+00	-1.276035664928136353e-02
1.533333333333333437e+00	4.238739272062831687e-02
1.550000000000000044e+00	3.084764984350057970e-02
1.566666666666666874e+00	-2.087808058667086838e-02
1.583333333333333259e+00	3.424834094906943627e-02
1.599999999999999867e+00	1.109353501838157390e-03
1.616666666666666696e+00	-1.745067455092535677e-02
1.633333333333333304e+00	-8.736609067545806837e-03
1.650000000000000133e+00	-2.170654087128284782e-02
1.666666666666666741e+00	-6.669054995984945167e-02
1.683333333333333348e+00	-1.203464745655465420e-02
1.699999999999999956e+00	-1.796938925409413343e-02
1.716666666666666563e+00	-1.336919699883074193e-02
1.733333333333333393e+00	-4.106350558125558547e-02
1.750000000000000000e+00	1.175549858061071366e-02
1.766666666666666829e+00	-3.417934807813305387e-02
1.783333333333333437e+00	3.161278665735275245e-02
1.800000000000000044e+00	1.535080875462936298e-02
1.816666666666666652e+00	-1.450615130293218639e-02
1.833333333333333259e+00	-2.303909829891756869e-02
1.850000000000000089e+00	-4.523653988280625093e-02
1.866666666666666696e+00	3.575812313544689171e-03
1.883333333333333526e+00	1.443944418315186917e-03
1.899999999999999911e+00	-1.057453621994317375e-02
1.916666666666666741e+00	4.798415271588731684e-02
1.933333333333333126e+00	-2.919643261982651089e-02
1.949999999999999956e+00	-1.372922950784536723e-02
1.966666666666666785e+00	3.780621586640468823e-02
1.983333333333333615e+00	-2.329930520470886030e-02
2.000000000000000000e+00	2.688520220699331872e-02
2.016666666666666607e+00	2.787695562277744954e-02
2.033333333333333659e+00	3.818614421505753254e-02
2.049999999999999822e+00	-3.910124656947217697e-02
2.066666666666666430e+00	4.162824883558764212e-03
2.083333333333333481e+00	1.367164235030362239e-02
2.100000000000000089e+00	-5.029054512973728935e-02
2.116666666666666696e+00	-4.033381761690399935e-03
2.133333333333333304e+00	1.549662517279725045e-02
2.150000000000000355e+00	-1.406319127476731920e-02
2.166666666666666519e+00	-1.496967141893465469e-02
2.183333333333333126e+00	-1.276089376548786465e-02
2.200000000000000178e+00	2.551393780003101755e-02
2.216666666666666785e+00	-8.432883773795488147e-03
2.233333333333333393e+00	1.045113453083983124e-02
2.250000000000000000e+00	1.748913882036666522e-03
2.266666666666667052e+00	4.351814373811820763e-02
2.283333333333333215e+00	-5.977510410712476296e-04
2.299999999999999822e+00	-9.041393973356871838e-02
2.316666666666666874e+00	-5.575408963784520694e-02
2.333333333333333481e+00	3.413153006437397857e-02
2.350000000000000089e+00	4.260576375635245772e-02
2.366666666666666696e+00	1.643230620066169628e-02
2.383333333333333304e+00	7.357549341491378264e-03
2.399999999999999911e+00	-1.323103359013526163e-04
2.416666666666666519e+00	1.362787195756463496e-02
2.433333333333333570e+00	-4.862553968325476761e-02
2.450000000000000178e+00	-1.110747466782139800e-02
2.466666666666666785e+00	-3.064680812830768153e-02
2.483333333333333393e+00	-1.617189156107058656e-02
2.500000000000000000e+00	6.424034921046826996e-02
2.516666666666666607e+00	8.184194408593956083e-03
2.533333333333333215e+00	-3.510328237736030921e-02
2.550000000000000266e+00	-1.519984534789540001e-02
2.566666666666666430e+00	-1.069542409893804898e-02
2.583333333333333481e+00	-6.033801951735016239e-02
2.600000000000000089e+00	-3.761556999659523837e-02
2.616666666666666696e+00	-3.265083887473713663e-03
2.633333333333333304e+00	3.356404500776188904e-02
2.649999999999999911e+00	-3.078863623065556006e-03
2.666666666666666963e+00	3.901229612996557489e-02
2.683333333333333126e+00	-6.132784934419555252e-03
2.700000000000000178e+00	2.183809905871522683e-02
2.716666666666666785e+00	5.316999421394980052e-02
2.733333333333333393e+00	-5.883605377519232973e-04
2.750000000000000000e+00	-4.480865443075804366e-02
2.766666666666666607e+00	8.247814157061753373e-03
2.783333333333333659e+00	2.241828358186144336e-03
2.799999999999999822e+00	-5.930103485974433375e-03
2.816666666666666874e+00	2.959171071054388438e-02
2.833333333333333481e+00	1.426382880521399714e-02
2.850000000000000089e+00	-2.441047029456915735e-02
2.866666666666666696e+00	-2.225523649450044175e-02
2.883333333333333304e+00	4.503739742191179007e-02
2.900000000000000355e+00	3.098858485112555156e-02
2.916666666666666519e+00	-5.299124964905228830e-02
2.933333333333333126e+00	4.909060629173641471e-02
2.950000000000000178e+00	3.801816578084106502e-02
2.966666666666666785e+00	-1.203963313843907715e-02
2.983333333333333393e+00	-2.781477749582201078e-03
3.000000000000000000e+00	2.764627346340099365e-02
3.016666666666667052e+00	-5.991370106988570116e-03
3.033333333333333215e+00	-4.355443339339002719e-03
3.049999999999999822e+00	3.391423255456168379e-02
3.066666666666666874e+00	-5.362357743445422820e-02
3.083333333333333481e+00	1.409751647697476485e-04
3.100000000000000089e+00	6.293805390583720460e-02
3.116666666666666696e+00	1.205502300829380292e-02
3.133333333333333748e+00	-1.739074394731740525e-02
3.149999999999999911e+00	4.294037209591416993e-02
3.166666666666666519e+00	6.683872596166204327e-02
3.183333333333333570e+00	-5.624217858256538860e-02
3.199999999999999734e+00	1.642718305574683655e-03
3.216666666666666785e+00	8.003173641999521831e-03
3.233333333333333393e+00	-3.415288227336002458e-02
3.250000000000000444e+00	3.108804374725733510e-02
3.266666666666666607e+00	-2.422611447638369376e-03
3.283333333333333215e+00	7.589880390542153021e-02
3.300000000000000266e+00	4.032673637376394532e-02
3.316666666666666430e+00	4.416624882853438516e-02
3.333333333333333481e+00	5.573753339796163470e-02
3.350000000000000089e+00	-3.021029757670134347e-02
3.366666666666666696e+00	-1.467432147983016924e-02
3.383333333333333304e+00	-2.252555141596413249e-02
3.399999999999999911e+00	-3.583754851966740318e-02
3.416666666666666963e+00	-3.405187724862335924e-02
3.433333333333333126e+00	-2.923567501545844532e-03
3.450000000000000178e+00	-7.415697240634445270e-03
3.466666666666666785e+00	-4.214592785991834456e-02
3.483333333333333393e+00	-3.275113487812184032e-02
3.500000000000000000e+00	-1.247372375235525008e-02
3.516666666666666607e+00	1.734166925763278716e-02
3.533333333333333659e+00	-3.789966099139230327e-02
3.549999999999999822e+00	-3.780635153814344580e-03
3.566666666666666874e+00	-3.990035223011813292e-02
3.583333333333333481e+00	2.124869213404370280e-02
3.600000000000000089e+00	2.972286994831405127e-02
3.616666666666666696e+00	4.119563569537983139e-02
3.633333333333333304e+00	4.789533253919888572e-02
3.650000000000000355e+00	1.245878661305803957e-02
3.666666666666666519e+00	1.543323630816621599e-02
3.683333333333333570e+00	-4.209227112746614236e-02
3.700000000000000178e+00	5.770866033052136218e-02
3.716666666666666785e+00	3.430186104547726378e-02
3.733333333333333393e+00	2.656387343555077080e-02
3.750000000000000000e+00	-1.164086666348013513e-02
3.766666666666667052e+00	-5.447680587812191860e-02
3.783333333333333215e+00	-3.180746998094431677e-02
3.799999999999999822e+00	-2.303320047406062776e-02
3.816666666666666874e+00	1.158997790888041148e-02
3.833333333333333481e+00	3.028241493649609130e-03
3.850000000000000533e+00	-2.107457839000870942e-02
3.866666666666666252e+00	-6.567740677790295106e-03
3.883333333333333304e+00	2.245600326777497796e-02
3.899999999999999911e+00	-5.236553147868010932e-03
3.916666666666666519e+00	4.127945947698815482e-02
3.933333333333333570e+00	-4.922849833621151944e-02
3.950000000000000178e+00	-1.627286121303699387e-02
3.966666666666667229e+00	-4.838496910865723415e-03
3.983333333333332948e+00	-1.241868798269131491e-02
4.000000000000000000e+00	-1.291114058404151804e-02
4.016666666666666607e+00	2.447560721813553733e-02
4.033333333333333215e+00	-6.683309450602498581e-04
4.049999999999999822e+00	-1.857897364113568137e-02
4.066666666666667318e+00	4.710456861821737257e-02
4.083333333333333925e+00	1.069538595389050648e-02
4.099999999999999645e+00	4.766998196852646752e-02
4.116666666666666252e+00	4.287003458296944833e-03
4.133333333333332860e+00	1.091690486801508327e-02
4.150000000000000355e+00	-1.659201841678966879e-02
4.166666666666666963e+00	-2.130606204716629926e-02
4.183333333333333570e+00	-6.451236729853485757e-03
4.200000000000000178e+00	-1.910195765847279639e-02
4.216666666666666785e+00	-1.094605594094387978e-02
4.233333333333333393e+00	2.374697855840023422e-02
4.250000000000000000e+00	1.500163682514367783e-02
4.266666666666666607e+00	1.763349713587265138e-02
4.283333333333333215e+00	-1.106777609468080278e-02
4.300000000000000711e+00	-2.343579736761257359e-02
4.316666666666667318e+00	5.663803060699455251e-03
4.333333333333333037e+00	4.266597828079155691e-02
4.349999999999999645e+00	2.355276952453426095e-02
4.366666666666666252e+00	-5.133101310010055110e-03
4.383333333333333748e+00	-3.304972746272695494e-02
4.400000000000000355e+00	-4.190071813899577668e-02
4.416666666666666963e+00	3.399482240491082802e-02
4.433333333333333570e+00	3.109519201148337741e-02
4.450000000000000178e+00	2.290847870982760937e-02
4.466666666666666785e+00	2.925312547106281511e-02
4.483333333333333393e+00	9.017364534339834467e-03
4.500000000000000000e+00	1.467049432665265725e-02
4.516666666666666607e+00	-4.464318278165627790e-02
4.533333333333334103e+00	6.769346569572229529e-03
4.550000000000000711e+00	-3.986088029844889191e-02
4.566666666666666430e+00	3.234155692563402129e-02
4.583333333333333037e+00	-3.760357534406481156e-02
4.599999999999999645e+00	-3.104028987506019660e-03
4.616666666666667140e+00	-5.352321474008820551e-02
4.633333333333333748e+00	2.470571885161783332e-02
4.650000000000000355e+00	1.284218644958301687e-02
4.666666666666666963e+00	-6.753947043827876473e-02
4.683333333333332682e+00	-4.037154559094117967e-02
4.700000000000000178e+00	-2.156739525223852830e-02
4.716666666666666785e+00	1.744372335960314366e-02
4.733333333333333393e+00	-4.877976382413194874e-03
4.750000000000000000e+00	-1.183609646779702242e-02
4.766666666666666607e+00	-2.924593271466738482e-03
4.783333333333334103e+00	1.339563927809111869e-02
4.799999999999999822e+00	5.342730456606426676e-03
4.816666666666666430e+00	-3.223577009738208977e-03
4.833333333333333037e+00	5.378746961262900056e-02
4.850000000000000533e+00	4.761604342938719099e-03
4.866666666666667140e+00	-3.618457666926256505e-02
4.883333333333333748e+00	1.059822738441439614e-02
4.900000000000000355e+00	-7.256815950167614521e-03
4.916666666666666075e+00	-1.770809919626719145e-02
4.933333333333333570e+00	-4.220245963371267728e-02
4.950000000000000178e+00	5.201061124237854475e-04
4.966666666666666785e+00	-2.132590483775983689e-02
4.983333333333333393e+00	-2.653533526034522472e-02
5.000000000000000000e+00	-1.355065001396462722e-02
5.016666666666666607e+00	-1.798719144667168882e-02
5.033333333333333215e+00	2.504426464955720327e-02
5.049999999999999822e+00	2.419927123116557416e-02
5.066666666666666430e+00	-4.835958188908945354e-03
5.083333333333333925e+00	3.473051753069587161e-02
5.100000000000000533e+00	1.855678325366174122e-02
5.116666666666667140e+00	1.505618488504597598e-02
5.133333333333332860e+00	-3.942000629398500350e-02
5.149999999999999467e+00	-1.391475584089727977e-02
5.166666666666666963e+00	4.992309531099957398e-02
5.183333333333333570e+00	-7.193021735224794204e-03
5.200000000000000178e+00	3.916347230428078585e-02
5.216666666666666785e+00	6.723441125155755907e-04
5.233333333333333393e+00	-9.056683778781045996e-03
5.250000000000000000e+00	-5.956707503209702353e-02
5.266666666666666607e+00	-1.844784595142389717e-03
5.283333333333333215e+00	-5.583138224067437858e-04
5.299999999999999822e+00	-2.405459993277273483e-05
5.316666666666666430e+00	-2.924971517681777822e-03
5.333333333333333925e+00	-5.778052145180723881e-03
5.350000000000000533e+00	7.524221739029060378e-03
5.366666666666666252e+00	-1.019562600116781341e-02
5.383333333333332860e+00	-6.430787225240972016e-02
5.400000000000000355e+00	3.547418120461102303e-02
5.416666666666666963e+00	5.408366837511404367e-03
5.433333333333333570e+00	1.559766545265378265e-02
5.450000000000000178e+00	-1.433616365607750208e-03
5.466666666666666785e+00	3.831434241207541669e-02
5.483333333333333393e+00	3.558438725498719313e-02
5.500000000000000000e+00	-1.343616726949107068e-02
5.516666666666666607e+00	2.314542656787846667e-02
5.533333333333333215e+00	3.382798205812590723e-03
5.549999999999999822e+00	2.377583057970968777e-02
5.566666666666667318e+00	-4.046542832894365477e-02
5.583333333333333925e+00	-4.878580039381513050e-02
5.599999999999999645e+00	-1.515012498262045468e-02
5.616666666666666252e+00	2.384988075837360735e-02
5.633333333333333748e+00	2.523538217866059391e-02
5.650000000000000355e+00	9.673440165858214479e-03
5.666666666666666963e+00	2.551462066069479923e-02
5.683333333333333570e+00	-1.029614189263798434e-02
5.700000000000000178e+00	4.472740210573289930e-03
5.716666666666666785e+00	1.891389013937878026e-03
5.733333333333333393e+00	2.749265874541821641e-03
5.750000000000000000e+00	-3.373149523734573357e-02
5.766666666666666607e+00	-1.755643499238430244e-02
5.783333333333333215e+00	1.237539821915767217e-02
5.800000000000000711e+00	-4.824600474564647717e-02
5.816666666666667318e+00	2.591631819777472784e-02
5.833333333333333037e+00	6.016296704766863762e-03
5.849999999999999645e+00	1.610505891118937244e-02
5.866666666666666252e+00	-1.286090817431653766e-02
5.883333333333333748e+00	3.859952438962777760e-02
5.900000000000000355e+00	-5.801350926471658676e-02
5.916666666666666963e+00	-3.221818259154755199e-02
5.933333333333333570e+00	2.141814818837379022e-02
5.950000000000000178e+00	7.242299224626718487e-04
5.966666666666666785e+00	-2.206379489728562543e-02
5.983333333333333393e+00	-1.830410256846252146e-03
6.000000000000000000e+00	-6.259363971238623807e-03
6.016666666666666607e+00	1.753923965893033551e-02
6.033333333333334103e+00	3.091008313140214056e-02
6.050000000000000711e+00	-2.878371038543077465e-02
6.066666666666666430e+00	-2.558044926989258214e-02
6.083333333333333037e+00	5.785619113566625032e-02
6.099999999999999645e+00	-8.234588995615656909e-03
6.116666666666667140e+00	3.445804341195188997e-02
6.133333333333333748e+00	-8.197911340722224827e-02
6.150000000000000355e+00	-7.100030631829289118e-02
6.166666666666666963e+00	2.364913608664380787e-02
6.183333333333333570e+00	1.591798413910586532e-02
6.200000000000000178e+00	-4.950289251861045292e-02
6.216666666666666785e+00	-1.623250846820653570e-02
6.233333333333333393e+00	3.476154794720116847e-02
6.250000000000000000e+00	6.666433455453795592e-03
6.266666666666667496e+00	1.329065636670672280e-03
6.283333333333334103e+00	-1.458161680876940425e-02
6.299999999999999822e+00	-1.709458981321979737e-02
6.316666666666666430e+00	-3.674928061429632437e-02
6.333333333333333037e+00	-5.370758610812442074e-02
6.350000000000000533e+00	3.638525555338232957e-03
6.366666666666667140e+00	-1.038155140575912350e-02
6.383333333333333748e+00	-1.877879598331260586e-02
6.399999999999999467e+00	-2.079779133657287671e-02
6.416666666666666075e+00	-6.423103440536996958e-03
6.433333333333333570e+00	2.094478257001291047e-02
6.450000000000000178e+00	1.772698474475514763e-02
6.466666666666666785e+00	-4.961208924569304735e-03
6.483333333333333393e+00	4.770284435970308795e-02
6.500000000000000888e+00	-4.387201718616126102e-03
6.516666666666666607e+00	2.693255075819372263e-02
6.533333333333333215e+00	2.123480949674234203e-02
6.549999999999999822e+00	5.093363491814222044e-02
6.566666666666666430e+00	-4.757231331423396326e-02
6.583333333333333925e+00	2.887678392622049575e-02
6.600000000000000533e+00	2.367815336948799615e-02
6.616666666666667140e+00	-1.229387405986291822e-02
6.633333333333332860e+00	-2.686230023246799492e-02
6.649999999999999467e+00	1.536038784926121916e-04
6.666666666666666963e+00	3.619681073455172787e-02
6.683333333333333570e+00	-1.836036025657358794e-02
6.700000000000000178e+00	-1.708743157283000927e-02
6.716666666666666785e+00	4.928549536384766415e-03
6.733333333333333393e+00	-2.272040138225243228e-02
6.750000000000000000e+00	-4.162949310542739256e-02
6.766666666666666607e+00	3.913698896987770695e-03
6.783333333333333215e+00	-1.933800755656328932e-02
6.799999999999999822e+00	-1.873652292365874522e-02
6.816666666666667318e+00	-1.189675961280765686e-02
6.833333333333333925e+00	-3.516046076374240714e-02
6.850000000000000533e+00	6.411875055680056959e-03
6.866666666666666252e+00	4.126824318896862333e-03
6.883333333333332860e+00	3.597526039850430790e-02
6.900000000000000355e+00	-2.933513711062741072e-02
6.916666666666666963e+00	-1.803195363408588653e-03
6.933333333333333570e+00	5.415386020434646147e-02
6.950000000000000178e+00	4.448386911034141189e-02
6.966666666666666785e+00	-7.770525014360755989e-03
6.983333333333333393e+00	-1.231442890188772649e-02
7.000000000000000000e+00	-1.097522448984917381e-02
7.016666666666666607e+00	2.953298037838862980e-02
7.033333333333333215e+00	-3.294476915109591231e-02
7.049999999999999822e+00	4.915037177252335777e-03
7.066666666666667318e+00	3.191569479154729438e-02
7.083333333333333925e+00	-3.054750049017872227e-02
7.099999999999999645e+00	2.310403870128452039e-02
7.116666666666666252e+00	4.884211984822909441e-02
7.133333333333333748e+00	-1.189758921297237940e-02
7.150000000000000355e+00	-2.194689690482886160e-02
7.166666666666666963e+00	-1.388310466789318721e-02
7.183333333333333570e+00	1.315127804896815134e-02
7.200000000000000178e+00	1.745482007304914249e-02
7.216666666666666785e+00	-2.490309008111020461e-02
7.233333333333333393e+00	2.936242867081917808e-04
7.250000000000000000e+00	-6.211881519200945084e-03
7.266666666666666607e+00	1.217332184478040966e-02
7.283333333333333215e+00	1.474222751602634676e-02
7.300000000000000711e+00	2.327295563021864258e-02
7.316666666666667318e+00	2.214774487936222933e-02
7.333333333333333037e+00	5.309372859424005969e-02
7.349999999999999645e+00	-1.247083278635165333e-02
7.366666666666667140e+00	1.029951086342980986e-02
7.383333333333333748e+00	-1.159826910456453197e-02
7.400000000000000355e+00	9.240622803935385696e-03
7.416666666666666963e+00	5.238167625978537578e-02
7.433333333333333570e+00	-6.970386862273720598e-03
7.450000000000000178e+00	-1.182225470637173793e-02
7.466666666666666785e+00	1.400232458139855259e-02
7.483333333333333393e+00	3.925080735786849913e-03
7.500000000000000000e+00	-2.530639818519877637e-03
7.516666666666666607e+00	-2.109265853860300619e-02
7.533333333333334103e+00	-4.551451599682087429e-02
7.550000000000000711e+00	-5.000137902402584066e-03
7.566666666666666430e+00	2.400217645154345200e-02
7.583333333333333037e+00	-3.662535083055061536e-02
7.599999999999999645e+00	1.463811275756662054e-02
7.616666666666667140e+00	-2.012547950396517335e-02
7.633333333333333748e+00	-1.786540754153151736e-02
7.649999999999999467e+00	3.423791530616026452e-02
7.666666666666666963e+00	-1.785468969381559176e-02
7.683333333333333570e+00	-4.778857260414828834e-02
7.700000000000001066e+00	4.464659729120228765e-02
7.716666666666666785e+00	-1.832907989888860750e-02
7.733333333333332504e+00	2.532145076178178578e-02
7.750000000000000000e+00	4.340617091678917669e-03
7.766666666666666607e+00	5.486887124272509658e-02
7.783333333333334103e+00	-3.110773947232772438e-02
7.799999999999999822e+00	-2.559831396377715632e-02
7.816666666666667318e+00	4.045666012806493211e-02
7.833333333333333037e+00	-5.279199204119666006e-02
7.849999999999999645e+00	5.316088721269317252e-02
7.866666666666667140e+00	-3.906853364166407161e-03
7.883333333333332860e+00	1.904489146668402605e-02
7.900000000000000355e+00	-1.844658377815985156e-02
7.916666666666666963e+00	4.486975600756048024e-03
7.933333333333334458e+00	2.074968619991180568e-02
7.950000000000000178e+00	8.265800744171958661e-03
7.966666666666665897e+00	2.709553950181407475e-03
7.983333333333333393e+00	6.716995643000817431e-03
8.000000000000000000e+00	2.013944940146095500e-02
8.016666666666667496e+00	6.465531489756214112e-02
8.033333333333333215e+00	9.301760997776516854e-03
8.050000000000000711e+00	1.186169539518949767e-02
8.066666666666666430e+00	1.381752942331009731e-02
8.083333333333332149e+00	4.446892366435054728e-02
8.099999999999999645e+00	3.513931280305712668e-02
8.116666666666667140e+00	1.134700993806805371e-02
8.133333333333334636e+00	3.814084894055592284e-02
8.150000000000000355e+00	4.736880082167575778e-02
8.166666666666667851e+00	4.115481620814147312e-02
8.183333333333333570e+00	1.131883499045441693e-01
8.199999999999999289e+00	1.046243780377329180e-01
8.216666666666666785e+00	1.330526025004380442e-01
8.233333333333332504e+00	6.138477681079570342e-02
8.250000000000000000e+00	1.423717504132671063e-01
8.266666666666665719e+00	1.219043133232499410e-01
8.283333333333334991e+00	1.643312697252828636e-01
8.300000000000000711e+00	1.111173027563327198e-01
8.316666666666666430e+00	1.434441508372901741e-01
8.333333333333333925e+00	1.665068060662426019e-01
8.349999999999999645e+00	1.222177256894496633e-01
8.366666666666667140e+00	1.319258017717497289e-01
8.383333333333332860e+00	1.311064903080554067e-01
8.400000000000000355e+00	6.188955844534077544e-02
8.416666666666666075e+00	9.571414515609599771e-02
8.433333333333333570e+00	1.645195728299233551e-01
8.450000000000001066e+00	6.251036550416959325e-02
8.466666666666666785e+00	5.861913287911604126e-03
8.483333333333334281e+00	2.254047623599423743e-03
8.500000000000000000e+00	-4.797188503131473436e-02
8.516666666666667496e+00	-5.494759071463056754e-02
8.533333333333333215e+00	-1.023450998828566161e-01
8.549999999999998934e+00	-1.187520919986634477e-01
8.566666666666666430e+00	-1.990802583882282650e-01
8.583333333333332149e+00	-3.040957767636709441e-01
8.600000000000001421e+00	-2.962439305107713583e-01
8.616666666666667140e+00	-3.432889811074099073e-01
8.633333333333334636e+00	-3.933657226045934596e-01
8.650000000000000355e+00	-5.021362211904709660e-01
8.666666666666666075e+00	-4.438186252080855709e-01
8.683333333333333570e+00	-5.230513597869316245e-01
8.699999999999999289e+00	-5.817279763467823051e-01
8.716666666666666785e+00	-6.051247712137139967e-01
8.733333333333332504e+00	-5.810860237648680648e-01
8.750000000000001776e+00	-6.323491122654417707e-01
8.766666666666667496e+00	-5.806606798533093805e-01
8.783333333333333215e+00	-5.838102423961736287e-01
8.800000000000000711e+00	-6.122877539013921178e-01
8.816666666666666430e+00	-5.603949600133459885e-01
8.833333333333333925e+00	-5.684464258651655832e-01
8.849999999999999645e+00	-4.942696814646554970e-01
8.866666666666667140e+00	-4.617383319959595944e-01
8.883333333333332860e+00	-3.712881972856921231e-01
8.900000000000000355e+00	-3.656001800694839710e-01
8.916666666666667851e+00	-3.043511223811867783e-01
8.933333333333333570e+00	-2.352764496756738211e-01
8.950000000000001066e+00	-8.520595944112005493e-02
8.966666666666666785e+00	-8.038110600275695516e-02
8.983333333333334281e+00	-4.549738699126278790e-03
9.000000000000000000e+00	5.947113539789974923e-02
9.016666666666665719e+00	1.456929686722552852e-01
9.033333333333333215e+00	2.169711858023833373e-01
9.049999999999998934e+00	2.989612523109521636e-01
9.066666666666668206e+00	3.656882156359885783e-01
9.083333333333333925e+00	4.235023044381555080e-01
9.100000000000001421e+00	4.361299343863133671e-01
9.116666666666667140e+00	5.593738855886759564e-01
9.133333333333332860e+00	5.722197202087681012e-01
9.150000000000000355e+00	6.254089715705868358e-01
9.166666666666666075e+00	5.983959234651621273e-01
9.183333333333333570e+00	7.068527418893045811e-01
9.199999999999999289e+00	7.178718841308103782e-01
9.216666666666666785e+00	7.350337967838102005e-01
9.233333333333334281e+00	6.588642239260256162e-01
9.250000000000000000e+00	7.102716721676520795e-01
9.266666666666667496e+00	6.963039647445190550e-01
9.283333333333333215e+00	6.657893960149059431e-01
9.300000000000000711e+00	5.909048041831316267e-01
9.316666666666666430e+00	5.972484413769706402e-01
9.333333333333333925e+00	5.476364045427632998e-01
9.349999999999999645e+00	4.623893940313172912e-01
9.366666666666665364e+00	5.233071099366094492e-01
9.383333333333334636e+00	3.909094374191051102e-01
9.400000000000000355e+00	3.271715616847584163e-01
9.416666666666667851e+00	3.360424793279807032e-01
9.433333333333333570e+00	2.591808178008416785e-01
9.450000000000001066e+00	1.795321264380461967e-01
9.466666666666666785e+00	4.462121078625904541e-02
9.483333333333332504e+00	-4.246697335219919850e-02
9.500000000000000000e+00	-5.174860685773425423e-02
9.516666666666665719e+00	-1.875616700501149536e-01
9.533333333333333215e+00	-2.926284077334256328e-01
9.550000000000000711e+00	-2.158822368862229335e-01
9.566666666666668206e+00	-2.818313061231905170e-01
9.583333333333333925e+00	-4.720911201303674143e-01
9.599999999999999645e+00	-4.439018747348511540e-01
9.616666666666667140e+00	-5.330315322645323706e-01
9.633333333333332860e+00	-5.442846173790305553e-01
9.650000000000000355e+00	-6.090595901265264400e-01
9.666666666666666075e+00	-6.599307549015427377e-01
9.683333333333333570e+00	-6.992032490171109504e-01
9.700000000000001066e+00	-6.541059398345742126e-01
9.716666666666666785e+00	-7.128241142208923131e-01
9.733333333333334281e+00	-7.010590605508676409e-01
9.750000000000000000e+00	-7.031370766828379804e-01
9.766666666666667496e+00	-6.713094570942964578e-01
9.783333333333333215e+00	-6.275299711467073882e-01
9.800000000000000711e+00	-6.516524210397226513e-01
9.816666666666666430e+00	-6.116730507252949867e-01
9.833333333333332149e+00	-6.250122286019345053e-01
9.850000000000001421e+00	-4.877353964804207465e-01
9.866666666666667140e+00	-4.423004120832523811e-01
9.883333333333334636e+00	-4.142647055222732910e-01
9.900000000000000355e+00	-3.362706509084711914e-01
9.916666666666667851e+00	-3.068685523434787066e-01
9.933333333333333570e+00	-2.565334482734245580e-01
9.949999999999999289e+00	-8.961300365894936393e-02
9.966666666666666785e+00	-6.920556725602357295e-02
9.983333333333332504e+00	-5.055965210448731817e-02
1.000000000000000000e+01	8.220499560984752263e-02
1.001666666666666750e+01	1.323498028855135400e-01
1.003333333333333321e+01	2.318933936506665794e-01
1.005000000000000071e+01	2.870052364540325307e-01
1.006666666666666643e+01	4.005228420426892311e-01
1.008333333333333393e+01	3.864172858728027737e-01
1.009999999999999964e+01	4.440844642739497083e-01
1.011666666666666714e+01	5.126106073074795377e-01
1.013333333333333286e+01	5.664830838400802815e-01
1.014999999999999858e+01	6.227738288205777462e-01
1.016666666666666785e+01	6.469993202563046886e-01
1.018333333333333357e+01	6.477273957123278469e-01
1.020000000000000107e+01	6.912960738077069678e-01
1.021666666666666679e+01	7.018884957332600649e-01
1.023333333333333428e+01	6.408812332389940414e-01
1.025000000000000000e+01	6.531726936739440381e-01
1.026666666666666572e+01	7.642186030749568149e-01
1.028333333333333321e+01	6.921096439000364864e-01
1.029999999999999893e+01	6.963787663429888974e-01
1.031666666666666643e+01	6.329115421856974510e-01
1.033333333333333393e+01	5.556976752706566103e-01
1.035000000000000142e+01	5.215547883538868001e-01
1.036666666666666714e+01	4.849322713817970643e-01
1.038333333333333286e+01	4.496788454498476528e-01
1.040000000000000036e+01	3.223983127290227513e-01
1.041666666666666607e+01	2.890364992834839053e-01
1.043333333333333357e+01	2.405554370549674026e-01
1.044999999999999929e+01	1.058112479427270602e-01
1.046666666666666679e+01	9.342855819260251216e-02
1.048333333333333428e+01	-9.159812882551004315e-03
1.050000000000000000e+01	-5.195378821846585726e-02
1.051666666666666750e+01	-1.702490472998304527e-01
1.053333333333333321e+01	-2.761448326345106730e-01
1.055000000000000071e+01	-3.087124715177981260e-01
1.056666666666666643e+01	-3.733246579110905961e-01
1.058333333333333393e+01	-4.147268472887654656e-01
1.059999999999999964e+01	-4.597421129688344377e-01
1.061666666666666536e+01	-5.559869449667069752e-01
1.063333333333333286e+01	-5.914419302703280978e-01
1.065000000000000036e+01	-6.110284085057932080e-01
1.066666666666666785e+01	-6.226983771258629563e-01
1.068333333333333357e+01	-6.448384531741503389e-01
1.070000000000000107e+01	-6.636554580318104746e-01
1.071666666666666679e+01	-7.122235929855278425e-01
1.073333333333333250e+01	-6.728624560514543385e-01
1.075000000000000000e+01	-6.963283570511012988e-01
1.076666666666666572e+01	-6.861266663052173476e-01
1.078333333333333321e+01	-6.299743578854467563e-01
1.080000000000000071e+01	-6.926307661044850406e-01
1.081666666666666821e+01	-5.742416548737612203e-01
1.083333333333333393e+01	-5.938138968832098463e-01
1.084999999999999964e+01	-4.946285042993115999e-01
1.086666666666666714e+01	-4.578558584161578904e-01
1.088333333333333286e+01	-4.468677482226345310e-01
1.090000000000000036e+01	-3.570436052137923588e-01
1.091666666666666607e+01	-2.453600322369134390e-01
1.093333333333333357e+01	-2.124984665998437272e-01
1.095000000000000107e+01	-1.904862642498849346e-01
1.096666666666666679e+01	-7.068427171611874060e-02
1.098333333333333428e+01	-4.707172083263249512e-02
1.100000000000000000e+01	9.537612118412083784e-02
1.101666666666666750e+01	9.503005428518701558e-02
1.103333333333333321e+01	2.142459518516015848e-01
1.105000000000000071e+01	2.984859977520301078e-01
1.106666666666666643e+01	3.223974949564473169e-01
1.108333333333333215e+01	4.286701068794697700e-01
1.109999999999999964e+01	4.673633661250073956e-01
1.111666666666666714e+01	5.300093700780080797e-01
1.113333333333333464e+01	5.318396710539825545e-01
1.115000000000000036e+01	5.961154854250004798e-01
1.116666666666666785e+01	6.130821356560265389e-01
1.118333333333333357e+01	7.173522647846048983e-01
1.119999999999999929e+01	6.486685689762476947e-01
1.121666666666666679e+01	6.708104591950884155e-01
1.123333333333333250e+01	7.033151834075960229e-01
1.125000000000000000e+01	6.752705714710641738e-01
1.126666666666666750e+01	7.246761079004020445e-01
1.128333333333333499e+01	6.755137731812592694e-01
1.130000000000000071e+01	6.524136125865919178e-01
1.131666666666666643e+01	5.778296391275479227e-01
1.133333333333333393e+01	5.779385357321561445e-01
1.134999999999999964e+01	5.216886674253538025e-01
1.136666666666666714e+01	4.765926016915654206e-01
1.138333333333333286e+01	4.030368193782181696e-01
1.140000000000000036e+01	3.345092086792919583e-01
1.141666666666666607e+01	3.613395375608584037e-01
1.143333333333333357e+01	2.184506629814353118e-01
1.145000000000000107e+01	9.830443171255455470e-02
1.146666666666666679e+01	4.277196631133105970e-02
1.148333333333333428e+01	-7.405655835285622490e-03
1.150000000000000000e+01	-1.108525582702475226e-01
1.151666666666666750e+01	-9.668123173792320113e-02
1.153333333333333321e+01	-1.952824693833617453e-01
1.154999999999999893e+01	-2.996778693341438093e-01
1.156666666666666643e+01	-3.588105570745735440e-01
1.158333333333333393e+01	-3.683591419032807845e-01
1.160000000000000142e+01	-4.364706132293652008e-01
1.161666666666666714e+01	-4.387280106169537675e-01
1.163333333333333464e+01	-5.339130301075536433e-01
1.165000000000000036e+01	-6.303561960068626568e-01
1.166666666666666607e+01	-5.873902518123428340e-01
1.168333333333333357e+01	-7.102871690003447203e-01
1.169999999999999929e+01	-6.669586054425697963e-01
1.171666666666666679e+01	-7.318365091167586822e-01
1.173333333333333250e+01	-7.081100250494852810e-01
1.175000000000000178e+01	-6.319383056336272952e-01
1.176666666666666750e+01	-6.980010060117328718e-01
1.178333333333333321e+01	-7.019690859842785402e-01
1.180000000000000071e+01	-6.245131417698907006e-01
1.181666666666666643e+01	-6.119136473593208558e-01
1.183333333333333393e+01	-5.417357505345647972e-01
1.184999999999999964e+01	-5.341859849624976952e-01
1.186666666666666714e+01	-4.382921880647365209e-01
1.188333333333333286e+01	-4.063010776393731205e-01
1.190000000000000036e+01	-3.804884795081727167e-01
1.191666666666666785e+01	-2.882581272859079391e-01
1.193333333333333357e+01	-2.671287967822759679e-01
1.195000000000000107e+01	-1.708868941209132908e-01
1.196666666666666679e+01	-9.744930228229779778e-02
1.198333333333333428e+01	-4.015552758443085429e-02
1.200000000000000000e+01	4.480341502877815962e-02
1.201666666666666572e+01	1.332062609505892392e-01
1.203333333333333321e+01	2.251114133534517225e-01
1.205000000000000071e+01	2.481944233916464071e-01
1.206666666666666821e+01	3.514155090652562596e-01
1.208333333333333393e+01	4.173935408949666082e-01
1.210000000000000142e+01	4.574693433879503668e-01
1.211666666666666714e+01	4.612131080335193922e-01
1.213333333333333286e+01	5.218389632539519596e-01
1.215000000000000036e+01	5.771494066592152139e-01
1.216666666666666607e+01	6.065217223994484597e-01
1.218333333333333357e+01	5.893161140446154800e-01
1.219999999999999929e+01	6.090301339254300395e-01
1.221666666666666856e+01	5.544528595438216190e-01
1.223333333333333428e+01	5.974190445689395723e-01
1.225000000000000000e+01	5.808991408294138514e-01
1.226666666666666750e+01	5.396111481482548378e-01
1.228333333333333321e+01	5.216495745561473552e-01
1.230000000000000071e+01	5.302572903089914913e-01
1.231666666666666643e+01	4.335750295228666396e-01
1.233333333333333393e+01	3.935582042979230977e-01
1.234999999999999964e+01	3.915893574583146908e-01
1.236666666666666714e+01	2.806191935658721159e-01
1.238333333333333464e+01	2.633839767046969871e-01
1.240000000000000036e+01	1.667022051402072824e-01
1.241666666666666785e+01	1.747576711050390641e-01
1.243333333333333357e+01	1.071057970694601486e-01
1.245000000000000107e+01	8.493464805852604660e-02
1.246666666666666679e+01	4.318147239423098666e-02
1.248333333333333250e+01	-1.909805212286036849e-02
1.250000000000000000e+01	-8.640369929190577780e-02
1.251666666666666572e+01	-3.047908642456790759e-02
1.253333333333333499e+01	-8.348071307230109372e-02
1.255000000000000071e+01	-1.119982678896712380e-01
1.256666666666666821e+01	-1.356020512094084085e-01
1.258333333333333393e+01	-1.265496491189455341e-01
1.259999999999999964e+01	-1.222612460329380729e-01
1.261666666666666714e+01	-2.242401803538703886e-01
1.263333333333333286e+01	-1.425067787256614482e-01
1.265000000000000036e+01	-1.387094272572802212e-01
1.266666666666666607e+01	-8.167489140790057389e-02
1.268333333333333357e+01	-1.398735777463627761e-01
1.270000000000000107e+01	-1.426798237846970685e-01
1.271666666666666679e+01	-8.555124277337552985e-02
1.273333333333333428e+01	-7.490106876143852455e-02
1.275000000000000000e+01	-9.884677283167869755e-02
1.276666666666666750e+01	-1.063842868789471319e-01
1.278333333333333321e+01	-3.872585940306649127e-02
1.279999999999999893e+01	-3.217233506201387649e-02
1.281666666666666643e+01	-6.578676371759518970e-02
1.283333333333333215e+01	1.918208482361310335e-02
1.285000000000000142e+01	-2.181440356799640296e-02
1.286666666666666714e+01	-1.221514638645521122e-02
1.288333333333333464e+01	1.067004397131229680e-02
1.290000000000000036e+01	-3.392050820542594908e-02
1.291666666666666607e+01	2.715130362386420498e-02
1.293333333333333357e+01	1.577536013543649404e-02
1.294999999999999929e+01	4.981424557405359638e-02
1.296666666666666679e+01	-1.138517916899607456e-02
1.298333333333333250e+01	-1.634072794484844882e-02
1.300000000000000178e+01	1.427305709759126018e-02
1.301666666666666750e+01	-8.814696942309928340e-02
1.303333333333333321e+01	-4.571994223949126662e-02
1.305000000000000071e+01	-4.074646220706971966e-02
1.306666666666666643e+01	-3.725718178324852106e-03
1.308333333333333393e+01	2.984162943244963746e-03
1.309999999999999964e+01	2.943389863647770041e-02
1.311666666666666714e+01	5.307235412660141205e-02
1.313333333333333286e+01	-5.094808150032387878e-02
1.314999999999999858e+01	-9.743723344580099838e-03
1.316666666666666785e+01	3.264868638178471637e-03
1.318333333333333357e+01	-3.966660284387666519e-02
1.320000000000000107e+01	5.603024258164599359e-04
1.321666666666666679e+01	-2.487850073010805171e-02
1.323333333333333428e+01	2.749176037579428855e-02
1.325000000000000000e+01	-1.848923992933265974e-04
1.326666666666666572e+01	1.786493563974872120e-02
1.328333333333333321e+01	-3.557343190536838701e-02
1.329999999999999893e+01	2.736387150212283431e-02
1.331666666666666821e+01	-3.286744471285459740e-02
1.333333333333333393e+01	-6.465646568600663321e-03
1.335000000000000142e+01	-1.107727971105418666e-02
1.336666666666666714e+01	7.090823440062085301e-03
1.338333333333333286e+01	-2.986810083684403663e-02
1.340000000000000036e+01	-6.953925981079464753e-03
1.341666666666666607e+01	-2.512823160550344687e-03
1.343333333333333357e+01	3.282205845519337722e-02
1.344999999999999929e+01	-6.478488464863663143e-02
1.346666666666666679e+01	-4.776341494701423496e-02
1.348333333333333428e+01	8.753352244844459645e-03
1.350000000000000000e+01	2.750291793255112138e-02
1.351666666666666750e+01	-2.965719968420782449e-02
1.353333333333333321e+01	1.189341943972162599e-02
1.355000000000000071e+01	1.086187266798122573e-02
1.356666666666666643e+01	-5.511602043008396318e-02
1.358333333333333393e+01	6.755476930909861191e-03
1.359999999999999964e+01	-1.548753860983581761e-02
1.361666666666666536e+01	2.648458827375771776e-02
1.363333333333333464e+01	1.010549851015416292e-02
1.365000000000000036e+01	-1.062625658649680354e-03
1.366666666666666785e+01	-1.973393832278904844e-02
1.368333333333333357e+01	-6.034096319734026008e-04
1.370000000000000107e+01	-4.017976186077241649e-03
1.371666666666666679e+01	1.654108132852456087e-02
1.373333333333333250e+01	-1.154830428780405198e-02
1.375000000000000000e+01	-4.066035290600366649e-03
1.376666666666666572e+01	-1.979987198775733787e-02
1.378333333333333321e+01	-6.507290903123167172e-03
1.380000000000000071e+01	-2.363694770231315745e-02
1.381666666666666821e+01	-4.181274501972722518e-03
1.383333333333333393e+01	1.244996331874537870e-02
1.384999999999999964e+01	8.336626934008708675e-03
1.386666666666666714e+01	2.023456523062784965e-02
1.388333333333333286e+01	-1.978967885742953167e-02
1.390000000000000036e+01	4.070296232216549098e-02
1.391666666666666607e+01	1.078714783044314217e-03
1.393333333333333357e+01	5.061662141198978700e-04
1.395000000000000107e+01	2.358866535519092700e-02
1.396666666666666679e+01	3.142399945267413536e-02
1.398333333333333428e+01	-4.459946036532200231e-03
1.400000000000000000e+01	-2.128773867204684228e-02
1.401666666666666750e+01	-1.748772089138928010e-02
1.403333333333333321e+01	3.325390436568223095e-03
1.405000000000000071e+01	-2.794926730062036874e-02
1.406666666666666643e+01	-2.403032284995093235e-02
1.408333333333333215e+01	-1.880523772901545806e-02
1.409999999999999964e+01	1.495945702546880307e-02
1.411666666666666714e+01	-2.319460656786636113e-02
1.413333333333333464e+01	-5.620224495565036282e-02
1.415000000000000036e+01	2.316481366407650497e-02
1.416666666666666785e+01	2.280423710181837121e-02
1.418333333333333357e+01	-4.020563649499270253e-02
1.419999999999999929e+01	2.896072848648998180e-02
1.421666666666666679e+01	2.197018632631252133e-02
1.423333333333333250e+01	-9.951895542552071511e-03
1.425000000000000000e+01	-6.576953591359550877e-02
1.426666666666666750e+01	2.587324858664427629e-02
1.428333333333333499e+01	-4.000783148764149727e-02
1.430000000000000071e+01	-4.003484684453569031e-02
1.431666666666666643e+01	9.363046501617207709e-03
1.433333333333333393e+01	2.299699567416572249e-02
1.434999999999999964e+01	1.991924320454181371e-02
1.436666666666666714e+01	-1.835387369620276182e-02
1.438333333333333286e+01	-2.385342031535725785e-03
1.440000000000000036e+01	-4.987699383649907801e-03
1.441666666666666785e+01	5.218042930784325822e-02
1.443333333333333357e+01	-4.047734933785580858e-02
1.445000000000000107e+01	8.044640063387642828e-03
1.446666666666666679e+01	-3.153155492215354433e-02
1.448333333333333428e+01	6.452407359538925302e-02
1.450000000000000000e+01	6.653735004873231884e-02
1.451666666666666750e+01	-2.685688487168803873e-02
1.453333333333333321e+01	3.123155984119865836e-02
1.454999999999999893e+01	7.238808329511277340e-02
1.456666666666666643e+01	2.085091540500016646e-02
1.458333333333333393e+01	-1.597798600963031002e-02
1.460000000000000142e+01	2.732687874276057069e-02
1.461666666666666714e+01	-2.652662009718295254e-03
1.463333333333333464e+01	-2.182200345422623602e-02
1.465000000000000036e+01	-9.324330482228472897e-03
1.466666666666666607e+01	2.196109893052204665e-02
1.468333333333333357e+01	-4.449498647271603324e-02
1.469999999999999929e+01	-1.229099733149597098e-02
1.471666666666666679e+01	-1.877471635824912860e-02
1.473333333333333428e+01	-3.539070867781774626e-02
1.475000000000000178e+01	8.585538199893221964e-03
1.476666666666666750e+01	3.245607745605091216e-02
1.478333333333333321e+01	9.807963820363918561e-03
1.480000000000000071e+01	1.241619441956342683e-04
1.481666666666666643e+01	2.829378750773616988e-02
1.483333333333333393e+01	-1.766357573913715506e-02
1.484999999999999964e+01	1.083305137198732268e-02
1.486666666666666714e+01	-1.314197459082208815e-02
1.488333333333333286e+01	-3.300098955180155030e-02
1.490000000000000036e+01	-2.397877056947857535e-02
1.491666666666666785e+01	7.247598435063218325e-02
1.493333333333333357e+01	-2.636924797878446164e-02
1.495000000000000107e+01	2.739467457335070452e-02
1.496666666666666679e+01	-2.097751462889471327e-02
1.498333333333333428e+01	6.286129693669585683e-02
1.500000000000000000e+01	-6.068221121316601241e-02
1.501666666666666572e+01	1.856458420841134577e-02
1.503333333333333321e+01	1.632036618150286417e-02
1.505000000000000071e+01	-3.527092681433086074e-02
1.506666666666666821e+01	6.525551577000117398e-02
1.508333333333333393e+01	-1.657764484338586711e-02
1.510000000000000142e+01	-2.305756533998138888e-02
1.511666666666666714e+01	-7.371630911072863529e-03
1.513333333333333286e+01	4.375350231344973112e-02
1.515000000000000036e+01	-2.452835245241154552e-02
1.516666666666666607e+01	3.071696743852540129e-02
1.518333333333333357e+01	-5.749284147957149649e-02
1.519999999999999929e+01	2.467449147787257463e-02
1.521666666666666856e+01	2.354723483849738980e-02
1.523333333333333428e+01	6.922124178800615792e-03
1.525000000000000000e+01	5.069154901968569993e-02
1.526666666666666750e+01	8.146622951269276089e-03
1.528333333333333321e+01	-1.310965306432541541e-02
1.529999999999999893e+01	-3.225212707423587288e-02
1.531666666666666821e+01	1.148196777232557246e-02
1.533333333333333393e+01	3.850841452578392110e-02
1.534999999999999964e+01	-6.617516079501012394e-02
1.536666666666666714e+01	-2.110597580415274344e-02
1.538333333333333286e+01	-7.948571487307681815e-03
1.540000000000000213e+01	4.461732165269068767e-02
1.541666666666666785e+01	-2.537645692679675949e-02
1.543333333333333357e+01	2.306019859161045210e-02
1.544999999999999929e+01	5.087003383149536762e-02
1.546666666666666501e+01	-4.021383926047872315e-02
1.548333333333333428e+01	-5.373177136943579901e-02
1.550000000000000000e+01	-3.474186589622916405e-02
1.551666666666666750e+01	-9.828605097724050013e-03
1.553333333333333321e+01	7.466036711501526646e-03
1.555000000000000249e+01	7.161658840457289787e-02
1.556666666666666821e+01	6.614310470020502708e-02
1.558333333333333393e+01	4.763896662325498368e-03
1.559999999999999964e+01	2.388432677942989649e-02
1.561666666666666536e+01	-1.937380360812182914e-02
1.563333333333333464e+01	1.759350230440378388e-02
1.565000000000000036e+01	9.041693334186350073e-02
1.566666666666666607e+01	2.276159905022553942e-02
1.568333333333333357e+01	1.467317553526946254e-02
1.569999999999999929e+01	2.747838751605307522e-02
1.571666666666666856e+01	2.817182724365752122e-02
1.573333333333333428e+01	6.892032755285616707e-02
1.575000000000000000e+01	1.527036120862968090e-02
1.576666666666666572e+01	-3.633675054901174158e-03
1.578333333333333499e+01	2.348910578831503448e-02
1.580000000000000071e+01	-9.990973771376310264e-03
1.581666666666666643e+01	-1.877253932583048540e-02
1.583333333333333393e+01	-8.172647576122278254e-03
1.584999999999999964e+01	3.537192142865475120e-02
1.586666666666666892e+01	3.323323873111955207e-02
1.588333333333333464e+01	5.900244240796643364e-02
1.590000000000000036e+01	1.474346945079437442e-02
1.591666666666666607e+01	8.512874839347159273e-02
1.593333333333333179e+01	-8.208293028288540100e-03
1.595000000000000107e+01	-7.847252823720618498e-03
1.596666666666666679e+01	3.337472010436128705e-02
1.598333333333333250e+01	1.319401091850831362e-02
1.600000000000000000e+01	-2.670233740982528789e-02
1.601666666666666927e+01	2.840805783149469646e-02
1.603333333333333499e+01	7.027244530017517921e-03
1.605000000000000071e+01	1.151045297685267602e-02
1.606666666666666643e+01	-9.798065497948935457e-03
1.608333333333333215e+01	3.316202213698419415e-02
1.610000000000000142e+01	8.102399935330349690e-02
1.611666666666666714e+01	-2.702851167950095015e-02
1.613333333333333286e+01	-1.896320244733719134e-03
1.614999999999999858e+01	-3.359781156477138764e-02
1.616666666666666430e+01	3.327539332624717544e-02
1.618333333333333357e+01	-3.812510653641858899e-02
1.619999999999999929e+01	-7.292382613401246494e-02
1.621666666666666501e+01	2.637571395496771456e-02
1.623333333333333428e+01	1.756716849731370170e-02
1.625000000000000355e+01	-4.726343881824366169e-03
1.626666666666666927e+01	2.633589156563075420e-02
1.628333333333333499e+01	5.094256241480958625e-02
1.630000000000000071e+01	-1.276724439531551868e-02
1.631666666666666643e+01	2.476681649007827710e-02
1.633333333333333570e+01	-6.624263869730616545e-03
1.635000000000000142e+01	1.097639188710306662e-02
1.636666666666666714e+01	-5.502865181806787520e-03
1.638333333333333286e+01	-2.396535791899917587e-03
1.639999999999999858e+01	1.474852346157862377e-02
1.641666666666666785e+01	1.085096631576809231e-02
1.643333333333333357e+01	-7.755201477077364354e-03
1.644999999999999929e+01	-7.297568474201833119e-03
1.646666666666666501e+01	-2.835958255645440809e-02
1.648333333333333428e+01	-2.048164924436203516e-02
1.650000000000000000e+01	-4.566505777309367436e-02
1.651666666666666572e+01	3.108072715419167922e-02
1.653333333333333144e+01	1.960103740122798310e-02
1.655000000000000071e+01	-1.032736469542693686e-02
1.656666666666666998e+01	2.012083092384968699e-02
1.658333333333333570e+01	-7.285625604607429660e-03
1.660000000000000142e+01	-7.684842989878119465e-03
1.661666666666666714e+01	1.819661689426927548e-02
1.663333333333333286e+01	5.665919994360665846e-02
1.665000000000000213e+01	-3.545887527960527724e-02
1.666666666666666785e+01	-5.377391202462297043e-02
1.668333333333333357e+01	2.000383270002820124e-02
1.669999999999999929e+01	-8.696314560356646628e-03
1.671666666666666856e+01	9.599408620000492165e-03
1.673333333333333428e+01	4.566805559400796688e-02
1.675000000000000000e+01	-3.308173893335559362e-03
1.676666666666666572e+01	-1.847549039953664402e-02
1.678333333333333144e+01	-3.126981066990759672e-02
1.680000000000000071e+01	-6.940157957842356395e-02
1.681666666666666643e+01	8.591027503441739030e-03
1.683333333333333215e+01	5.961911330806195231e-02
1.684999999999999787e+01	-2.592437436341177640e-02
1.686666666666666714e+01	-1.125158728417199709e-02
1.688333333333333641e+01	1.998403569429326593e-02
1.690000000000000213e+01	-1.495505971482397056e-02
1.691666666666666785e+01	-1.417378239435677749e-02
1.693333333333333357e+01	-4.660067280984645649e-02
1.695000000000000284e+01	2.005591476798482611e-02
1.696666666666666856e+01	1.084390063879967989e-02
1.698333333333333428e+01	-3.370577096418180679e-02
1.700000000000000000e+01	-2.475276774047745904e-02
1.701666666666666572e+01	1.525926408137421100e-02
1.703333333333333499e+01	3.470909469779627846e-03
1.705000000000000071e+01	-1.970500046470142694e-02
1.706666666666666643e+01	4.132684079187125964e-02
1.708333333333333215e+01	4.985579502878043426e-03
1.709999999999999787e+01	-3.946600420601442671e-02
1.711666666666666714e+01	2.144153823379847321e-02
1.713333333333333286e+01	9.852486623498682081e-03
1.714999999999999858e+01	-3.178076829958305372e-02
1.716666666666666430e+01	6.066530176167437075e-03
1.718333333333333357e+01	2.092197627706477922e-02
1.720000000000000284e+01	2.276797031169602165e-02
1.721666666666666856e+01	-2.514226500566778613e-02
1.723333333333333428e+01	-4.153902508970556268e-02
1.725000000000000000e+01	6.428278123245950715e-02
1.726666666666666927e+01	1.118345667653639249e-02
1.728333333333333499e+01	-2.463848644457369147e-02
1.730000000000000071e+01	7.045127947184755095e-03
1.731666666666666643e+01	-6.472656683214733642e-02
1.733333333333333215e+01	1.050069467181517432e-02
1.735000000000000142e+01	-2.137672788946771985e-02
1.736666666666666714e+01	-2.784828042219108374e-02
1.738333333333333286e+01	-8.096131214764497319e-02
1.739999999999999858e+01	4.803244027868101840e-02
1.741666666666666430e+01	-1.162967602760117420e-03
1.743333333333333357e+01	1.050193611092805658e-02
1.744999999999999929e+01	-1.032541935173288301e-02
1.746666666666666501e+01	-3.800015183965791549e-02
1.748333333333333428e+01	-3.887103686058027141e-02
1.750000000000000355e+01	-9.008572652144480192e-03
1.751666666666666927e+01	1.122321903304349458e-02
1.753333333333333499e+01	-2.002150350488989677e-02
1.755000000000000071e+01	2.957117795227097098e-02
1.756666666666666643e+01	-3.142419227233114298e-03
1.758333333333333570e+01	-1.774656447217243249e-02
1.760000000000000142e+01	-2.656136120076136448e-02
1.761666666666666714e+01	7.882746311930517377e-03
1.763333333333333286e+01	5.001015023216225097e-02
1.764999999999999858e+01	-9.540403627392430794e-03
1.766666666666666785e+01	-2.939031444887462569e-02
1.768333333333333357e+01	4.330106553742008035e-02
1.769999999999999929e+01	4.341420065400964506e-02
1.771666666666666501e+01	1.715320620762020645e-02
1.773333333333333428e+01	-3.670157743253045501e-02
1.775000000000000000e+01	3.689136868699791766e-02
1.776666666666666572e+01	-1.463129121866846988e-02
1.778333333333333144e+01	1.071133585391957979e-02
1.780000000000000071e+01	4.643080649544625502e-03
1.781666666666666998e+01	6.393161725884431712e-02
1.783333333333333570e+01	1.401639760679250675e-02
1.785000000000000142e+01	5.248806096741816946e-02
1.786666666666666714e+01	-3.914550318128818401e-02
1.788333333333333286e+01	5.721529162320751483e-02
1.790000000000000213e+01	4.063699681858989193e-02
1.791666666666666785e+01	1.546937593570383782e-02
1.793333333333333357e+01	3.215119788915329901e-02
1.794999999999999929e+01	-4.214075448087133829e-02
1.796666666666666856e+01	-2.686700740565710691e-02
1.798333333333333428e+01	-4.619011653276446083e-03
1.800000000000000000e+01	-6.359798871943687926e-02
1.801666666666666572e+01	3.437979201666179711e-03
1.803333333333333144e+01	2.709931679944586891e-02
1.805000000000000071e+01	1.000579395304332549e-02
1.806666666666666643e+01	-4.547491408566438353e-02
1.808333333333333215e+01	-3.324268529804955997e-03
1.809999999999999787e+01	-1.668858873935885265e-02
1.811666666666666714e+01	2.012871648401860780e-02
1.813333333333333641e+01	6.547787152236839679e-03
1.815000000000000213e+01	-1.497345049539153608e-02
1.816666666666666785e+01	4.424311410004710954e-02
1.818333333333333357e+01	2.015384974385811892e-02
1.820000000000000284e+01	-1.846791536716158033e-02
1.821666666666666856e+01	-3.000515110974695879e-02
1.823333333333333428e+01	-3.453964131270075011e-02
1.825000000000000000e+01	2.392129629082698564e-02
1.826666666666666572e+01	-1.530912743999405731e-02
1.828333333333333499e+01	-1.839967072010700215e-03
1.830000000000000071e+01	-7.586061977975904098e-03
1.831666666666666643e+01	-7.017789839744069391e-02
1.833333333333333215e+01	-7.335492283294233438e-03
1.834999999999999787e+01	4.283500027105469066e-02
1.836666666666666714e+01	6.279295399086755672e-03
1.838333333333333286e+01	1.835506632761489676e-03
1.839999999999999858e+01	5.029931812785575634e-02
1.841666666666666430e+01	-1.130862569821926115e-02
1.843333333333333357e+01	5.799155411834925168e-04
1.845000000000000284e+01	-3.193578047661104619e-02
1.846666666666666856e+01	-1.416321780254620188e-02
1.848333333333333428e+01	-2.270164228087742566e-03
1.850000000000000000e+01	-7.781284963937738081e-03
1.851666666666666927e+01	-2.542814923438820648e-03
1.853333333333333499e+01	4.558437570999079175e-02
1.855000000000000071e+01	-8.777904315772270746e-03
1.856666666666666643e+01	-2.289183005842101298e-02
1.858333333333333215e+01	-4.113328743446595381e-02
1.860000000000000142e+01	5.111458243150671620e-03
1.861666666666666714e+01	-2.824035383048353887e-02
1.863333333333333286e+01	3.975712549468218490e-03
1.864999999999999858e+01	-2.947333245646182112e-02
1.866666666666666785e+01	3.324006753471407671e-02
1.868333333333333357e+01	1.760516501396896735e-02
1.869999999999999929e+01	3.303946308475902427e-02
1.871666666666666501e+01	-2.129307438970852451e-02
1.873333333333333073e+01	1.205811425365276544e-02
1.875000000000000000e+01	4.532182001803281533e-03
1.876666666666666927e+01	1.978183571027554433e-02
1.878333333333333499e+01	-2.997263833299471450e-02
1.880000000000000071e+01	3.831220237013315683e-02
1.881666666666666643e+01	4.516662334312041699e-02
1.883333333333333570e+01	-3.858828418388841192e-02
1.885000000000000142e+01	-1.907906981765027142e-03
1.886666666666666714e+01	-1.131928152353502658e-02
1.888333333333333286e+01	2.933811630966096790e-02
1.890000000000000213e+01	4.767142638736465710e-02
1.891666666666666785e+01	9.309551001851861657e-03
1.893333333333333357e+01	-1.024686448959325792e-02
1.894999999999999929e+01	1.019663575140880400e-02
1.896666666666666501e+01	-3.439825175403278534e-02
1.898333333333333428e+01	1.939288023961759783e-02
1.900000000000000000e+01	-1.507454789440609844e-02
1.901666666666666572e+01	2.078702120665205239e-03
1.903333333333333144e+01	-8.311348143362210644e-03
1.904999999999999716e+01	-2.488339392049957605e-02
1.906666666666666643e+01	-4.858309659405589398e-02
1.908333333333333570e+01	3.911236139426189570e-03
1.910000000000000142e+01	-7.100610345073371174e-03
1.911666666666666714e+01	6.493884041987602052e-02
1.913333333333333641e+01	4.052892565112676052e-03
1.915000000000000213e+01	-2.312362222134851236e-02
1.916666666666666785e+01	-3.741289490358707705e-04
1.918333333333333357e+01	2.912164113268832927e-02
1.919999999999999929e+01	-5.853588450854452577e-03
1.921666666666666856e+01	2.486370490154209481e-02
1.923333333333333428e+01	1.716607649325027629e-02
1.925000000000000000e+01	3.045239902337517138e-02
1.926666666666666572e+01	5.294856479613922274e-04
1.928333333333333144e+01	-1.572787998260747125e-02
1.930000000000000071e+01	-1.070795489206514788e-02
1.931666666666666643e+01	-1.117694381884661199e-02
1.933333333333333215e+01	5.668185661365733596e-02
1.934999999999999787e+01	-2.751840337912388190e-02
1.936666666666666714e+01	6.459430476621758066e-02
1.938333333333333641e+01	8.657831431835051605e-03
1.940000000000000213e+01	2.475764499445517151e-03
1.941666666666666785e+01	5.393819379319782920e-02
1.943333333333333357e+01	-1.455822486157924310e-03
1.945000000000000284e+01	-4.461908307794967138e-02
1.946666666666666856e+01	3.163224097586415234e-02
1.948333333333333428e+01	1.482470600925654344e-02
1.950000000000000000e+01	-3.041553624329932856e-02
1.951666666666666572e+01	3.803162779093077935e-03
1.953333333333333499e+01	-2.464437945083059259e-02
1.955000000000000071e+01	-2.339040233120915496e-02
1.956666666666666643e+01	-7.188430812510349793e-03
1.958333333333333215e+01	-7.207724073293472408e-03
1.960000000000000142e+01	-2.736793549505515608e-02
1.961666666666666714e+01	-1.214923795416646135e-02
1.963333333333333286e+01	-2.334987091687927823e-03
1.964999999999999858e+01	-6.149452630365905004e-03
1.966666666666666430e+01	-3.666503748830023807e-02
1.968333333333333357e+01	2.067561540513892376e-02
1.970000000000000284e+01	1.980998468735957474e-02
1.971666666666666856e+01	8.783302037620875635e-02
1.973333333333333428e+01	-5.212023165405373082e-02
1.975000000000000000e+01	9.548313833987716673e-03
1.976666666666666927e+01	-4.217838511369362275e-02
1.978333333333333499e+01	4.199538904601074485e-02
1.980000000000000071e+01	-5.099372451379459437e-03
1.981666666666666643e+01	7.858745236001553336e-02
1.983333333333333570e+01	-7.474525063643691104e-03
1.985000000000000142e+01	-9.671566160740871498e-03
1.986666666666666714e+01	-1.779273475666359045e-02
1.988333333333333286e+01	-1.520648703060233260e-02
1.989999999999999858e+01	-3.924186099514627435e-02
1.991666666666666785e+01	-8.197798739737527374e-03
1.993333333333333357e+01	7.063666258466956734e-03
1.994999999999999929e+01	1.856470141183738350e-03
1.996666666666666501e+01	-3.203418713420262687e-02
1.998333333333333073e+01	-3.952475108768177189e-03
2.000000000000000000e+01	3.262527168165921254e-02
2.001666666666666927e+01	-3.565269709503895990e-02
2.003333333333333499e+01	-4.197341643628885177e-02
2.005000000000000071e+01	1.326212037791368349e-02
2.006666666666666643e+01	2.408012488112040717e-02
2.008333333333333570e+01	-8.674919454551030182e-03
2.010000000000000142e+01	6.484881022754576500e-04
2.011666666666666714e+01	-2.229360418586647657e-02
2.013333333333333286e+01	2.292103788372124723e-02
2.015000000000000213e+01	9.254290569106485981e-03
2.016666666666666785e+01	3.942821680018152031e-02
2.018333333333333357e+01	-9.410113754682364676e-03
2.019999999999999929e+01	3.740317196067488581e-02
2.021666666666666501e+01	1.775558235139613333e-02
2.023333333333333428e+01	3.644233130973028451e-02
2.025000000000000000e+01	-2.631679437803641913e-02
2.026666666666666572e+01	7.299963477625104336e-02
2.028333333333333144e+01	-2.820653868910960940e-02
2.029999999999999716e+01	-9.465719896343895851e-03
2.031666666666666643e+01	-1.789237895386255883e-02
2.033333333333333570e+01	-2.894654399057708730e-02
2.035000000000000142e+01	-1.639166137702136039e-02
2.036666666666666714e+01	-1.945924090318235447e-02
2.038333333333333641e+01	-4.403666934418952461e-03
2.040000000000000213e+01	1.924401870919221352e-02
2.041666666666666785e+01	3.427460053752726804e-02
2.043333333333333357e+01	-5.359025644553731815e-02
2.044999999999999929e+01	1.634551418249646434e-02
2.046666666666666856e+01	-1.403239121155051491e-02
2.048333333333333428e+01	2.352549238753582836e-02
2.050000000000000000e+01	-2.310801326910048512e-02
2.051666666666666572e+01	2.828212120459104237e-02
2.053333333333333144e+01	2.242225930612739681e-03
2.055000000000000071e+01	-2.492574984397135165e-02
2.056666666666666643e+01	-1.541585787536707726e-02
2.058333333333333215e+01	8.242494401862017137e-03
2.059999999999999787e+01	3.845345201801757956e-02
2.061666666666666714e+01	-2.198178677406966222e-02
2.063333333333333286e+01	7.748178236845874173e-03
2.065000000000000213e+01	3.145801803599688248e-03
2.066666666666666785e+01	3.335680500492714529e-02
2.068333333333333357e+01	2.641069396744264233e-02
2.070000000000000284e+01	4.697992000193654955e-02
2.071666666666666856e+01	-2.086143317799850003e-02
2.073333333333333428e+01	3.503497333980945278e-03
2.075000000000000000e+01	-4.902685812064194910e-03
2.076666666666666572e+01	8.644735329995061404e-03
2.078333333333333499e+01	-2.058349695299600823e-02
2.080000000000000071e+01	-2.083518754546122981e-02
2.081666666666666643e+01	-3.129284315314165982e-02
2.083333333333333215e+01	-1.544209014504465891e-02
2.085000000000000142e+01	-7.903759801263662843e-03
2.086666666666666714e+01	-2.187976278034902897e-02
2.088333333333333286e+01	9.281434719648344253e-03
2.089999999999999858e+01	-6.151813907164045171e-03
2.091666666666666430e+01	-3.353620901900654372e-02
2.093333333333333357e+01	7.506387796323643093e-03
2.094999999999999929e+01	3.494011438375125428e-02
2.096666666666666856e+01	3.758065984450623120e-02
2.098333333333333428e+01	3.416398232652607253e-02
2.100000000000000000e+01	-1.056671062377815065e-02
2.101666666666666927e+01	4.730506541916357222e-02
2.103333333333333499e+01	-3.128873983315407642e-02
2.105000000000000071e+01	3.914762387935712129e-02
2.106666666666666643e+01	-1.551823202808198451e-02
2.108333333333333570e+01	-2.196674924403068177e-02
2.110000000000000142e+01	-5.089064222121118287e-03
2.111666666666666714e+01	-1.996577175816421565e-02
2.113333333333333286e+01	4.558468967806323519e-02
2.114999999999999858e+01	2.578532479418969847e-02
2.116666666666666785e+01	1.054571375781133795e-02
2.118333333333333357e+01	9.505488327023912595e-03
2.119999999999999929e+01	-1.618003111879635914e-02
2.121666666666666501e+01	-3.473844905446659553e-02
2.123333333333333073e+01	-1.237837309902375602e-02
2.125000000000000000e+01	-3.025969100146439980e-02
2.126666666666666572e+01	3.434419230925069705e-02
2.128333333333333499e+01	-5.023051250018557151e-02
2.130000000000000071e+01	-1.854038619655394571e-02
2.131666666666666998e+01	-4.070686851546608843e-03
2.133333333333333570e+01	-2.959982184408999420e-02
2.135000000000000142e+01	-7.980725895268948530e-03
2.136666666666666714e+01	3.430859683941946126e-02
2.138333333333333286e+01	4.032978889618221013e-02
2.140000000000000213e+01	3.207408352488820818e-03
2.141666666666666785e+01	-1.541987686010385522e-02
2.143333333333333357e+01	-3.799196228759430666e-02
2.144999999999999929e+01	-2.349168609024828228e-02
2.146666666666666501e+01	-3.773649991397432651e-02
2.148333333333333428e+01	-1.145945805572471873e-02
2.150000000000000000e+01	-4.398134457342429970e-02
2.151666666666666572e+01	-7.497022753171152069e-03
2.153333333333333144e+01	-7.747429914942539388e-03
2.155000000000000071e+01	4.292486360269391621e-02
2.156666666666666643e+01	6.492536900296917886e-03
2.158333333333333570e+01	2.538538830293602527e-02
2.160000000000000142e+01	2.187094857507046811e-02
2.161666666666666714e+01	4.083625979744225087e-02
2.163333333333333641e+01	-1.428327928399389726e-02
2.165000000000000213e+01	-1.930915174525467111e-04
2.166666666666666785e+01	2.096876870030321346e-02
2.168333333333333357e+01	-1.527652359715743306e-02
2.169999999999999929e+01	4.910655829459197735e-02
2.171666666666666856e+01	-5.554549614437514354e-02
2.173333333333333428e+01	-3.454739584576963299e-03
2.175000000000000000e+01	4.274474920371832028e-03
2.176666666666666572e+01	1.492002880182294322e-02
2.178333333333333499e+01	2.174523751881947756e-02
2.180000000000000071e+01	1.850256967038011943e-02
2.181666666666666643e+01	-2.822348707612284263e-02
2.183333333333333215e+01	6.062170476862317747e-02
2.184999999999999787e+01	4.216315242992919876e-02
2.186666666666666714e+01	-6.310941424495219998e-02
2.188333333333333286e+01	-2.189969443525511747e-02
2.190000000000000213e+01	-5.417770944331767868e-03
2.191666666666666785e+01	8.659039649805634967e-03
2.193333333333333357e+01	1.122450742457687528e-02
2.195000000000000284e+01	1.925026704711523678e-02
2.196666666666666856e+01	-6.667641575466942694e-02
2.198333333333333428e+01	1.954413615474841215e-02
2.200000000000000000e+01	3.655354528495358829e-02
2.201666666666666927e+01	3.376898464783404524e-02
2.203333333333333499e+01	-1.405562803612080656e-02
2.205000000000000071e+01	5.126264031463561958e-03
2.206666666666666643e+01	4.881011311143503700e-02
2.208333333333333215e+01	-3.081151859599477391e-02
2.210000000000000142e+01	-3.832105776457581971e-03
2.211666666666666714e+01	1.348237235431438800e-02
2.213333333333333286e+01	-1.069023075072677437e-02
2.214999999999999858e+01	2.056957506196756963e-02
2.216666666666666430e+01	2.937698217271363099e-02
2.218333333333333357e+01	3.511803366605037446e-02
2.219999999999999929e+01	1.314447693582242692e-02
2.221666666666666856e+01	-1.450382136261752115e-02
2.223333333333333428e+01	-2.541194423833508312e-02
2.225000000000000355e+01	5.275983807663874731e-02
2.226666666666666927e+01	1.686930251411099257e-02
2.228333333333333499e+01	6.083217357207108128e-02
2.230000000000000071e+01	1.550240585112063439e-02
2.231666666666666643e+01	6.604969592574808264e-03
2.233333333333333570e+01	1.789458448209809219e-02
2.235000000000000142e+01	3.466152204467112113e-02
2.236666666666666714e+01	-1.954265962562852510e-02
2.238333333333333286e+01	3.908576866698056790e-02
2.239999999999999858e+01	2.786799942458649190e-02
2.241666666666666785e+01	1.488580069317022546e-02
2.243333333333333357e+01	2.384706702823939303e-02
2.244999999999999929e+01	-2.071465550457536609e-02
2.246666666666666501e+01	3.342546130013556577e-02
2.248333333333333428e+01	2.053483386780114578e-02
2.250000000000000000e+01	4.025315767619094820e-02
2.251666666666666572e+01	-6.877019252034030205e-04
2.253333333333333499e+01	-8.993356864154814423e-04
2.255000000000000071e+01	-2.029745133785993956e-04
2.256666666666666998e+01	1.421970021467346308e-02
2.258333333333333570e+01	3.579826513481861039e-02
2.260000000000000142e+01	-7.060632716149366217e-02
2.261666666666666714e+01	4.623990406227444783e-02
2.263333333333333286e+01	2.003930975083358101e-02
2.265000000000000213e+01	3.686107803823078510e-03
2.266666666666666785e+01	-5.466296441939034328e-02
2.268333333333333357e+01	-4.376512517919569495e-02
2.269999999999999929e+01	-1.546299694883124893e-03
2.271666666666666856e+01	3.558833543390947651e-02
2.273333333333333428e+01	-1.369541239907231742e-02
2.275000000000000000e+01	-3.717286881498267637e-02
2.276666666666666572e+01	-5.265545404853852474e-02
2.278333333333333144e+01	-2.673649696557701613e-02
2.280000000000000071e+01	4.779346366788617129e-02
2.281666666666666643e+01	5.140562448191891148e-02
2.283333333333333215e+01	-2.299752803110618332e-03
2.285000000000000142e+01	9.361081537908377825e-03
2.286666666666666714e+01	8.274803682696703702e-03
2.288333333333333641e+01	3.460916969643383634e-02
2.290000000000000213e+01	-5.884433936829028267e-02
2.291666666666666785e+01	-3.165646414178458629e-02
2.293333333333333357e+01	1.387792399467928373e-02
2.294999999999999929e+01	-5.808351636801945168e-03
2.296666666666666856e+01	-5.522876796671437501e-03
2.298333333333333428e+01	-2.441784449853126246e-02
2.300000000000000000e+01	-1.957381899805476361e-02
2.301666666666666572e+01	1.798718955013547602e-02
2.303333333333333499e+01	3.375300187564001658e-02
2.305000000000000071e+01	-4.978250837499424014e-02
2.306666666666666643e+01	3.366923469869246427e-02
2.308333333333333215e+01	-1.315038325865875227e-02
2.309999999999999787e+01	4.779387040391748498e-03
2.311666666666666714e+01	-1.766447751218483755e-02
2.313333333333333286e+01	-4.682879548206948621e-03
2.314999999999999858e+01	1.308079783802520470e-02
2.316666666666666785e+01	1.770306760882807764e-02
2.318333333333333357e+01	5.180866500884766246e-02
2.320000000000000284e+01	-1.148960177175472296e-02
2.321666666666666856e+01	4.908150704923041480e-02
2.323333333333333428e+01	-4.303609806731579362e-02
2.325000000000000000e+01	1.067441931003015529e-02
2.326666666666666927e+01	2.449987270820286334e-02
2.328333333333333499e+01	-6.857975133364648847e-03
2.330000000000000071e+01	-2.270538926328525414e-02
2.331666666666666643e+01	1.817268704920701680e-02
2.333333333333333215e+01	3.165766717541637632e-02
2.335000000000000142e+01	1.993415253090468405e-03
2.336666666666666714e+01	4.608952331824496540e-02
2.338333333333333286e+01	-6.534972860388666566e-03
2.339999999999999858e+01	-3.446839374045763266e-02
2.341666666666666430e+01	2.628309937292776580e-02
2.343333333333333357e+01	-3.816510102050752612e-02
2.344999999999999929e+01	-1.882370777223970823e-02
2.346666666666666501e+01	6.013506150635938158e-02
2.348333333333333428e+01	-3.473874901317043629e-02
2.350000000000000355e+01	1.624741863445199400e-02
2.351666666666666927e+01	1.206250788400002258e-02
2.353333333333333499e+01	-5.393637450390033165e-03
2.355000000000000071e+01	2.003251298032866085e-02
2.356666666666666643e+01	-5.269984960837278964e-02
2.358333333333333570e+01	6.446019242011501865e-03
2.360000000000000142e+01	2.458733115213252926e-02
2.361666666666666714e+01	1.900533908971543604e-02
2.363333333333333286e+01	-1.373886483114378221e-02
2.364999999999999858e+01	2.256876179756834438e-02
2.366666666666666785e+01	1.270827045651285467e-03
2.368333333333333357e+01	-1.678826956141700813e-02
2.369999999999999929e+01	2.323531632100264005e-02
2.371666666666666501e+01	-2.670992018723492012e-02
2.373333333333333428e+01	-1.008368889860696178e-02
2.375000000000000000e+01	4.642288271666500550e-03
2.376666666666666572e+01	5.689373063375310902e-02
2.378333333333333144e+01	4.599807142812425975e-02
2.380000000000000071e+01	-7.141672161052586842e-02
2.381666666666666998e+01	1.961410418961166344e-02
2.383333333333333570e+01	6.788463148026805012e-03
2.385000000000000142e+01	-2.269964471712022057e-03
2.386666666666666714e+01	-2.337760712322633962e-03
2.388333333333333286e+01	-5.105209628978949095e-03
2.390000000000000213e+01	2.681703990242512853e-02
2.391666666666666785e+01	-1.108059093202600105e-02
2.393333333333333357e+01	1.067231079584303813e-02
2.394999999999999929e+01	-4.378064490699506289e-02
2.396666666666666856e+01	1.965595051591486394e-03
2.398333333333333428e+01	1.584883718517103926e-02
2.400000000000000000e+01	1.152560469356285131e-02
2.401666666666666572e+01	1.566985173520947516e-02
2.403333333333333144e+01	5.784803825704207085e-03
2.405000000000000071e+01	-1.028275826021135368e-02
2.406666666666666643e+01	-2.492273512455295617e-02
2.408333333333333215e+01	-6.200508745732060539e-02
2.410000000000000142e+01	3.024278267365828818e-02
2.411666666666666714e+01	-6.716938643424757993e-02
2.413333333333333641e+01	5.250329219556345434e-02
2.415000000000000213e+01	-1.806323059617869278e-02
2.416666666666666785e+01	-3.558018874232176700e-03
2.418333333333333357e+01	-4.481820578502687669e-02
2.420000000000000284e+01	-4.312339185329647911e-02
2.421666666666666856e+01	3.111629718167606071e-02
2.423333333333333428e+01	-3.541539425694113091e-02
2.425000000000000000e+01	-1.069866069553561394e-02
2.426666666666666572e+01	1.165528526733724396e-02
2.428333333333333499e+01	6.285459699073664419e-02
2.430000000000000071e+01	-7.288753012640210305e-03
2.431666666666666643e+01	4.945277479721098962e-02
2.433333333333333215e+01	2.292133468588860093e-02
2.434999999999999787e+01	-3.019297974614917196e-03
2.436666666666666714e+01	-2.272590419707566298e-02
2.438333333333333286e+01	-1.432815600259795298e-02
2.439999999999999858e+01	-2.878794797144655290e-02
2.441666666666666785e+01	-1.001825976208477013e-02
2.443333333333333712e+01	2.339159033926641387e-02
2.445000000000000284e+01	6.774767682623458742e-02
2.446666666666666856e+01	1.296226887376201965e-03
2.448333333333333428e+01	-7.565213586926157301e-03
2.450000000000000000e+01	-1.238202755703426798e-02
2.451666666666666927e+01	-9.703760445873017837e-03
2.453333333333333499e+01	1.667159069202703986e-02
2.455000000000000071e+01	-1.472512183591604892e-02
2.456666666666666643e+01	-1.021910138093281607e-02
2.458333333333333215e+01	-6.198554929596894503e-06
2.460000000000000142e+01	2.962527755823128259e-02
2.461666666666666714e+01	-6.791578321581272226e-02
2.463333333333333286e+01	-2.840432116265637422e-02
2.464999999999999858e+01	9.590728306175860460e-03
2.466666666666666785e+01	-4.120973491346862499e-03
2.468333333333333357e+01	7.372760037897123364e-02
2.469999999999999929e+01	-5.108489275670335429e-03
2.471666666666666501e+01	2.526604902511168232e-02
2.473333333333333428e+01	-1.474985598382012181e-02
2.475000000000000355e+01	4.279085388198228083e-03
2.476666666666666927e+01	4.752429126120970987e-02
2.478333333333333499e+01	2.325073674171744542e-02
2.480000000000000071e+01	-7.302091686418779159e-04
2.481666666666666643e+01	8.744569276499275512e-03
2.483333333333333570e+01	-1.664533499821984133e-02
2.485000000000000142e+01	-4.791502206149590888e-03
2.486666666666666714e+01	-1.654774344421546667e-02
2.488333333333333286e+01	3.687863356485359539e-02
2.490000000000000213e+01	-4.834083484156068838e-02
2.491666666666666785e+01	-1.401781796712843996e-02
2.493333333333333357e+01	-2.135740902854740830e-02
2.494999999999999929e+01	-4.426064354367435956e-03
2.496666666666666501e+01	1.703099375597931509e-02
2.498333333333333428e+01	-7.034460050093290819e-03
2.500000000000000000e+01	-2.550133914936647539e-02
2.501666666666666572e+01	7.635299313508264393e-03
2.503333333333333144e+01	-3.571369272439505610e-02
2.505000000000000071e+01	-5.041420774123075337e-04
2.506666666666666998e+01	-1.647832279715695861e-02
2.508333333333333570e+01	-1.428898061147389383e-02
2.510000000000000142e+01	-1.523061329915001254e-02
2.511666666666666714e+01	6.894863779203463244e-03
2.513333333333333641e+01	1.794461255443701581e-02
2.515000000000000213e+01	-7.046657931981029077e-02
2.516666666666666785e+01	-1.062750024664699949e-02
2.518333333333333357e+01	4.197743759987784123e-02
2.519999999999999929e+01	3.587779408377596291e-02
