Time_us	Received_Shear
0.000000000000000000e+00	5.835038069725497628e-02
1.666666666666666644e-02	-1.787396801891561263e-02
3.333333333333333287e-02	3.952973963805153645e-02
4.999999999999999584e-02	-4.820471187423003290e-02
6.666666666666666574e-02	-6.507677333765166106e-02
8.333333333333334259e-02	-5.608754750365690933e-02
9.999999999999999167e-02	-8.165868895163166941e-02
1.166666666666666685e-01	-6.805802591663616397e-02
1.333333333333333315e-01	-1.098452584873515700e-03
1.499999999999999944e-01	-1.895667707890055093e-02
1.666666666666666852e-01	1.266557027317749551e-01
1.833333333333333204e-01	1.886576818553996615e-01
1.999999999999999833e-01	1.712685322669157129e-01
2.166666666666666741e-01	1.211933876848594743e-01
2.333333333333333370e-01	8.739222552173971093e-02
2.500000000000000000e-01	1.842828137704036195e-02
2.666666666666666630e-01	-6.939111643664507001e-02
2.833333333333333814e-01	-1.411597957920625590e-01
2.999999999999999889e-01	-1.571531044631936103e-01
3.166666666666666519e-01	-1.169784261892953398e-01
3.333333333333333703e-01	-1.135343631195495223e-01
3.499999999999999778e-01	-9.839235486170755385e-02
3.666666666666666408e-01	-3.278076922051366415e-02
3.833333333333333592e-01	1.481670023819917775e-02
3.999999999999999667e-01	9.176360250127051088e-02
4.166666666666666852e-01	3.705311367796274014e-02
4.333333333333333481e-01	7.175641771395176172e-02
4.500000000000000111e-01	3.584482837498454560e-02
4.666666666666666741e-01	8.365108430331663625e-02
4.833333333333332815e-01	-4.870588973208849794e-03
5.000000000000000000e-01	-3.682954846847389524e-02
5.166666666666666075e-01	-6.846406115460954012e-02
5.333333333333333259e-01	-8.876070143821745972e-02
5.500000000000000444e-01	-1.159631288362813761e-01
5.666666666666667629e-01	-5.631702195089617613e-02
5.833333333333333703e-01	3.547571091169696156e-04
5.999999999999999778e-01	4.424715347237650337e-02
6.166666666666666963e-01	-8.044906108207554307e-02
6.333333333333333037e-01	4.241401704204039724e-02
6.500000000000000222e-01	-7.884106225726064676e-03
6.666666666666667407e-01	7.798195724906414883e-02
6.833333333333333481e-01	6.610412599683300819e-03
6.999999999999999556e-01	-7.205562957208000788e-04
7.166666666666666741e-01	2.805044552428630558e-02
7.333333333333332815e-01	2.293433731160992445e-02
7.500000000000000000e-01	2.090152080686862729e-02
7.666666666666667185e-01	-4.109997168943874124e-02
7.833333333333334370e-01	2.626503252123489271e-03
7.999999999999999334e-01	-1.797408214985849254e-02
8.166666666666666519e-01	3.497802799638004279e-02
8.333333333333333703e-01	-5.987781376103159386e-02
8.499999999999999778e-01	-9.479646450755145615e-02
8.666666666666666963e-01	-2.633274913001124040e-03
8.833333333333334147e-01	-6.991646970368175368e-04
9.000000000000000222e-01	-1.431109613411658647e-02
9.166666666666666297e-01	-4.508813579119706587e-04
9.333333333333333481e-01	-3.701457955137851114e-02
9.499999999999999556e-01	4.961077339545003767e-02
9.666666666666665630e-01	-7.044698417410861363e-03
9.833333333333333925e-01	1.433293104388518036e-02
1.000000000000000000e+00	-3.220583334335527098e-02
1.016666666666666829e+00	5.354136311323594993e-02
1.033333333333333215e+00	-1.561081702228569318e-02
1.050000000000000044e+00	-1.099640441711292015e-02
1.066666666666666652e+00	-9.007665177005753573e-03
1.083333333333333259e+00	-2.067178865477643096e-02
1.100000000000000089e+00	-3.879280131062293104e-03
1.116666666666666696e+00	-1.147311193432441756e-02
1.133333333333333526e+00	-4.473326721855950400e-02
1.149999999999999911e+00	3.255977058553352621e-02
1.166666666666666741e+00	3.546443515363760512e-02
1.183333333333333348e+00	2.628493109501241903e-02
1.199999999999999956e+00	2.619943458869473246e-02
1.216666666666666785e+00	2.130561603623286684e-02
1.233333333333333393e+00	9.752651416920301436e-03
1.250000000000000000e+00	-8.960959231440671427e-03
1.266666666666666607e+00	4.578959583074724421e-02
1.283333333333333215e+00	3.505376820692724521e-02
1.300000000000000044e+00	2.343293857125444343e-02
1.316666666666666652e+00	4.179650773142933734e-02
1.333333333333333481e+00	-7.641832533910404568e-02
1.350000000000000089e+00	-1.344221503931847944e-02
1.366666666666666696e+00	-3.107312315523172788e-02
1.383333333333333304e+00	-4.964275860305043114e-02
1.399999999999999911e+00	1.317133926878459246e-02
1.416666666666666741e+00	-2.035001470170642521e-02
1.433333333333333348e+00	1.764707719680376485e-02
1.450000000000000178e+00	3.018037355830257423e-02
1.466666666666666563e+00	4.192825405698746150e-02
1.483333333333333393e+00	-6.648192556807443719e-03
1.500000000000000000e+00	-2.357199452490153779e-02
1.516666666666666607e+00	3.467488353497493597e-02
1.533333333333333437e+00	-2.837111410867765998e-02
1.550000000000000044e+00	-3.742178167655123289e-02
1.566666666666666874e+00	-1.933231299806259865e-02
1.583333333333333259e+00	2.272430135852260627e-02
1.599999999999999867e+00	2.264182791516565019e-04
1.616666666666666696e+00	-3.411311825438304024e-02
1.633333333333333304e+00	4.902424722962347818e-03
1.650000000000000133e+00	-1.242417889161398330e-02
1.666666666666666741e+00	4.582178473382626099e-02
1.683333333333333348e+00	-1.597238395477430795e-02
1.699999999999999956e+00	1.176599784711418115e-02
1.716666666666666563e+00	-6.269128163790172077e-03
1.733333333333333393e+00	-5.495729548866328668e-02
1.750000000000000000e+00	8.042503636436186196e-03
1.766666666666666829e+00	-1.694131426177665489e-02
1.783333333333333437e+00	5.482938145832516597e-02
1.800000000000000044e+00	2.121052175698309034e-02
1.816666666666666652e+00	4.910007739158243380e-03
1.833333333333333259e+00	2.999265108629525084e-02
1.850000000000000089e+00	-1.764865368517974306e-02
1.866666666666666696e+00	-5.520468686869456354e-02
1.883333333333333526e+00	-4.445251030343710247e-02
1.899999999999999911e+00	-2.082560771699242669e-02
1.916666666666666741e+00	2.182133176910135836e-02
1.933333333333333126e+00	-8.884779087072065254e-04
1.949999999999999956e+00	1.671380653240248440e-02
1.966666666666666785e+00	1.378445514675569195e-02
1.983333333333333615e+00	1.600187788036046277e-02
2.000000000000000000e+00	-8.765959482329777064e-03
2.016666666666666607e+00	6.208501374737973241e-03
2.033333333333333659e+00	1.891234488685042186e-03
2.049999999999999822e+00	3.337849808566174109e-02
2.066666666666666430e+00	-6.044164834454179673e-03
2.083333333333333481e+00	-5.217509463030762379e-02
2.100000000000000089e+00	1.198037645266668456e-02
2.116666666666666696e+00	2.073764422659432269e-02
2.133333333333333304e+00	9.408923643196176467e-03
2.150000000000000355e+00	8.842915402976932876e-03
2.166666666666666519e+00	-2.381171426294826504e-02
2.183333333333333126e+00	-2.483377711178200511e-02
2.200000000000000178e+00	5.597527121866795879e-03
2.216666666666666785e+00	-2.421258863523029561e-02
2.233333333333333393e+00	5.334493006594274306e-02
2.250000000000000000e+00	-2.934268728143272706e-02
2.266666666666667052e+00	-7.254749064182640372e-02
2.283333333333333215e+00	9.659925147986973826e-02
2.299999999999999822e+00	-1.149431889586445370e-02
2.316666666666666874e+00	-1.938841395199971188e-02
2.333333333333333481e+00	-5.265511738746452529e-04
2.350000000000000089e+00	-1.473817383417318563e-02
2.366666666666666696e+00	1.480581140155708131e-02
2.383333333333333304e+00	-2.006762312882787863e-02
2.399999999999999911e+00	-3.775193323354544828e-02
2.416666666666666519e+00	-4.609845414434967509e-02
2.433333333333333570e+00	-3.530435088528893067e-02
2.450000000000000178e+00	2.406638537264444919e-02
2.466666666666666785e+00	-3.347989269090820286e-02
2.483333333333333393e+00	3.164173354054107545e-02
2.500000000000000000e+00	2.011959418319647294e-02
2.516666666666666607e+00	-1.898911771537415902e-02
2.533333333333333215e+00	2.015894392289145284e-02
2.550000000000000266e+00	-5.951668788689736152e-03
2.566666666666666430e+00	7.917628209294597184e-04
2.583333333333333481e+00	-1.868725628767704469e-02
2.600000000000000089e+00	3.771001736060886761e-02
2.616666666666666696e+00	-7.386164712604782745e-02
2.633333333333333304e+00	-1.981541549671613910e-04
2.649999999999999911e+00	-3.970986886363385600e-03
2.666666666666666963e+00	-1.935371687732217669e-02
2.683333333333333126e+00	3.657916372505040908e-03
2.700000000000000178e+00	1.428666981872928760e-02
2.716666666666666785e+00	7.990831339313683376e-03
2.733333333333333393e+00	-4.099593169520690528e-02
2.750000000000000000e+00	7.940577615947277956e-02
2.766666666666666607e+00	-2.354159671399631837e-02
2.783333333333333659e+00	5.499846755488599359e-02
2.799999999999999822e+00	-5.836849250922498782e-03
2.816666666666666874e+00	-3.414630410119572079e-02
2.833333333333333481e+00	6.416812345195849372e-03
2.850000000000000089e+00	-2.850139541915569508e-03
2.866666666666666696e+00	-1.860141026119602192e-03
2.883333333333333304e+00	2.387717704043886002e-02
2.900000000000000355e+00	3.198948358038501000e-02
2.916666666666666519e+00	-9.580366338433974737e-04
2.933333333333333126e+00	-1.718854880681323569e-02
2.950000000000000178e+00	3.830864934093561325e-02
2.966666666666666785e+00	-9.824134080439772890e-03
2.983333333333333393e+00	9.350365045589373661e-03
3.000000000000000000e+00	3.916960840324293369e-02
3.016666666666667052e+00	6.176523203898607456e-02
3.033333333333333215e+00	-5.192392831083888355e-02
3.049999999999999822e+00	-1.699471986244139449e-02
3.066666666666666874e+00	-3.664274371961637883e-02
3.083333333333333481e+00	-2.526944198163743119e-02
3.100000000000000089e+00	-5.285490470784376393e-02
3.116666666666666696e+00	1.327923140716257173e-02
3.133333333333333748e+00	1.724067436842829188e-03
3.149999999999999911e+00	-2.862804497668377472e-03
3.166666666666666519e+00	-6.652149888958662320e-03
3.183333333333333570e+00	3.129565729727555590e-02
3.199999999999999734e+00	-1.989251606136500580e-02
3.216666666666666785e+00	-1.390140288461638729e-02
3.233333333333333393e+00	-1.038054257501741127e-03
3.250000000000000444e+00	-2.391467223738390213e-02
3.266666666666666607e+00	-1.788740510660084728e-04
3.283333333333333215e+00	-4.376025882791637067e-02
3.300000000000000266e+00	1.367112546572092115e-02
3.316666666666666430e+00	1.653218656797929287e-02
3.333333333333333481e+00	-2.640457504513428477e-02
3.350000000000000089e+00	6.504490376121128958e-03
3.366666666666666696e+00	3.866646484364112679e-02
3.383333333333333304e+00	7.761783300513061014e-03
3.399999999999999911e+00	-3.321353957916884508e-02
3.416666666666666963e+00	-6.025522323108335049e-02
3.433333333333333126e+00	2.774175085503654409e-02
3.450000000000000178e+00	3.902998640812502251e-02
3.466666666666666785e+00	1.076635967827987810e-02
3.483333333333333393e+00	-7.221992205755561889e-02
3.500000000000000000e+00	-2.292363274568150720e-03
3.516666666666666607e+00	-4.708026375448042672e-02
3.533333333333333659e+00	7.509162460504698045e-02
3.549999999999999822e+00	4.555027217422417951e-02
3.566666666666666874e+00	1.177555180457517253e-02
3.583333333333333481e+00	-3.243224294665821711e-02
3.600000000000000089e+00	-2.181887703129637562e-02
3.616666666666666696e+00	2.318614835955430317e-02
3.633333333333333304e+00	1.428713112880124105e-04
3.650000000000000355e+00	-5.689035734314461246e-02
3.666666666666666519e+00	3.880853286612519909e-02
3.683333333333333570e+00	-3.342370309303320519e-02
3.700000000000000178e+00	3.834767150318348777e-02
3.716666666666666785e+00	-2.696860921389533303e-02
3.733333333333333393e+00	2.611434736745535737e-02
3.750000000000000000e+00	-3.567581575249455933e-02
3.766666666666667052e+00	-2.125525208351669929e-02
3.783333333333333215e+00	-1.694642511345736957e-02
3.799999999999999822e+00	-7.814975760387546377e-02
3.816666666666666874e+00	-1.292613457889024882e-02
3.833333333333333481e+00	4.144825086859212949e-03
3.850000000000000533e+00	2.563020059576677501e-02
3.866666666666666252e+00	1.011012205767703939e-02
3.883333333333333304e+00	1.584188507224091810e-02
3.899999999999999911e+00	-5.238285987413322624e-03
3.916666666666666519e+00	-1.706799232634464980e-02
3.933333333333333570e+00	1.313129140502071121e-02
3.950000000000000178e+00	-1.128218874865625880e-02
3.966666666666667229e+00	2.166106862120154020e-03
3.983333333333332948e+00	3.676933906485766596e-02
4.000000000000000000e+00	2.474311014432966846e-02
4.016666666666666607e+00	-2.345102456307076103e-02
4.033333333333333215e+00	-4.867350759465084720e-02
4.049999999999999822e+00	-1.435797392068276224e-02
4.066666666666667318e+00	5.456111303604415513e-02
4.083333333333333925e+00	5.084911857562898069e-02
4.099999999999999645e+00	3.411606149496518997e-02
4.116666666666666252e+00	3.691615641825994609e-02
4.133333333333332860e+00	-5.177200821766206329e-02
4.150000000000000355e+00	2.590379897223970412e-02
4.166666666666666963e+00	-9.359077131972157529e-03
4.183333333333333570e+00	2.131589123144853395e-02
4.200000000000000178e+00	3.505314349740290547e-02
4.216666666666666785e+00	8.896116076487952176e-03
4.233333333333333393e+00	-3.124545947164106968e-02
4.250000000000000000e+00	3.486924550011859247e-02
4.266666666666666607e+00	2.773308740711155976e-02
4.283333333333333215e+00	-1.852347820887068758e-02
4.300000000000000711e+00	1.091156101207194952e-02
4.316666666666667318e+00	3.344881705697828195e-02
4.333333333333333037e+00	3.234742306194074435e-02
4.349999999999999645e+00	2.349828949457007793e-02
4.366666666666666252e+00	4.805024968602251284e-02
4.383333333333333748e+00	-2.005692720537492757e-02
4.400000000000000355e+00	-4.066526301887291722e-02
4.416666666666666963e+00	-1.473242149876370470e-02
4.433333333333333570e+00	-1.548607999009433620e-02
4.450000000000000178e+00	5.843703496000906411e-02
4.466666666666666785e+00	-2.212323298045452274e-02
4.483333333333333393e+00	-1.132748317276573505e-02
4.500000000000000000e+00	6.270365606732121108e-03
4.516666666666666607e+00	1.274981989019779473e-02
4.533333333333334103e+00	-4.077938615979833509e-02
4.550000000000000711e+00	-6.697102408984858483e-04
4.566666666666666430e+00	6.691206249991675905e-04
4.583333333333333037e+00	-1.028435129110437211e-02
4.599999999999999645e+00	-7.609274671124985345e-02
4.616666666666667140e+00	4.669038178696646377e-03
4.633333333333333748e+00	-4.877617094475648202e-02
4.650000000000000355e+00	-3.596891625676042203e-02
4.666666666666666963e+00	8.832401169539391347e-03
4.683333333333332682e+00	1.566308640218228455e-03
4.700000000000000178e+00	4.182423336283277310e-02
4.716666666666666785e+00	9.832283091350256174e-03
4.733333333333333393e+00	-3.917263029758401988e-02
4.750000000000000000e+00	-1.860287021547176768e-03
4.766666666666666607e+00	3.895486215711606998e-02
4.783333333333334103e+00	2.950255217636050392e-02
4.799999999999999822e+00	1.291511276838826737e-02
4.816666666666666430e+00	-1.539354729661918803e-02
4.833333333333333037e+00	2.169115223426191022e-02
4.850000000000000533e+00	-3.867597636939572314e-02
4.866666666666667140e+00	2.341744649593819477e-02
4.883333333333333748e+00	-4.198752523649867952e-02
4.900000000000000355e+00	4.531973376307777551e-02
4.916666666666666075e+00	-2.030015058665051927e-02
4.933333333333333570e+00	-1.339857869894843338e-02
4.950000000000000178e+00	1.684194521711762302e-02
4.966666666666666785e+00	2.221959158974975838e-04
4.983333333333333393e+00	3.653124049792992600e-02
5.000000000000000000e+00	4.586509814037662003e-02
5.016666666666666607e+00	-3.085590193550732940e-02
5.033333333333333215e+00	5.680022075525944375e-02
5.049999999999999822e+00	3.248872539210111328e-03
5.066666666666666430e+00	-4.281041564021036659e-03
5.083333333333333925e+00	1.711747481978501129e-02
5.100000000000000533e+00	1.569537268609960678e-02
5.116666666666667140e+00	-1.376637020526078406e-02
5.133333333333332860e+00	-2.535599377379385913e-02
5.149999999999999467e+00	2.181669069027141611e-02
5.166666666666666963e+00	7.383011468650220455e-02
5.183333333333333570e+00	2.242844598825301586e-02
5.200000000000000178e+00	5.629063830436881709e-03
5.216666666666666785e+00	-1.387461812362147939e-02
5.233333333333333393e+00	1.466519108839289647e-02
5.250000000000000000e+00	1.611747605453848001e-02
5.266666666666666607e+00	9.155297883140113948e-04
5.283333333333333215e+00	-2.474446906628568338e-02
5.299999999999999822e+00	1.236743770284016129e-02
5.316666666666666430e+00	8.005129228523449880e-03
5.333333333333333925e+00	-6.884302822021045112e-03
5.350000000000000533e+00	-1.959372126900229411e-02
5.366666666666666252e+00	-1.934685935332457196e-02
5.383333333333332860e+00	6.388475150109491907e-02
5.400000000000000355e+00	-2.334443855216180447e-02
5.416666666666666963e+00	3.945442907800075956e-03
5.433333333333333570e+00	8.048687561803685719e-02
5.450000000000000178e+00	-1.949327940931843903e-02
5.466666666666666785e+00	4.823099293313438951e-02
5.483333333333333393e+00	-4.708021234569240154e-02
5.500000000000000000e+00	2.761609871522033299e-02
5.516666666666666607e+00	-1.675147716319819180e-02
5.533333333333333215e+00	-4.411357132130537539e-02
5.549999999999999822e+00	-5.891601746884107295e-03
5.566666666666667318e+00	3.224265731287986880e-02
5.583333333333333925e+00	1.145839980562170408e-02
5.599999999999999645e+00	-2.726921364461673200e-02
5.616666666666666252e+00	4.522211229108979991e-02
5.633333333333333748e+00	-7.905973354481586612e-02
5.650000000000000355e+00	-1.981237160525863277e-03
5.666666666666666963e+00	-6.154259170527390244e-02
5.683333333333333570e+00	-6.725867818654934598e-03
5.700000000000000178e+00	-3.835423863643497300e-02
5.716666666666666785e+00	4.063868840852039727e-02
5.733333333333333393e+00	4.808769054239670979e-03
5.750000000000000000e+00	2.564683805469543734e-02
5.766666666666666607e+00	-1.683411422818897538e-02
5.783333333333333215e+00	1.415553196163605101e-02
5.800000000000000711e+00	-2.924003238901377519e-02
5.816666666666667318e+00	3.952624229931504460e-03
5.833333333333333037e+00	-8.008968975998771809e-04
5.849999999999999645e+00	-8.172610536111830568e-03
5.866666666666666252e+00	-1.121783236737919701e-02
5.883333333333333748e+00	2.467413276868227895e-02
5.900000000000000355e+00	1.560511819465781186e-02
5.916666666666666963e+00	2.896457994364655397e-02
5.933333333333333570e+00	-1.488742927010119552e-02
5.950000000000000178e+00	4.808699692356139394e-02
5.966666666666666785e+00	5.895339044855645028e-02
5.983333333333333393e+00	2.829411322010777843e-02
6.000000000000000000e+00	3.712902732985767090e-02
6.016666666666666607e+00	-2.296838150743874332e-02
6.033333333333334103e+00	-4.241469153866296582e-02
6.050000000000000711e+00	-4.629883581822089034e-02
6.066666666666666430e+00	1.889131257394265073e-02
6.083333333333333037e+00	-3.076041637520782537e-02
6.099999999999999645e+00	4.219385266086403408e-02
6.116666666666667140e+00	-3.162543966504780674e-02
6.133333333333333748e+00	-3.420385735221888324e-02
6.150000000000000355e+00	-6.181662720634602259e-02
6.166666666666666963e+00	1.921411795321200646e-03
6.183333333333333570e+00	-2.356718078290537255e-02
6.200000000000000178e+00	-1.175174993813820484e-02
6.216666666666666785e+00	-3.542516233334767201e-03
6.233333333333333393e+00	-1.055917390867559640e-02
6.250000000000000000e+00	-1.612854035645141029e-02
6.266666666666667496e+00	-8.319004951719925767e-02
6.283333333333334103e+00	4.209668176137057807e-03
6.299999999999999822e+00	-3.487804584122950803e-04
6.316666666666666430e+00	1.007168338271343180e-02
6.333333333333333037e+00	-7.374305575369896615e-02
6.350000000000000533e+00	4.301800195003008254e-02
6.366666666666667140e+00	-1.856328888959029796e-02
6.383333333333333748e+00	-2.996865491144029905e-02
6.399999999999999467e+00	1.619172526800015822e-03
6.416666666666666075e+00	-4.328758343976542300e-02
6.433333333333333570e+00	7.435830521998118819e-04
6.450000000000000178e+00	-5.068480880764433122e-02
6.466666666666666785e+00	-1.775936765254704577e-02
6.483333333333333393e+00	6.420217461760420463e-03
6.500000000000000888e+00	2.333490476540517333e-02
6.516666666666666607e+00	2.905463904490515614e-02
6.533333333333333215e+00	7.265627317232452309e-02
6.549999999999999822e+00	-3.955536763279091095e-02
6.566666666666666430e+00	4.559441372235913809e-02
6.583333333333333925e+00	4.135911974560410598e-02
6.600000000000000533e+00	1.938037456218156748e-02
6.616666666666667140e+00	7.591928049695213614e-03
6.633333333333332860e+00	-5.377102551136504066e-02
6.649999999999999467e+00	-1.138083165467223060e-02
6.666666666666666963e+00	-4.650607656132624973e-02
6.683333333333333570e+00	-2.130183184373670574e-02
6.700000000000000178e+00	5.561137324344432586e-02
6.716666666666666785e+00	2.999395456573383106e-02
6.733333333333333393e+00	-1.267004482993754413e-02
6.750000000000000000e+00	-1.462108587941159631e-02
6.766666666666666607e+00	-2.952933486608244184e-03
6.783333333333333215e+00	-3.805411640844823945e-02
6.799999999999999822e+00	-1.807764330521561408e-03
6.816666666666667318e+00	-5.484980232553848117e-02
6.833333333333333925e+00	-2.088487031409119038e-02
6.850000000000000533e+00	-3.510100988604760060e-03
6.866666666666666252e+00	-1.453284594335154528e-02
6.883333333333332860e+00	-3.804624964414499849e-02
6.900000000000000355e+00	-8.727905273998564500e-03
6.916666666666666963e+00	-4.994393575203695534e-02
6.933333333333333570e+00	4.526416921963500456e-02
6.950000000000000178e+00	-2.905083582710742129e-02
6.966666666666666785e+00	2.228248748739777504e-02
6.983333333333333393e+00	-3.131707621932926927e-02
7.000000000000000000e+00	-4.527107883119893561e-04
7.016666666666666607e+00	-6.089907572570712330e-02
7.033333333333333215e+00	2.596667351735874527e-02
7.049999999999999822e+00	-7.468495617463709324e-02
7.066666666666667318e+00	1.516224259663751048e-03
7.083333333333333925e+00	-2.348912458607641321e-02
7.099999999999999645e+00	2.480003198563888317e-02
7.116666666666666252e+00	2.788396927960106603e-02
7.133333333333333748e+00	-4.698226931715836219e-02
7.150000000000000355e+00	1.983241460222600651e-03
7.166666666666666963e+00	3.738131108109153666e-02
7.183333333333333570e+00	-1.887757345799427611e-03
7.200000000000000178e+00	2.401540769614458198e-02
7.216666666666666785e+00	-3.471642361897797624e-02
7.233333333333333393e+00	3.920835255373323475e-02
7.250000000000000000e+00	-2.839674118881743356e-02
7.266666666666666607e+00	1.370691699169628019e-02
7.283333333333333215e+00	2.095546014525768996e-02
7.300000000000000711e+00	-2.829270758674401996e-03
7.316666666666667318e+00	1.796739803520767606e-02
7.333333333333333037e+00	4.549794595510969764e-02
7.349999999999999645e+00	4.639684899765897244e-04
7.366666666666667140e+00	-4.842255871038778775e-02
7.383333333333333748e+00	-2.157408399971677722e-03
7.400000000000000355e+00	3.163653415403877567e-02
7.416666666666666963e+00	-4.731375084944190734e-02
7.433333333333333570e+00	2.326741479130816845e-02
7.450000000000000178e+00	2.507393923749962755e-02
7.466666666666666785e+00	3.288919246369077093e-02
7.483333333333333393e+00	2.248196300896286234e-03
7.500000000000000000e+00	-3.300219262400616495e-03
7.516666666666666607e+00	4.054555766060557488e-03
7.533333333333334103e+00	2.422932979390332933e-02
7.550000000000000711e+00	-2.164921721504732208e-02
7.566666666666666430e+00	-8.621420047348438837e-03
7.583333333333333037e+00	-3.540241785660522972e-02
7.599999999999999645e+00	6.290541153763368198e-02
7.616666666666667140e+00	-5.206012795413754446e-02
7.633333333333333748e+00	2.266853700151795145e-02
7.649999999999999467e+00	-1.334658936343147660e-02
7.666666666666666963e+00	-1.576054699978749959e-02
7.683333333333333570e+00	1.232377183144700225e-02
7.700000000000001066e+00	-6.405409247262676409e-02
7.716666666666666785e+00	-5.231343593521182306e-02
7.733333333333332504e+00	3.494107553847589781e-02
7.750000000000000000e+00	-2.545106453404075153e-02
7.766666666666666607e+00	2.342832776802218284e-02
7.783333333333334103e+00	-4.175285736853442259e-02
7.799999999999999822e+00	9.843561056173523102e-03
7.816666666666667318e+00	4.901885568370913191e-04
7.833333333333333037e+00	2.102378778970433876e-02
7.849999999999999645e+00	1.271638637719179482e-02
7.866666666666667140e+00	9.165428190453042689e-02
7.883333333333332860e+00	2.001914335488250152e-02
7.900000000000000355e+00	-4.428550735351789031e-02
7.916666666666666963e+00	2.265638874188765153e-02
7.933333333333334458e+00	3.091355976486249296e-02
7.950000000000000178e+00	-3.529296912394387642e-02
7.966666666666665897e+00	-9.858024081066897940e-03
7.983333333333333393e+00	-3.010434611981627553e-02
8.000000000000000000e+00	6.037945073889172676e-02
8.016666666666667496e+00	6.044027640011793122e-03
8.033333333333333215e+00	-3.419268347026602813e-03
8.050000000000000711e+00	4.340344863826128136e-03
8.066666666666666430e+00	-5.268426684021309744e-04
8.083333333333332149e+00	-2.752185663423225431e-02
8.099999999999999645e+00	6.811635712392508611e-03
8.116666666666667140e+00	1.254386814093054383e-03
8.133333333333334636e+00	1.676424360513501660e-02
8.150000000000000355e+00	-4.488675246943246711e-02
8.166666666666667851e+00	2.264641864189021955e-02
8.183333333333333570e+00	2.501760253992702313e-02
8.199999999999999289e+00	-1.575014457994729916e-02
8.216666666666666785e+00	5.656699820335144013e-02
8.233333333333332504e+00	2.516781409157028970e-02
8.250000000000000000e+00	-2.885895327544422614e-02
8.266666666666665719e+00	4.340807256359340699e-02
8.283333333333334991e+00	3.574151445779609210e-03
8.300000000000000711e+00	7.269867292796598768e-02
8.316666666666666430e+00	-2.522261328163092481e-02
8.333333333333333925e+00	3.436476607077463413e-02
8.349999999999999645e+00	2.203847030025199785e-02
8.366666666666667140e+00	7.527696011381446520e-03
8.383333333333332860e+00	1.198740247044262179e-02
8.400000000000000355e+00	-1.646535919882555557e-02
8.416666666666666075e+00	-4.223992869102178443e-02
8.433333333333333570e+00	-5.355851112677622455e-02
8.450000000000001066e+00	-1.695108676667863093e-02
8.466666666666666785e+00	-3.945188442847543525e-02
8.483333333333334281e+00	-3.660353535391412672e-02
8.500000000000000000e+00	-5.561021464363426203e-02
8.516666666666667496e+00	-7.852956231463503745e-02
8.533333333333333215e+00	-8.109670621102220422e-02
8.549999999999998934e+00	-2.182085394060104266e-02
8.566666666666666430e+00	-3.956898721378436512e-02
8.583333333333332149e+00	1.964925038687218711e-02
8.600000000000001421e+00	6.493699884757564433e-05
8.616666666666667140e+00	8.969314894559381190e-02
8.633333333333334636e+00	1.041667634573528456e-01
8.650000000000000355e+00	1.170810776496514632e-01
8.666666666666666075e+00	1.381130345744816801e-01
8.683333333333333570e+00	1.278808835562015300e-01
8.699999999999999289e+00	1.133586499066084469e-01
8.716666666666666785e+00	9.764776127381631643e-02
8.733333333333332504e+00	2.250338959034954220e-02
8.750000000000001776e+00	4.113003633609327997e-02
8.766666666666667496e+00	-5.979030111070925135e-02
8.783333333333333215e+00	-8.301751618571021063e-02
8.800000000000000711e+00	-1.121892689520909148e-01
8.816666666666666430e+00	-1.471356801597105968e-01
8.833333333333333925e+00	-1.129293421785621115e-01
8.849999999999999645e+00	-1.255271966473986422e-01
8.866666666666667140e+00	-1.337227889174928686e-01
8.883333333333332860e+00	-1.308062816781991600e-01
8.900000000000000355e+00	-5.282699604972628665e-02
8.916666666666667851e+00	5.292420920938604306e-02
8.933333333333333570e+00	5.613876997441813455e-02
8.950000000000001066e+00	9.664994406623769740e-02
8.966666666666666785e+00	1.181850916697883974e-01
8.983333333333334281e+00	1.676548851934111239e-01
9.000000000000000000e+00	1.361501347196449885e-01
9.016666666666665719e+00	1.088268417933352383e-01
9.033333333333333215e+00	9.355690034345751083e-02
9.049999999999998934e+00	1.095869696239665791e-01
9.066666666666668206e+00	6.478832390030589417e-02
9.083333333333333925e+00	-3.554233567562113671e-02
9.100000000000001421e+00	-1.013598937236274700e-01
9.116666666666667140e+00	-1.245539768073783138e-01
9.133333333333332860e+00	-1.655492877226938386e-01
9.150000000000000355e+00	-1.670729953253336786e-01
9.166666666666666075e+00	-5.598410442690465727e-02
9.183333333333333570e+00	-1.381871927279284540e-01
9.199999999999999289e+00	-1.101870571595604115e-01
9.216666666666666785e+00	-1.366559033928593514e-01
9.233333333333334281e+00	1.563484408776995294e-03
9.250000000000000000e+00	4.154577813970843081e-02
9.266666666666667496e+00	6.284763534934596774e-02
9.283333333333333215e+00	-4.354442688748881574e-02
9.300000000000000711e+00	1.525654938664553206e-01
9.316666666666666430e+00	1.540950348661418723e-01
9.333333333333333925e+00	1.372093080652140584e-01
9.349999999999999645e+00	1.815103586933014268e-01
9.366666666666665364e+00	1.244778997399989123e-01
9.383333333333334636e+00	6.146011026053405102e-02
9.400000000000000355e+00	3.258383798562226874e-02
9.416666666666667851e+00	-6.194740102522153756e-04
9.433333333333333570e+00	-6.169254573028232908e-02
9.450000000000001066e+00	-1.235381435830905927e-01
9.466666666666666785e+00	-1.063758488111031797e-01
9.483333333333332504e+00	-1.887040946797176599e-01
9.500000000000000000e+00	-1.073059491010441846e-01
9.516666666666665719e+00	-7.436169424578589759e-02
9.533333333333333215e+00	-1.608716798610047016e-01
9.550000000000000711e+00	-7.617752262291670184e-02
9.566666666666668206e+00	3.279674613971016173e-03
9.583333333333333925e+00	-2.792110820748204634e-03
9.599999999999999645e+00	5.472125744834220595e-02
9.616666666666667140e+00	1.045692957377555854e-01
9.633333333333332860e+00	1.302899766196929654e-01
9.650000000000000355e+00	1.494620996741031771e-01
9.666666666666666075e+00	1.935215969336608610e-01
9.683333333333333570e+00	1.864293483422685971e-01
9.700000000000001066e+00	8.963906450602218690e-02
9.716666666666666785e+00	7.194174504033676310e-02
9.733333333333334281e+00	1.055534500702463852e-01
9.750000000000000000e+00	-2.340316003576034184e-02
9.766666666666667496e+00	-2.044343280320571471e-02
9.783333333333333215e+00	-7.701675232381494096e-02
9.800000000000000711e+00	-1.153759712787530006e-01
9.816666666666666430e+00	-1.518035290988398733e-01
9.833333333333332149e+00	-2.113442482508813836e-01
9.850000000000001421e+00	-9.578329870054791417e-02
9.866666666666667140e+00	-1.392206520464273345e-01
9.883333333333334636e+00	-1.173913880259235265e-01
9.900000000000000355e+00	-7.260317992503373397e-03
9.916666666666667851e+00	5.389608180923580877e-02
9.933333333333333570e+00	3.616609408748974741e-02
9.949999999999999289e+00	8.278255318401901708e-02
9.966666666666666785e+00	7.017095348054611104e-02
9.983333333333332504e+00	1.556063889405341072e-01
1.000000000000000000e+01	1.891616785231202968e-01
1.001666666666666750e+01	1.345245078746257483e-01
1.003333333333333321e+01	9.665521915177836820e-02
1.005000000000000071e+01	7.548985502065189146e-02
1.006666666666666643e+01	1.044358081554635220e-01
1.008333333333333393e+01	1.152520435841863054e-02
1.009999999999999964e+01	-8.123243103051122627e-02
1.011666666666666714e+01	-4.444398506481294503e-02
1.013333333333333286e+01	-9.951216377464723595e-02
1.014999999999999858e+01	-1.819027447601735958e-01
1.016666666666666785e+01	-1.984953896811097462e-01
1.018333333333333357e+01	-1.791532635929204420e-01
1.020000000000000107e+01	-8.447873918662254789e-02
1.021666666666666679e+01	-1.355692162061639117e-01
1.023333333333333428e+01	3.401400678445048315e-02
1.025000000000000000e+01	-5.186369792863380207e-02
1.026666666666666572e+01	5.396389573229276593e-02
1.028333333333333321e+01	5.586921831637068486e-02
1.029999999999999893e+01	9.177960567015364113e-02
1.031666666666666643e+01	-5.139600673397262676e-03
1.033333333333333393e+01	1.526231365456198752e-01
1.035000000000000142e+01	9.887543825233129080e-02
1.036666666666666714e+01	8.970768926132899335e-02
1.038333333333333286e+01	4.246406091087596979e-02
1.040000000000000036e+01	7.677194957723584845e-02
1.041666666666666607e+01	9.026738659937449602e-03
1.043333333333333357e+01	1.675061803035461303e-03
1.044999999999999929e+01	8.745854481688082604e-04
1.046666666666666679e+01	-9.038189919572996167e-02
1.048333333333333428e+01	-5.698542740605032353e-02
1.050000000000000000e+01	-5.352950573969568471e-04
1.051666666666666750e+01	-2.878661293462116827e-03
1.053333333333333321e+01	1.161482174696066780e-02
1.055000000000000071e+01	1.346250701331769793e-02
1.056666666666666643e+01	2.612463135085488566e-02
1.058333333333333393e+01	-1.357172196152712715e-02
1.059999999999999964e+01	6.478522240348805195e-02
1.061666666666666536e+01	2.763811449318672245e-02
1.063333333333333286e+01	3.053811793919961742e-02
1.065000000000000036e+01	-2.977597202727486764e-02
1.066666666666666785e+01	-2.332399986365223197e-03
1.068333333333333357e+01	2.605840571669258005e-02
1.070000000000000107e+01	-7.257125038560506254e-04
1.071666666666666679e+01	1.556394959329339585e-02
1.073333333333333250e+01	7.530563512012173645e-03
1.075000000000000000e+01	-3.527002990009106814e-03
1.076666666666666572e+01	-1.420606573269921156e-03
1.078333333333333321e+01	4.257472541561924118e-02
1.080000000000000071e+01	-1.085243335378511392e-02
1.081666666666666821e+01	1.625153544270822870e-02
1.083333333333333393e+01	-7.926987310126254243e-04
1.084999999999999964e+01	7.509292257736934970e-03
1.086666666666666714e+01	-1.132006540402783965e-02
1.088333333333333286e+01	3.038762844645313127e-02
1.090000000000000036e+01	-5.813155493897435508e-03
1.091666666666666607e+01	-2.530128377130848663e-02
1.093333333333333357e+01	2.790863105713532050e-02
1.095000000000000107e+01	5.130422628968278435e-03
1.096666666666666679e+01	9.935424476967165408e-02
1.098333333333333428e+01	-1.731890166852237747e-02
1.100000000000000000e+01	-3.580604866356395730e-03
1.101666666666666750e+01	6.268400757035714858e-03
1.103333333333333321e+01	-8.195697326404884075e-02
1.105000000000000071e+01	1.526446202249483707e-02
1.106666666666666643e+01	1.945207923112079323e-02
1.108333333333333215e+01	-2.279834943423839425e-02
1.109999999999999964e+01	-2.123372257149154074e-03
1.111666666666666714e+01	-2.648026969725590998e-02
1.113333333333333464e+01	-3.074544700993328550e-02
1.115000000000000036e+01	1.064177881020716976e-02
1.116666666666666785e+01	-2.159749635296235801e-02
1.118333333333333357e+01	2.489865524640845831e-02
1.119999999999999929e+01	-6.078036492013784084e-03
1.121666666666666679e+01	1.698966604514734382e-03
1.123333333333333250e+01	-6.042795155262002151e-03
1.125000000000000000e+01	1.601064877435780850e-03
1.126666666666666750e+01	-7.657615936711667862e-03
1.128333333333333499e+01	-1.603203115664136869e-02
1.130000000000000071e+01	-3.940888459408131012e-02
1.131666666666666643e+01	1.580513695704922200e-02
1.133333333333333393e+01	2.289125625654567144e-03
1.134999999999999964e+01	-4.523490455834090762e-03
1.136666666666666714e+01	4.381919610374673119e-02
1.138333333333333286e+01	-5.416640383498301167e-03
1.140000000000000036e+01	2.501727272730681906e-02
1.141666666666666607e+01	-3.062524748510457931e-02
1.143333333333333357e+01	-5.990799031351141252e-02
1.145000000000000107e+01	-2.471745486755373353e-02
1.146666666666666679e+01	2.253849902959920160e-02
1.148333333333333428e+01	4.928427419402994086e-04
1.150000000000000000e+01	1.576170388712088560e-02
1.151666666666666750e+01	-1.877747393463930631e-02
1.153333333333333321e+01	6.947216323123874861e-03
1.154999999999999893e+01	4.188461298512948655e-02
1.156666666666666643e+01	1.300604798653096084e-02
1.158333333333333393e+01	2.368720679438269475e-04
1.160000000000000142e+01	1.299878258186840108e-02
1.161666666666666714e+01	-2.481939238233011463e-02
1.163333333333333464e+01	4.037167636761904155e-02
1.165000000000000036e+01	9.541334385931073830e-03
1.166666666666666607e+01	9.252418758249251682e-03
1.168333333333333357e+01	-2.976649277434444824e-02
1.169999999999999929e+01	-5.426523325480208521e-02
1.171666666666666679e+01	4.338477299698090955e-02
1.173333333333333250e+01	-1.375349698752492168e-02
1.175000000000000178e+01	-1.256641989938004147e-03
1.176666666666666750e+01	9.654475796299940085e-03
1.178333333333333321e+01	1.131907138657191683e-02
1.180000000000000071e+01	-1.953953123515138335e-02
1.181666666666666643e+01	4.679662555064225543e-02
1.183333333333333393e+01	-2.316550017052333016e-02
1.184999999999999964e+01	9.337040545605454489e-02
1.186666666666666714e+01	1.527650647776249496e-02
1.188333333333333286e+01	-6.535459073857149970e-03
1.190000000000000036e+01	-5.692480066063135974e-02
1.191666666666666785e+01	-4.432670641003257084e-03
1.193333333333333357e+01	-3.072232030969501357e-02
1.195000000000000107e+01	-3.752401506764080352e-02
1.196666666666666679e+01	-1.937251724902405020e-02
1.198333333333333428e+01	-3.593669738168767114e-02
1.200000000000000000e+01	-3.180689741152659122e-02
1.201666666666666572e+01	-1.435738324952986339e-02
1.203333333333333321e+01	1.584475498759850554e-02
1.205000000000000071e+01	-6.850128234054290999e-02
1.206666666666666821e+01	-4.659153369320295085e-02
1.208333333333333393e+01	4.612085334734226244e-02
1.210000000000000142e+01	-4.965424445943907202e-03
1.211666666666666714e+01	1.565277230370502176e-02
1.213333333333333286e+01	6.019033759634521974e-02
1.215000000000000036e+01	-3.388511420337537994e-02
1.216666666666666607e+01	1.514157687974703251e-02
1.218333333333333357e+01	2.053239845931281379e-02
1.219999999999999929e+01	-6.372996750766084240e-02
1.221666666666666856e+01	4.259945764347232433e-02
1.223333333333333428e+01	8.804704057570612863e-02
1.225000000000000000e+01	1.518517463741335047e-02
1.226666666666666750e+01	-9.973654833426489480e-03
1.228333333333333321e+01	6.615671918434419541e-02
1.230000000000000071e+01	5.500773388468208763e-02
1.231666666666666643e+01	4.366202528337947281e-02
1.233333333333333393e+01	1.607823262597376027e-02
1.234999999999999964e+01	4.698663446954792072e-02
1.236666666666666714e+01	5.231881931510911667e-03
1.238333333333333464e+01	-2.365660272330778746e-02
1.240000000000000036e+01	1.212503696431464079e-02
1.241666666666666785e+01	2.415563020860229254e-02
1.243333333333333357e+01	-4.493344089269957209e-02
1.245000000000000107e+01	2.129130884266807605e-02
1.246666666666666679e+01	-2.661684857521856920e-02
1.248333333333333250e+01	4.130891380353357567e-02
1.250000000000000000e+01	-3.285093423136623697e-02
1.251666666666666572e+01	1.848185079180229146e-02
1.253333333333333499e+01	4.876288349697684155e-02
1.255000000000000071e+01	-1.554310384333169696e-02
1.256666666666666821e+01	1.119789356493689327e-03
1.258333333333333393e+01	3.177631624747803002e-02
1.259999999999999964e+01	3.418612752660250831e-02
1.261666666666666714e+01	-9.060583915831971549e-03
1.263333333333333286e+01	1.818976311421997144e-02
1.265000000000000036e+01	-1.176576453960520921e-02
1.266666666666666607e+01	-4.519656957153301430e-02
1.268333333333333357e+01	-7.028169832031376518e-02
1.270000000000000107e+01	3.476889275539717106e-02
1.271666666666666679e+01	-3.745025267927278717e-02
1.273333333333333428e+01	2.582202770639998105e-02
1.275000000000000000e+01	-1.889656937570927987e-03
1.276666666666666750e+01	7.415427480106853188e-03
1.278333333333333321e+01	4.630965153066209788e-03
1.279999999999999893e+01	2.924816925821032559e-02
1.281666666666666643e+01	-2.697122473399582703e-03
1.283333333333333215e+01	3.931811971985470222e-02
1.285000000000000142e+01	2.595386118129748565e-02
1.286666666666666714e+01	5.035280676429659125e-02
1.288333333333333464e+01	2.770402961625375443e-02
1.290000000000000036e+01	9.540498497247000206e-03
1.291666666666666607e+01	4.174892643482103140e-04
1.293333333333333357e+01	1.431414397975780406e-02
1.294999999999999929e+01	-7.986276820875930216e-03
1.296666666666666679e+01	-2.882922022632306361e-02
1.298333333333333250e+01	1.395450004755569538e-02
1.300000000000000178e+01	-2.484413305247530276e-02
1.301666666666666750e+01	5.506577462815994556e-02
1.303333333333333321e+01	1.210843576588272949e-02
1.305000000000000071e+01	1.958566739572277851e-02
1.306666666666666643e+01	-1.181907172921193086e-02
1.308333333333333393e+01	1.294619988556910128e-01
1.309999999999999964e+01	1.123757698592402730e-02
1.311666666666666714e+01	-2.218538888879863571e-02
1.313333333333333286e+01	-8.490662425927825510e-03
1.314999999999999858e+01	-2.084124964233952104e-02
1.316666666666666785e+01	-1.059882989621242950e-02
1.318333333333333357e+01	2.132448570168268137e-02
1.320000000000000107e+01	-3.645954578967095655e-02
1.321666666666666679e+01	1.639626852074093158e-02
1.323333333333333428e+01	4.831256797918225335e-03
1.325000000000000000e+01	-2.488314140987922009e-03
1.326666666666666572e+01	7.217920419101810613e-03
1.328333333333333321e+01	6.573505621368345986e-02
1.329999999999999893e+01	-2.783203892136384625e-02
1.331666666666666821e+01	6.890095016812018518e-03
1.333333333333333393e+01	-1.827819303476099430e-02
1.335000000000000142e+01	-1.959269440783809393e-02
1.336666666666666714e+01	3.543264375995443249e-02
1.338333333333333286e+01	-4.354235635187194754e-04
1.340000000000000036e+01	-5.609354008621106336e-02
1.341666666666666607e+01	-4.258722261808733228e-02
1.343333333333333357e+01	6.412539516713033905e-02
1.344999999999999929e+01	-1.742895592679941791e-02
1.346666666666666679e+01	7.647230454563026629e-03
1.348333333333333428e+01	-2.712204148383063132e-02
1.350000000000000000e+01	-3.398602858427843265e-02
1.351666666666666750e+01	6.385922010219772550e-03
1.353333333333333321e+01	3.641452660859343261e-03
1.355000000000000071e+01	1.483574887530151633e-02
1.356666666666666643e+01	-1.951799118479562167e-02
1.358333333333333393e+01	4.555657650868388982e-03
1.359999999999999964e+01	2.369924332973031081e-02
1.361666666666666536e+01	-1.737413219776281700e-02
1.363333333333333464e+01	3.145295809595776045e-03
1.365000000000000036e+01	-8.534203550826570395e-02
1.366666666666666785e+01	3.226821320556847589e-02
1.368333333333333357e+01	-1.047855178299264903e-02
1.370000000000000107e+01	-3.430397160730970507e-02
1.371666666666666679e+01	4.094189054911416548e-02
1.373333333333333250e+01	-2.445665578106794372e-02
1.375000000000000000e+01	-2.230942275135265607e-02
1.376666666666666572e+01	-1.679586397067854564e-02
1.378333333333333321e+01	-7.446076404737763527e-03
1.380000000000000071e+01	-5.209765912255925197e-02
1.381666666666666821e+01	-5.720414743259733675e-02
1.383333333333333393e+01	-3.241669962991546028e-02
1.384999999999999964e+01	4.418600327083074125e-02
1.386666666666666714e+01	-7.001720903124022954e-03
1.388333333333333286e+01	9.056845730750949508e-02
1.390000000000000036e+01	1.581176700483643768e-02
1.391666666666666607e+01	2.189130045123447582e-02
1.393333333333333357e+01	1.594992706710632010e-03
1.395000000000000107e+01	-5.567375832129027417e-03
1.396666666666666679e+01	-1.991758765615555052e-02
1.398333333333333428e+01	1.500144911235820437e-02
1.400000000000000000e+01	2.774607177272963437e-02
1.401666666666666750e+01	2.281350894447963309e-02
1.403333333333333321e+01	-3.835835209700368814e-02
1.405000000000000071e+01	3.588454009620935161e-03
1.406666666666666643e+01	3.159860676774087218e-02
1.408333333333333215e+01	1.441253749842777432e-02
1.409999999999999964e+01	-2.212807148946822899e-02
1.411666666666666714e+01	6.513138139790943491e-03
1.413333333333333464e+01	-3.915906405043310945e-02
1.415000000000000036e+01	2.331076817445887697e-02
1.416666666666666785e+01	1.572670848218313266e-02
1.418333333333333357e+01	-2.576180327220641345e-02
1.419999999999999929e+01	-1.262650712104946768e-02
1.421666666666666679e+01	1.254544456118631898e-02
1.423333333333333250e+01	-2.415474309841491099e-02
1.425000000000000000e+01	3.006010237244796310e-02
1.426666666666666750e+01	1.750871071950401564e-02
1.428333333333333499e+01	2.368787999401558361e-02
1.430000000000000071e+01	2.590873932238536414e-03
1.431666666666666643e+01	1.229227962518460518e-02
1.433333333333333393e+01	2.420000187899684629e-02
1.434999999999999964e+01	4.028345116049355905e-03
1.436666666666666714e+01	-2.528070247052589814e-02
1.438333333333333286e+01	4.467330028687053339e-02
1.440000000000000036e+01	-5.780932286291359801e-02
1.441666666666666785e+01	-4.381992068396827616e-02
1.443333333333333357e+01	1.779133922502955378e-02
1.445000000000000107e+01	-9.041247816382057961e-03
1.446666666666666679e+01	-4.165549117294138105e-03
1.448333333333333428e+01	-2.848547348628927348e-02
1.450000000000000000e+01	-6.884035797391054035e-02
1.451666666666666750e+01	3.538416542516265376e-04
1.453333333333333321e+01	-5.350838073000557110e-02
1.454999999999999893e+01	-1.659693518658676703e-02
1.456666666666666643e+01	-6.542648003520677540e-03
1.458333333333333393e+01	4.735620079238766350e-02
1.460000000000000142e+01	-2.281202227248700989e-02
1.461666666666666714e+01	9.907565630244412336e-03
1.463333333333333464e+01	-2.225346061663598454e-02
1.465000000000000036e+01	4.024964497173537381e-03
1.466666666666666607e+01	3.980038152293800813e-03
1.468333333333333357e+01	-7.036053472172570933e-02
1.469999999999999929e+01	2.116914545904288042e-02
1.471666666666666679e+01	-2.712423166871055433e-02
1.473333333333333428e+01	-3.621885423167628404e-02
1.475000000000000178e+01	1.894259470365907598e-03
1.476666666666666750e+01	-1.130543265435635103e-02
1.478333333333333321e+01	-1.579081055555649205e-02
1.480000000000000071e+01	4.810270880241719615e-02
1.481666666666666643e+01	3.725554574348795972e-02
1.483333333333333393e+01	-2.184886461990928272e-02
1.484999999999999964e+01	7.857898899714521948e-03
1.486666666666666714e+01	1.885588869318570449e-02
1.488333333333333286e+01	7.732593751712521501e-02
1.490000000000000036e+01	8.193739822292279984e-02
1.491666666666666785e+01	-2.265981980249499178e-02
1.493333333333333357e+01	5.454639971239209212e-02
1.495000000000000107e+01	-3.182821800314541982e-02
1.496666666666666679e+01	1.594821370083037218e-02
1.498333333333333428e+01	1.826294974266228985e-02
1.500000000000000000e+01	-5.568531125415191949e-03
1.501666666666666572e+01	1.395751075733848642e-02
1.503333333333333321e+01	9.711388811411882094e-02
1.505000000000000071e+01	4.661431993736436796e-02
1.506666666666666821e+01	-3.974304988300499802e-02
1.508333333333333393e+01	2.936671700161710627e-02
1.510000000000000142e+01	-3.573857168709985987e-02
1.511666666666666714e+01	1.591062899316210075e-02
1.513333333333333286e+01	8.107902765350097699e-04
1.515000000000000036e+01	2.832034298479267284e-02
1.516666666666666607e+01	-2.663401308295226463e-02
1.518333333333333357e+01	-1.841779445750889961e-03
1.519999999999999929e+01	1.047378216855988746e-02
1.521666666666666856e+01	3.166160986520826642e-02
1.523333333333333428e+01	-1.366765473060242361e-02
1.525000000000000000e+01	-4.594866100607817444e-02
1.526666666666666750e+01	2.170297678437176081e-02
1.528333333333333321e+01	3.261952814685674384e-02
1.529999999999999893e+01	-2.893175880921149828e-03
1.531666666666666821e+01	2.114889547276608064e-02
1.533333333333333393e+01	1.190983014978917211e-02
1.534999999999999964e+01	3.477374852580393527e-02
1.536666666666666714e+01	5.571776734051718527e-02
1.538333333333333286e+01	-3.613607015696022190e-03
1.540000000000000213e+01	4.359166095704164468e-03
1.541666666666666785e+01	-4.128860366509387592e-02
1.543333333333333357e+01	5.267464606008870343e-02
1.544999999999999929e+01	1.127827127251269240e-02
1.546666666666666501e+01	1.194051989253770707e-01
1.548333333333333428e+01	8.459583290924269083e-02
1.550000000000000000e+01	1.298500024335503267e-01
1.551666666666666750e+01	1.103199595562101010e-01
1.553333333333333321e+01	1.298084428035453652e-01
1.555000000000000249e+01	8.427109357444091675e-02
1.556666666666666821e+01	1.585173368103720282e-01
1.558333333333333393e+01	6.676343069887254178e-02
1.559999999999999964e+01	6.797987099387774179e-02
1.561666666666666536e+01	5.199109219050795233e-02
1.563333333333333464e+01	5.544488628521673096e-02
1.565000000000000036e+01	5.491772211570185303e-02
1.566666666666666607e+01	9.934337275706597858e-03
1.568333333333333357e+01	3.364818256484419096e-02
1.569999999999999929e+01	4.910269466211791139e-02
1.571666666666666856e+01	9.058394545029140738e-03
1.573333333333333428e+01	-1.038045067672799804e-01
1.575000000000000000e+01	-5.149791475477435987e-03
1.576666666666666572e+01	-4.679297957349961429e-02
1.578333333333333499e+01	-1.969243568101246566e-01
1.580000000000000071e+01	-1.993702321293581714e-01
1.581666666666666643e+01	-2.009781437933837178e-01
1.583333333333333393e+01	-1.910534808423409447e-01
1.584999999999999964e+01	-2.171332210167719323e-01
1.586666666666666892e+01	-2.260766754721423577e-01
1.588333333333333464e+01	-2.298321757470252469e-01
1.590000000000000036e+01	-3.078262667598345992e-01
1.591666666666666607e+01	-3.218737565908668108e-01
1.593333333333333179e+01	-3.102393957129533919e-01
1.595000000000000107e+01	-3.223049918200947550e-01
1.596666666666666679e+01	-3.285772577271945383e-01
1.598333333333333250e+01	-4.012450692721762913e-01
1.600000000000000000e+01	-3.306986672845997344e-01
1.601666666666666927e+01	-2.993726438244867505e-01
1.603333333333333499e+01	-2.710737260282790606e-01
1.605000000000000071e+01	-3.558913894650080345e-01
1.606666666666666643e+01	-2.854922845044339796e-01
1.608333333333333215e+01	-2.710713571080037299e-01
1.610000000000000142e+01	-2.222332413323228339e-01
1.611666666666666714e+01	-1.652673704535118915e-01
1.613333333333333286e+01	-1.993858225567529674e-01
1.614999999999999858e+01	-1.333874891812374119e-01
1.616666666666666430e+01	-9.783220816387645791e-02
1.618333333333333357e+01	-8.102705714903371548e-02
1.619999999999999929e+01	-9.317009827056037599e-03
1.621666666666666501e+01	1.304154551118817396e-01
1.623333333333333428e+01	3.079366422964698730e-02
1.625000000000000355e+01	1.248689049346382168e-01
1.626666666666666927e+01	2.134964491308199430e-01
1.628333333333333499e+01	2.388709999851989507e-01
1.630000000000000071e+01	2.610705890341604163e-01
1.631666666666666643e+01	2.793375170903151794e-01
1.633333333333333570e+01	3.233605338660156536e-01
1.635000000000000142e+01	3.449076374582645266e-01
1.636666666666666714e+01	3.394496662121393449e-01
1.638333333333333286e+01	3.839962429779583686e-01
1.639999999999999858e+01	3.496789646948820218e-01
1.641666666666666785e+01	4.551412207070388294e-01
1.643333333333333357e+01	4.967620604429835440e-01
1.644999999999999929e+01	4.261808176065285392e-01
1.646666666666666501e+01	3.464564616998235813e-01
1.648333333333333428e+01	3.707180967665635873e-01
1.650000000000000000e+01	3.834361643237688688e-01
1.651666666666666572e+01	3.399386905186270735e-01
1.653333333333333144e+01	3.648891391449020638e-01
1.655000000000000071e+01	3.162003137840637135e-01
1.656666666666666998e+01	3.458517933382798115e-01
1.658333333333333570e+01	2.303595255837190825e-01
1.660000000000000142e+01	2.327139939207528430e-01
1.661666666666666714e+01	1.906211783787459257e-01
1.663333333333333286e+01	1.356849871672390906e-01
1.665000000000000213e+01	7.757967402759022302e-02
1.666666666666666785e+01	1.058994017907394780e-01
1.668333333333333357e+01	-1.001333059486735066e-03
1.669999999999999929e+01	1.753042120271912016e-02
1.671666666666666856e+01	-2.918246187037306164e-02
1.673333333333333428e+01	-1.450144762612238236e-01
1.675000000000000000e+01	-1.152418491080349355e-01
1.676666666666666572e+01	-1.936076801097652289e-01
1.678333333333333144e+01	-1.844413131420503948e-01
1.680000000000000071e+01	-2.803809230474679226e-01
1.681666666666666643e+01	-2.866868634545796657e-01
1.683333333333333215e+01	-2.881090165380799095e-01
1.684999999999999787e+01	-3.742632997648697168e-01
1.686666666666666714e+01	-2.959058344385196992e-01
1.688333333333333641e+01	-4.049153869609670719e-01
1.690000000000000213e+01	-3.968941893494231099e-01
1.691666666666666785e+01	-3.803347556360981430e-01
1.693333333333333357e+01	-3.479372346048563713e-01
1.695000000000000284e+01	-3.866579363212213627e-01
1.696666666666666856e+01	-3.977130647051672074e-01
1.698333333333333428e+01	-4.405309732364214304e-01
1.700000000000000000e+01	-3.958094391061618977e-01
1.701666666666666572e+01	-4.108398614743392074e-01
1.703333333333333499e+01	-3.480254243606057951e-01
1.705000000000000071e+01	-3.327087292842865196e-01
1.706666666666666643e+01	-3.000482453729764187e-01
1.708333333333333215e+01	-2.135292829169310735e-01
1.709999999999999787e+01	-1.969965046289229027e-01
1.711666666666666714e+01	-1.847129085194660347e-01
1.713333333333333286e+01	-1.380835987307094948e-01
1.714999999999999858e+01	-8.353619346549492897e-02
1.716666666666666430e+01	-1.330298508278003888e-01
1.718333333333333357e+01	-3.715753149116703818e-02
1.720000000000000284e+01	3.596064620284621094e-02
1.721666666666666856e+01	5.530397581511894978e-02
1.723333333333333428e+01	9.459197176310613076e-02
1.725000000000000000e+01	1.241081497376548687e-01
1.726666666666666927e+01	2.012927156563830977e-01
1.728333333333333499e+01	1.441177711611043855e-01
1.730000000000000071e+01	2.532198236481210674e-01
1.731666666666666643e+01	2.747503029561027543e-01
1.733333333333333215e+01	2.802793390711946220e-01
1.735000000000000142e+01	3.421619930046511660e-01
1.736666666666666714e+01	3.624942463438998175e-01
1.738333333333333286e+01	3.836502089529899018e-01
1.739999999999999858e+01	4.011895553991591257e-01
1.741666666666666430e+01	4.204924917112589089e-01
1.743333333333333357e+01	3.545088258355862942e-01
1.744999999999999929e+01	3.774043317302838707e-01
1.746666666666666501e+01	3.747607809708342619e-01
1.748333333333333428e+01	3.893539052573611881e-01
1.750000000000000355e+01	2.972019792836143592e-01
1.751666666666666927e+01	3.055219160810383472e-01
1.753333333333333499e+01	3.373876319595375817e-01
1.755000000000000071e+01	3.112362511462026249e-01
1.756666666666666643e+01	2.817110261250235781e-01
1.758333333333333570e+01	2.938475109802350382e-01
1.760000000000000142e+01	2.156642280078230889e-01
1.761666666666666714e+01	1.998428455851885277e-01
1.763333333333333286e+01	1.661736881113336506e-01
1.764999999999999858e+01	1.649597614525241396e-01
1.766666666666666785e+01	8.150576306914224245e-02
1.768333333333333357e+01	6.998207131909739420e-02
1.769999999999999929e+01	1.930071191657633037e-02
1.771666666666666501e+01	-9.285363126310737514e-03
1.773333333333333428e+01	-1.717926057027227560e-01
1.775000000000000000e+01	-1.202987183816358052e-01
1.776666666666666572e+01	-1.664627236207454064e-01
1.778333333333333144e+01	-2.228913280523684981e-01
1.780000000000000071e+01	-1.942108344260707886e-01
1.781666666666666998e+01	-2.410555247428686210e-01
1.783333333333333570e+01	-2.264824838479564950e-01
1.785000000000000142e+01	-3.069217745105994322e-01
1.786666666666666714e+01	-3.043233606861300289e-01
1.788333333333333286e+01	-4.110031934509601470e-01
1.790000000000000213e+01	-3.175550195495714378e-01
1.791666666666666785e+01	-3.504853053935175766e-01
1.793333333333333357e+01	-4.594513565681389577e-01
1.794999999999999929e+01	-4.151847155633466291e-01
1.796666666666666856e+01	-3.727163691741495755e-01
1.798333333333333428e+01	-3.913206732534156296e-01
1.800000000000000000e+01	-4.031382569725432408e-01
1.801666666666666572e+01	-3.720674982904764727e-01
1.803333333333333144e+01	-3.951492086375356649e-01
1.805000000000000071e+01	-4.036170310738885769e-01
1.806666666666666643e+01	-2.444373467280497869e-01
1.808333333333333215e+01	-2.919871055855231545e-01
1.809999999999999787e+01	-2.592817390986131842e-01
1.811666666666666714e+01	-2.167418607507365369e-01
1.813333333333333641e+01	-1.761691942312816062e-01
1.815000000000000213e+01	-1.099871698705789658e-01
1.816666666666666785e+01	-6.056347137173240247e-02
1.818333333333333357e+01	7.975823488239372483e-03
1.820000000000000284e+01	2.526759645339453353e-02
1.821666666666666856e+01	1.117920036115099269e-01
1.823333333333333428e+01	1.165891713650329953e-01
1.825000000000000000e+01	1.594680291136298111e-01
1.826666666666666572e+01	2.105022853529933957e-01
1.828333333333333499e+01	2.359933078769258508e-01
1.830000000000000071e+01	1.479466464017722416e-01
1.831666666666666643e+01	2.574971651738303668e-01
1.833333333333333215e+01	2.772149076884696250e-01
1.834999999999999787e+01	3.306072712236410860e-01
1.836666666666666714e+01	3.353243306836904414e-01
1.838333333333333286e+01	3.740427731576611015e-01
1.839999999999999858e+01	3.746255295808603725e-01
1.841666666666666430e+01	4.107167976010092092e-01
1.843333333333333357e+01	4.041452426488659766e-01
1.845000000000000284e+01	4.321925221518464477e-01
1.846666666666666856e+01	3.558713449974659215e-01
1.848333333333333428e+01	3.947593793609916468e-01
1.850000000000000000e+01	3.815033783800233502e-01
1.851666666666666927e+01	3.319077374757202770e-01
1.853333333333333499e+01	3.625230948869725411e-01
1.855000000000000071e+01	3.088066300358034977e-01
1.856666666666666643e+01	2.713195684220959247e-01
1.858333333333333215e+01	2.088957551154122239e-01
1.860000000000000142e+01	2.036084908531028415e-01
1.861666666666666714e+01	2.250161014367493273e-01
1.863333333333333286e+01	2.321609840826419635e-01
1.864999999999999858e+01	1.311591332933328968e-01
1.866666666666666785e+01	1.573602808296120648e-01
1.868333333333333357e+01	7.022293631520994117e-02
1.869999999999999929e+01	-7.681532492267803157e-04
1.871666666666666501e+01	-6.292998716853485941e-02
1.873333333333333073e+01	-9.496180301783839484e-02
1.875000000000000000e+01	-1.006337141986329842e-01
1.876666666666666927e+01	-1.780642791569963246e-01
1.878333333333333499e+01	-1.841062895337463867e-01
1.880000000000000071e+01	-2.383920744399903591e-01
1.881666666666666643e+01	-2.652906478207402441e-01
1.883333333333333570e+01	-2.226532923427933519e-01
1.885000000000000142e+01	-3.343331514495988532e-01
1.886666666666666714e+01	-3.442915933904299730e-01
1.888333333333333286e+01	-3.597712326576940067e-01
1.890000000000000213e+01	-3.873673875894166341e-01
1.891666666666666785e+01	-3.085102917418001134e-01
1.893333333333333357e+01	-3.953965469329179250e-01
1.894999999999999929e+01	-3.960032820238999496e-01
1.896666666666666501e+01	-3.937042780845923517e-01
1.898333333333333428e+01	-4.006417543068296339e-01
1.900000000000000000e+01	-3.928394631186974961e-01
1.901666666666666572e+01	-3.356648089963090165e-01
1.903333333333333144e+01	-3.457017166417754028e-01
1.904999999999999716e+01	-3.375414035682643976e-01
1.906666666666666643e+01	-2.582812326975100214e-01
1.908333333333333570e+01	-2.795706236709661896e-01
1.910000000000000142e+01	-2.238351441503038386e-01
1.911666666666666714e+01	-2.339067578345708220e-01
1.913333333333333641e+01	-1.112874419135907039e-01
1.915000000000000213e+01	-1.001617481166816870e-01
1.916666666666666785e+01	-8.346394209038594802e-02
1.918333333333333357e+01	-2.043076160687585727e-02
1.919999999999999929e+01	4.714238368753965319e-02
1.921666666666666856e+01	-6.625791854222087829e-04
1.923333333333333428e+01	2.450581957784404852e-02
1.925000000000000000e+01	1.077785383110047013e-01
1.926666666666666572e+01	1.569997449223289321e-01
1.928333333333333144e+01	2.363513260643964053e-01
1.930000000000000071e+01	2.143667970586713156e-01
1.931666666666666643e+01	2.682512270304282520e-01
1.933333333333333215e+01	2.313447445163616945e-01
1.934999999999999787e+01	3.469849864596458722e-01
1.936666666666666714e+01	3.095501350765919590e-01
1.938333333333333641e+01	3.316974841812919128e-01
1.940000000000000213e+01	2.582085339171825700e-01
1.941666666666666785e+01	3.785775910288160517e-01
1.943333333333333357e+01	2.622082934224969075e-01
1.945000000000000284e+01	3.347299543640347985e-01
1.946666666666666856e+01	3.414435091421735846e-01
1.948333333333333428e+01	2.160061946613466288e-01
1.950000000000000000e+01	2.840319696989282994e-01
1.951666666666666572e+01	2.116554211358307458e-01
1.953333333333333499e+01	2.715684848087482894e-01
1.955000000000000071e+01	2.415693031165562776e-01
1.956666666666666643e+01	1.684021497901379838e-01
1.958333333333333215e+01	1.692450017734563883e-01
1.960000000000000142e+01	1.449565431674424143e-01
1.961666666666666714e+01	9.139081244074742649e-02
1.963333333333333286e+01	3.157441127080351517e-02
1.964999999999999858e+01	6.063242615994360318e-02
1.966666666666666430e+01	-1.393817619452929202e-02
1.968333333333333357e+01	2.360809505081749859e-02
1.970000000000000284e+01	2.366863762436928822e-02
1.971666666666666856e+01	-6.023926433161681804e-02
1.973333333333333428e+01	-1.840558924708590727e-02
1.975000000000000000e+01	-9.424181247619774215e-02
1.976666666666666927e+01	-5.787699511813251818e-02
1.978333333333333499e+01	-1.120364119360072463e-01
1.980000000000000071e+01	-1.093214533747971506e-01
1.981666666666666643e+01	-7.741294249527216897e-02
1.983333333333333570e+01	-7.055333588229532882e-02
1.985000000000000142e+01	-6.585298890448450237e-02
1.986666666666666714e+01	-5.660120622593838025e-02
1.988333333333333286e+01	-4.143714842784129715e-02
1.989999999999999858e+01	-1.084264440308770339e-01
1.991666666666666785e+01	-1.112392750691142962e-01
1.993333333333333357e+01	-9.557840122849031728e-02
1.994999999999999929e+01	-7.684559980523708589e-02
1.996666666666666501e+01	-1.353977865649698062e-02
1.998333333333333073e+01	-5.443434384610536941e-02
2.000000000000000000e+01	-5.608919142555111176e-02
2.001666666666666927e+01	-9.914309842023821817e-03
2.003333333333333499e+01	-2.620009586292210840e-02
2.005000000000000071e+01	-4.384685697634216339e-02
2.006666666666666643e+01	2.084821829612196892e-02
2.008333333333333570e+01	-1.124726424320527871e-03
2.010000000000000142e+01	-5.158395666618259545e-02
2.011666666666666714e+01	-9.524431638073907816e-03
2.013333333333333286e+01	-1.207510453452478004e-02
2.015000000000000213e+01	2.836974724722216186e-03
2.016666666666666785e+01	8.626270385968477783e-03
2.018333333333333357e+01	-2.721810310099003968e-02
2.019999999999999929e+01	7.834477738954051529e-02
2.021666666666666501e+01	-4.860219176146473967e-03
2.023333333333333428e+01	-1.773864669663412566e-02
2.025000000000000000e+01	-4.655360448082138114e-02
2.026666666666666572e+01	8.654734599298682940e-02
2.028333333333333144e+01	-4.216744930584173656e-03
2.029999999999999716e+01	6.286891560873275608e-02
2.031666666666666643e+01	-3.248285474192173870e-03
2.033333333333333570e+01	4.779311698074653267e-03
2.035000000000000142e+01	2.981007469596593309e-02
2.036666666666666714e+01	-5.821063126459325235e-03
2.038333333333333641e+01	-3.887371982624097250e-02
2.040000000000000213e+01	1.710356863425213300e-02
2.041666666666666785e+01	-6.983663383154901927e-02
2.043333333333333357e+01	5.366234041839530733e-02
2.044999999999999929e+01	-2.439363353117327687e-02
2.046666666666666856e+01	-1.470222749088617893e-02
2.048333333333333428e+01	-3.516668597616578323e-02
2.050000000000000000e+01	4.127440539626367477e-03
2.051666666666666572e+01	4.181244364996970081e-02
2.053333333333333144e+01	-1.813231573566051469e-02
2.055000000000000071e+01	-1.270580352916786913e-02
2.056666666666666643e+01	-3.116000046962927664e-02
2.058333333333333215e+01	3.118653465515446727e-02
2.059999999999999787e+01	9.940639417934792055e-03
2.061666666666666714e+01	2.350347892670649752e-02
2.063333333333333286e+01	-3.872682205068816996e-02
2.065000000000000213e+01	-3.346687457787237037e-03
2.066666666666666785e+01	-5.603203741090954232e-02
2.068333333333333357e+01	5.722064201788006239e-04
2.070000000000000284e+01	-4.835338523154174978e-02
2.071666666666666856e+01	3.557097097357896781e-02
2.073333333333333428e+01	2.079381127752228872e-02
2.075000000000000000e+01	-2.145641545457803098e-02
2.076666666666666572e+01	-3.313875384375317840e-02
2.078333333333333499e+01	3.010920923216497957e-02
2.080000000000000071e+01	-3.097776879651385762e-02
2.081666666666666643e+01	-5.227593638994189329e-02
2.083333333333333215e+01	-1.046720901227724161e-02
2.085000000000000142e+01	2.512551664917420623e-03
2.086666666666666714e+01	-3.529223889624541477e-02
2.088333333333333286e+01	-2.270652894983512041e-02
2.089999999999999858e+01	-9.338334077982526904e-03
2.091666666666666430e+01	-2.060677575391672151e-02
2.093333333333333357e+01	-9.568430572645636803e-03
2.094999999999999929e+01	-7.005156892489169604e-03
2.096666666666666856e+01	7.353432633408384577e-04
2.098333333333333428e+01	-3.056550500444700155e-02
2.100000000000000000e+01	2.919712129320988989e-02
2.101666666666666927e+01	-4.134281739918518016e-03
2.103333333333333499e+01	4.488784839265717863e-02
2.105000000000000071e+01	-2.411191878696681418e-02
2.106666666666666643e+01	3.396787436158203027e-02
2.108333333333333570e+01	-3.088622788750671963e-02
2.110000000000000142e+01	4.766555898864408003e-02
2.111666666666666714e+01	6.877914373403244686e-03
2.113333333333333286e+01	5.603677960542923636e-02
2.114999999999999858e+01	-1.508507487054375901e-02
2.116666666666666785e+01	1.697220457010475969e-02
2.118333333333333357e+01	-2.553380445091115239e-02
2.119999999999999929e+01	-1.304826197084219333e-02
2.121666666666666501e+01	9.688897868136930533e-03
2.123333333333333073e+01	5.903784127703566934e-03
2.125000000000000000e+01	6.467934040812148289e-02
2.126666666666666572e+01	1.732311293988928955e-02
2.128333333333333499e+01	3.379870214627813535e-02
2.130000000000000071e+01	-2.061609280440130851e-02
2.131666666666666998e+01	-1.137511762083207728e-02
2.133333333333333570e+01	6.669785108219462855e-02
2.135000000000000142e+01	2.561761380132989915e-02
2.136666666666666714e+01	5.980694007371611075e-03
2.138333333333333286e+01	-3.008068438215160539e-02
2.140000000000000213e+01	-6.816129360897778267e-02
2.141666666666666785e+01	2.035228974919705419e-02
2.143333333333333357e+01	2.262984474004889682e-02
2.144999999999999929e+01	-4.616154720547169243e-02
2.146666666666666501e+01	6.133201864468122537e-03
2.148333333333333428e+01	6.232752654642272072e-02
2.150000000000000000e+01	2.778904447645943326e-02
2.151666666666666572e+01	-7.652284828320399766e-03
2.153333333333333144e+01	-7.324512343166070250e-03
2.155000000000000071e+01	2.610703254659724193e-02
2.156666666666666643e+01	9.670629288584919880e-03
2.158333333333333570e+01	-7.662257363005452182e-02
2.160000000000000142e+01	-6.928449739541236996e-02
2.161666666666666714e+01	8.480824619116382815e-03
2.163333333333333641e+01	-2.131426728170835241e-02
2.165000000000000213e+01	-3.716289880196775586e-02
2.166666666666666785e+01	2.259002091290119793e-02
2.168333333333333357e+01	3.475674481949084238e-02
2.169999999999999929e+01	-3.691435406957097737e-02
2.171666666666666856e+01	-6.961987346105896757e-02
2.173333333333333428e+01	-2.281194323323949488e-02
2.175000000000000000e+01	4.907331895138442729e-02
2.176666666666666572e+01	-2.199465067113472866e-02
2.178333333333333499e+01	4.392933705281151791e-02
2.180000000000000071e+01	-2.196000813795444609e-02
2.181666666666666643e+01	5.748300297136320347e-02
2.183333333333333215e+01	3.068128359479529652e-02
2.184999999999999787e+01	-6.233433238165442258e-02
2.186666666666666714e+01	-2.972534196876004328e-02
2.188333333333333286e+01	-1.689614027093589918e-02
2.190000000000000213e+01	1.878077873730549198e-03
2.191666666666666785e+01	3.268120507602609304e-02
2.193333333333333357e+01	2.531328021293380651e-02
2.195000000000000284e+01	-3.739236793381776891e-02
2.196666666666666856e+01	6.628580807551925913e-02
2.198333333333333428e+01	-2.644735513484777756e-02
2.200000000000000000e+01	-1.970305535717524134e-02
2.201666666666666927e+01	-1.686102078499655474e-02
2.203333333333333499e+01	2.095071505805399387e-02
2.205000000000000071e+01	2.821208350096094178e-02
2.206666666666666643e+01	2.221180599264551553e-02
2.208333333333333215e+01	-9.222405613053180629e-03
2.210000000000000142e+01	-4.131880195354193513e-02
2.211666666666666714e+01	-3.782127386125362645e-02
2.213333333333333286e+01	2.378011256555247893e-02
2.214999999999999858e+01	-5.157812297919690120e-02
2.216666666666666430e+01	3.135516981723431018e-02
2.218333333333333357e+01	3.897141928754458556e-03
2.219999999999999929e+01	-7.361256682316587308e-02
2.221666666666666856e+01	-5.535681461256700131e-02
2.223333333333333428e+01	-1.726060207393323442e-02
2.225000000000000355e+01	-2.948430483125102225e-02
2.226666666666666927e+01	4.497543410374018474e-02
2.228333333333333499e+01	8.006810048543542072e-03
2.230000000000000071e+01	-2.082035382496351308e-03
2.231666666666666643e+01	-3.255040229542970759e-02
2.233333333333333570e+01	7.120770474239331016e-02
2.235000000000000142e+01	1.112464068241931711e-02
2.236666666666666714e+01	2.624325605938852748e-03
2.238333333333333286e+01	7.864915831828075271e-03
2.239999999999999858e+01	-6.094914101687853164e-02
2.241666666666666785e+01	2.736045702644590918e-02
2.243333333333333357e+01	-4.154102629825989768e-02
2.244999999999999929e+01	1.364841961960364808e-02
2.246666666666666501e+01	1.039818825403906154e-02
2.248333333333333428e+01	-2.372954167719042162e-02
2.250000000000000000e+01	-1.652555253465024659e-02
2.251666666666666572e+01	-3.535595303645046317e-02
2.253333333333333499e+01	4.183186273794693016e-02
2.255000000000000071e+01	-5.291449762331156687e-02
2.256666666666666998e+01	-6.986536705809109904e-02
2.258333333333333570e+01	-2.017555946228339475e-02
2.260000000000000142e+01	-1.996048394946797755e-02
2.261666666666666714e+01	-1.903880881842476627e-02
2.263333333333333286e+01	-4.778896343279343678e-02
2.265000000000000213e+01	-6.505155059233115600e-02
2.266666666666666785e+01	2.248647372012499424e-02
2.268333333333333357e+01	-1.883191376309782802e-03
2.269999999999999929e+01	3.054146742354629449e-02
2.271666666666666856e+01	-5.776690306222111160e-02
2.273333333333333428e+01	-1.456095150055889895e-02
2.275000000000000000e+01	-3.819036157678324436e-03
2.276666666666666572e+01	-3.281698616339875224e-02
2.278333333333333144e+01	6.648894272198679900e-02
2.280000000000000071e+01	8.886312254277607681e-02
2.281666666666666643e+01	-2.651763427439616377e-02
2.283333333333333215e+01	-3.111305145443293840e-02
2.285000000000000142e+01	9.855370934930106006e-03
2.286666666666666714e+01	1.672971103474513556e-03
2.288333333333333641e+01	-3.575336948878316771e-03
2.290000000000000213e+01	1.430400034586328493e-02
2.291666666666666785e+01	3.881047516774361792e-04
2.293333333333333357e+01	-5.309898872042703721e-02
2.294999999999999929e+01	1.548611254906196583e-02
2.296666666666666856e+01	6.580030794982684450e-02
2.298333333333333428e+01	-4.763461675757802577e-02
2.300000000000000000e+01	3.168549313472419915e-02
2.301666666666666572e+01	-1.063573967745956410e-02
2.303333333333333499e+01	-4.048558009294007248e-02
2.305000000000000071e+01	-2.341228854079578214e-03
2.306666666666666643e+01	-2.276388185124848806e-02
2.308333333333333215e+01	-3.282831687716329661e-02
2.309999999999999787e+01	-7.111015576029505736e-02
2.311666666666666714e+01	-9.958742343704566138e-03
2.313333333333333286e+01	-2.619856063996889653e-02
2.314999999999999858e+01	-5.490636742488820554e-02
2.316666666666666785e+01	1.715526180996363587e-02
2.318333333333333357e+01	-4.056504784425445098e-02
2.320000000000000284e+01	-1.032712070209544468e-02
2.321666666666666856e+01	4.635967399167768149e-02
2.323333333333333428e+01	6.793949992279633109e-03
2.325000000000000000e+01	-6.736359268154411273e-02
2.326666666666666927e+01	6.778544064211658449e-02
2.328333333333333499e+01	2.791515036349266274e-02
2.330000000000000071e+01	7.422973989317691382e-03
2.331666666666666643e+01	-3.236286546829089672e-02
2.333333333333333215e+01	7.391227633557432425e-03
2.335000000000000142e+01	-1.531558421036161542e-02
2.336666666666666714e+01	1.462608763477495077e-02
2.338333333333333286e+01	-3.398840433585812414e-03
2.339999999999999858e+01	-3.755179145625677645e-02
2.341666666666666430e+01	-2.129212414998065198e-02
2.343333333333333357e+01	8.389365012539919814e-03
2.344999999999999929e+01	6.313336040217643053e-02
2.346666666666666501e+01	3.972181805809044813e-02
2.348333333333333428e+01	3.418985524946973470e-02
2.350000000000000355e+01	3.827969491215348768e-02
2.351666666666666927e+01	2.572932890531934302e-02
2.353333333333333499e+01	1.025878521431724914e-02
2.355000000000000071e+01	-4.971020670969376887e-02
2.356666666666666643e+01	4.158079363221124647e-02
2.358333333333333570e+01	5.607246459148769457e-02
2.360000000000000142e+01	6.969039502158312985e-03
2.361666666666666714e+01	-3.472547020303527049e-02
2.363333333333333286e+01	-8.713081141226626872e-03
2.364999999999999858e+01	5.948361707864040920e-02
2.366666666666666785e+01	-3.924297525896481946e-03
2.368333333333333357e+01	3.147420897081555646e-02
2.369999999999999929e+01	4.775917285190665884e-02
2.371666666666666501e+01	3.512332629616539848e-03
2.373333333333333428e+01	1.795097814356508281e-02
2.375000000000000000e+01	3.720443019893248521e-02
2.376666666666666572e+01	-9.166926935448545602e-03
2.378333333333333144e+01	-4.191345237498606685e-02
2.380000000000000071e+01	-3.738633887880109946e-02
2.381666666666666998e+01	-2.143426440249799475e-02
2.383333333333333570e+01	-1.871891626525875457e-02
2.385000000000000142e+01	-2.149782325585572473e-02
2.386666666666666714e+01	4.890704530563565883e-02
2.388333333333333286e+01	2.022170386871091283e-02
2.390000000000000213e+01	6.660135184961658850e-02
2.391666666666666785e+01	2.810848341775715534e-02
2.393333333333333357e+01	-5.552432208782641376e-02
2.394999999999999929e+01	-2.751623917822088386e-02
2.396666666666666856e+01	-9.908252822721468414e-03
2.398333333333333428e+01	6.341317239849525444e-02
2.400000000000000000e+01	-3.735114621630451770e-02
2.401666666666666572e+01	-2.941309542240244310e-02
2.403333333333333144e+01	-1.200958695159832536e-02
2.405000000000000071e+01	5.267769407348730365e-02
2.406666666666666643e+01	-4.429837853025423572e-03
2.408333333333333215e+01	3.733423973604001883e-02
2.410000000000000142e+01	-2.960218708676365124e-03
2.411666666666666714e+01	-4.817461236072737712e-02
2.413333333333333641e+01	-3.750481112419795648e-02
2.415000000000000213e+01	1.067918876917459646e-02
2.416666666666666785e+01	1.412695044700651870e-03
2.418333333333333357e+01	-1.759769645043607680e-02
2.420000000000000284e+01	1.734279366367684483e-02
2.421666666666666856e+01	-5.301731856476025323e-02
2.423333333333333428e+01	-1.296361369068660396e-03
2.425000000000000000e+01	-2.562978091668379962e-02
2.426666666666666572e+01	-4.583204683639541949e-02
2.428333333333333499e+01	-2.642671784135984872e-02
2.430000000000000071e+01	6.773494300661667133e-02
2.431666666666666643e+01	-4.238728131107073749e-03
2.433333333333333215e+01	5.632103202465533337e-03
2.434999999999999787e+01	-1.292238253527455867e-02
2.436666666666666714e+01	-2.516582875732359739e-02
2.438333333333333286e+01	-5.682771399312890048e-02
2.439999999999999858e+01	8.181298478832943824e-03
2.441666666666666785e+01	-1.455232042913983228e-03
2.443333333333333712e+01	4.206384448885863020e-02
2.445000000000000284e+01	4.636270612983664323e-03
2.446666666666666856e+01	-3.087565408012358723e-02
2.448333333333333428e+01	-3.029996199261386983e-02
2.450000000000000000e+01	2.325030226189626556e-02
2.451666666666666927e+01	-1.976881613351160263e-02
2.453333333333333499e+01	-3.513406506482701867e-03
2.455000000000000071e+01	2.082689477299410805e-05
2.456666666666666643e+01	1.088417761474722023e-02
2.458333333333333215e+01	6.159277742383911184e-04
2.460000000000000142e+01	2.004511736283944370e-02
2.461666666666666714e+01	1.316038998760345365e-02
2.463333333333333286e+01	1.907337842568787231e-02
2.464999999999999858e+01	-4.211501676523805859e-02
2.466666666666666785e+01	-7.338836400691839401e-02
2.468333333333333357e+01	5.330346308710089132e-02
2.469999999999999929e+01	-2.927785564457740554e-03
2.471666666666666501e+01	-1.812575823778191444e-02
2.473333333333333428e+01	-6.203198100366803802e-02
2.475000000000000355e+01	-1.172667733135078147e-02
2.476666666666666927e+01	-1.178416970217627431e-02
2.478333333333333499e+01	1.389295801166219417e-02
2.480000000000000071e+01	9.361856741278144767e-03
2.481666666666666643e+01	9.754085375907385960e-03
2.483333333333333570e+01	9.428461863238840612e-02
2.485000000000000142e+01	3.593035174379301949e-02
2.486666666666666714e+01	7.698658922792613046e-02
2.488333333333333286e+01	-4.207224516539828651e-02
2.490000000000000213e+01	-4.420325312085097297e-02
2.491666666666666785e+01	-1.730775006320841572e-03
2.493333333333333357e+01	9.213508828888058999e-02
2.494999999999999929e+01	-5.908367444966531462e-02
2.496666666666666501e+01	4.177714783841511570e-02
2.498333333333333428e+01	-8.609607083091311633e-03
2.500000000000000000e+01	-1.863325131201451143e-02
2.501666666666666572e+01	-9.944517490233804879e-03
2.503333333333333144e+01	9.885840657585633420e-03
2.505000000000000071e+01	3.836948076107046194e-03
2.506666666666666998e+01	-1.403755315811689754e-03
2.508333333333333570e+01	9.929035614071633070e-03
2.510000000000000142e+01	-1.704542052764980789e-02
2.511666666666666714e+01	6.915992837963856610e-02
2.513333333333333641e+01	8.121233463139321653e-04
2.515000000000000213e+01	-1.209318834122040387e-02
2.516666666666666785e+01	3.338757975635491676e-02
2.518333333333333357e+01	-1.909040541081406459e-02
2.519999999999999929e+01	-1.922240439468994241e-02
