Time_us	Received_Longitudinal
0.000000000000000000e+00	-7.056787473418734899e-03
1.666666666666666644e-02	1.654616472977956526e-03
3.333333333333333287e-02	5.774055955542879703e-02
4.999999999999999584e-02	-4.777902647595548558e-02
6.666666666666666574e-02	-6.457861876427116454e-02
8.333333333333334259e-02	-7.995964724803396317e-02
9.999999999999999167e-02	-6.235312155062783246e-02
1.166666666666666685e-01	-5.237511086692672735e-02
1.333333333333333315e-01	-3.875450453642063919e-03
1.499999999999999944e-01	3.123924747419298126e-02
1.666666666666666852e-01	6.880986424038942895e-02
1.833333333333333204e-01	1.487103976910724434e-01
1.999999999999999833e-01	2.121874596810285618e-01
2.166666666666666741e-01	1.488821255638797803e-01
2.333333333333333370e-01	1.415361488317341543e-01
2.500000000000000000e-01	-2.435309841272920856e-02
2.666666666666666630e-01	-9.889003677095833944e-02
2.833333333333333814e-01	-1.276699998177619755e-01
2.999999999999999889e-01	-2.182832538952368673e-01
3.166666666666666519e-01	-2.558284188671088311e-01
3.333333333333333703e-01	-6.414182299787195285e-02
3.499999999999999778e-01	-6.196081975073026993e-02
3.666666666666666408e-01	-1.148334326445584787e-02
3.833333333333333592e-01	3.924634573260200876e-02
3.999999999999999667e-01	1.221379258718934269e-01
4.166666666666666852e-01	8.291457867568526041e-02
4.333333333333333481e-01	7.046694735791803055e-02
4.500000000000000111e-01	9.487360867155875122e-02
4.666666666666666741e-01	6.731964068717331828e-02
4.833333333333332815e-01	-9.784736154834238787e-04
5.000000000000000000e-01	-7.240618459873295054e-02
5.166666666666666075e-01	2.100925002028070088e-02
5.333333333333333259e-01	6.550533347888277957e-03
5.500000000000000444e-01	-9.901117971403941564e-02
5.666666666666667629e-01	-5.269667573150343259e-02
5.833333333333333703e-01	5.840920390823971589e-03
5.999999999999999778e-01	3.451941683776742903e-02
6.166666666666666963e-01	2.556325787122034829e-02
6.333333333333333037e-01	-4.618165615864500140e-02
6.500000000000000222e-01	-8.591702265463088684e-03
6.666666666666667407e-01	5.173373758700554326e-02
6.833333333333333481e-01	-3.996099476377749232e-03
6.999999999999999556e-01	-2.388474620292687506e-02
7.166666666666666741e-01	-7.513824554848780313e-02
7.333333333333332815e-01	2.204098835353865415e-02
7.500000000000000000e-01	-3.189773177853230321e-03
7.666666666666667185e-01	-6.239404835039345787e-02
7.833333333333334370e-01	-7.291314048587137220e-02
7.999999999999999334e-01	-3.823717389924576743e-02
8.166666666666666519e-01	1.193122318038928112e-02
8.333333333333333703e-01	-4.283319495345501438e-02
8.499999999999999778e-01	-1.088654420375516352e-02
8.666666666666666963e-01	-3.537998012977328077e-02
8.833333333333334147e-01	5.521718709344544673e-02
9.000000000000000222e-01	4.094034929688972896e-02
9.166666666666666297e-01	9.542339731495890279e-03
9.333333333333333481e-01	-2.613037867912082392e-03
9.499999999999999556e-01	-6.280627809783737026e-02
9.666666666666665630e-01	-2.881475087257801340e-02
9.833333333333333925e-01	1.156202609875127754e-02
1.000000000000000000e+00	-4.392325438424273323e-03
1.016666666666666829e+00	2.604558894053090982e-03
1.033333333333333215e+00	-4.386369084952566888e-03
1.050000000000000044e+00	3.576960259622465055e-02
1.066666666666666652e+00	-4.465698990849985284e-02
1.083333333333333259e+00	-3.410777645687480125e-02
1.100000000000000089e+00	-2.939545036611968237e-03
1.116666666666666696e+00	1.689637196023719215e-02
1.133333333333333526e+00	-5.648564234343325663e-02
1.149999999999999911e+00	-5.071622883443253904e-02
1.166666666666666741e+00	2.797226394639978019e-04
1.183333333333333348e+00	7.025364547743627452e-02
1.199999999999999956e+00	-2.338759675344140136e-03
1.216666666666666785e+00	-7.380753609251435206e-03
1.233333333333333393e+00	3.959446701204458186e-02
1.250000000000000000e+00	1.977792867980883700e-03
1.266666666666666607e+00	4.670979430213841044e-02
1.283333333333333215e+00	3.451507867253282569e-02
1.300000000000000044e+00	1.931665110365223198e-03
1.316666666666666652e+00	-2.257935861193988928e-03
1.333333333333333481e+00	-3.339965732958078640e-03
1.350000000000000089e+00	4.887019628711620350e-02
1.366666666666666696e+00	-2.494831425922708866e-03
1.383333333333333304e+00	4.713656360369206100e-02
1.399999999999999911e+00	1.535680469571085865e-02
1.416666666666666741e+00	-3.586806269381929979e-02
1.433333333333333348e+00	-3.911014410914111922e-02
1.450000000000000178e+00	-4.482921330323749037e-02
1.466666666666666563e+00	-4.631761325112159280e-03
1.483333333333333393e+00	-8.085026960539407059e-03
1.500000000000000000e+00	4.843606485124730618e-03
1.516666666666666607e+00	4.058224301301704973e-02
1.533333333333333437e+00	-5.613641863265607379e-02
1.550000000000000044e+00	1.916006243177054841e-02
1.566666666666666874e+00	-8.464815233339724812e-03
1.583333333333333259e+00	-7.085263261087410003e-03
1.599999999999999867e+00	-3.278655507763880532e-03
1.616666666666666696e+00	-1.890263353492569603e-02
1.633333333333333304e+00	-8.030182745779703909e-03
1.650000000000000133e+00	-2.069920244525541228e-02
1.666666666666666741e+00	-1.608737693507103148e-02
1.683333333333333348e+00	1.361319240311987568e-02
1.699999999999999956e+00	-2.672197605754239591e-02
1.716666666666666563e+00	-6.380867341734489107e-02
1.733333333333333393e+00	1.150612515778413544e-03
1.750000000000000000e+00	-1.777519717394355006e-02
1.766666666666666829e+00	1.149512848978155588e-02
1.783333333333333437e+00	-7.508241943352937653e-02
1.800000000000000044e+00	-2.910106858897775969e-02
1.816666666666666652e+00	-1.679110422276537673e-02
1.833333333333333259e+00	-2.888515373940975239e-02
1.850000000000000089e+00	7.061665135892684908e-02
1.866666666666666696e+00	-4.574896427725871906e-02
1.883333333333333526e+00	-3.431310176257695160e-02
1.899999999999999911e+00	3.744532772310122520e-02
1.916666666666666741e+00	-5.290726505752587315e-03
1.933333333333333126e+00	-1.611147665102910520e-02
1.949999999999999956e+00	3.888903846236688860e-02
1.966666666666666785e+00	2.595475028347866628e-02
1.983333333333333615e+00	1.958121611096770923e-02
2.000000000000000000e+00	-8.085681597366430051e-02
2.016666666666666607e+00	-3.293255751250782903e-02
2.033333333333333659e+00	3.320511107310423343e-02
2.049999999999999822e+00	-6.455256274602545752e-02
2.066666666666666430e+00	2.744820663507120326e-02
2.083333333333333481e+00	-1.384227234155676299e-02
2.100000000000000089e+00	-7.383739153878968176e-02
2.116666666666666696e+00	3.116438696046666614e-04
2.133333333333333304e+00	-3.817116686618165361e-02
2.150000000000000355e+00	2.320768221608411272e-03
2.166666666666666519e+00	1.168933048745881588e-02
2.183333333333333126e+00	3.455373303535669294e-02
2.200000000000000178e+00	7.716576212568566212e-03
2.216666666666666785e+00	-4.450853233885986027e-02
2.233333333333333393e+00	-6.757449056912046004e-02
2.250000000000000000e+00	7.918085566409409359e-02
2.266666666666667052e+00	1.199893023826099220e-02
2.283333333333333215e+00	4.105126574400186357e-02
2.299999999999999822e+00	-2.300290551594033010e-03
2.316666666666666874e+00	-2.814155748811483782e-02
2.333333333333333481e+00	2.740414111823603893e-02
2.350000000000000089e+00	-4.991032643673521535e-02
2.366666666666666696e+00	-5.956377227638238320e-02
2.383333333333333304e+00	-4.510024949602844946e-02
2.399999999999999911e+00	-4.283901052543431787e-02
2.416666666666666519e+00	6.415818337659380532e-02
2.433333333333333570e+00	-4.597677074266037778e-02
2.450000000000000178e+00	1.703784943763121326e-02
2.466666666666666785e+00	2.233182612550275656e-02
2.483333333333333393e+00	3.110886779691510173e-02
2.500000000000000000e+00	8.799788139813297452e-03
2.516666666666666607e+00	7.357369400235268253e-02
2.533333333333333215e+00	2.228008038592372772e-02
2.550000000000000266e+00	2.534735085068791707e-02
2.566666666666666430e+00	1.168887633637170735e-02
2.583333333333333481e+00	-4.736714766899925710e-02
2.600000000000000089e+00	1.798340513721870954e-02
2.616666666666666696e+00	-4.253611615568643478e-02
2.633333333333333304e+00	5.909531858246083041e-02
2.649999999999999911e+00	2.170038989970006309e-04
2.666666666666666963e+00	-1.090582696861748351e-02
2.683333333333333126e+00	2.616513328337002203e-02
2.700000000000000178e+00	-4.544038699917785085e-02
2.716666666666666785e+00	5.573552130322054210e-03
2.733333333333333393e+00	7.108313813894877320e-02
2.750000000000000000e+00	-1.360263043632117287e-02
2.766666666666666607e+00	-6.521991423254105968e-02
2.783333333333333659e+00	2.600824029995656844e-03
2.799999999999999822e+00	9.801939137168090219e-03
2.816666666666666874e+00	2.434603686019156873e-02
2.833333333333333481e+00	1.136228903476976110e-02
2.850000000000000089e+00	1.527276886403137850e-02
2.866666666666666696e+00	-2.171945340305857924e-02
2.883333333333333304e+00	-5.798249507423881149e-02
2.900000000000000355e+00	3.248820258320843368e-02
2.916666666666666519e+00	1.391377274259546389e-02
2.933333333333333126e+00	-3.492798320363319636e-02
2.950000000000000178e+00	-8.268560837323664717e-03
2.966666666666666785e+00	-1.549131707309344720e-02
2.983333333333333393e+00	-8.524484250625612852e-03
3.000000000000000000e+00	3.011983367605292321e-03
3.016666666666667052e+00	2.307435224333203444e-02
3.033333333333333215e+00	-5.647575182554499806e-02
3.049999999999999822e+00	-1.346194757506034498e-02
3.066666666666666874e+00	1.666557230706226453e-02
3.083333333333333481e+00	-5.644265310826412224e-03
3.100000000000000089e+00	-3.299887683720715420e-02
3.116666666666666696e+00	6.462753969430910794e-02
3.133333333333333748e+00	-2.783874406948787586e-03
3.149999999999999911e+00	5.976326469426851244e-03
3.166666666666666519e+00	-1.476941294241329930e-02
3.183333333333333570e+00	3.720638766967820921e-02
3.199999999999999734e+00	9.663220259414738314e-04
3.216666666666666785e+00	7.529835055091764484e-02
3.233333333333333393e+00	4.862228589629759984e-02
3.250000000000000444e+00	-3.413581341939303515e-02
3.266666666666666607e+00	4.130135427825671647e-03
3.283333333333333215e+00	2.546404842044766234e-02
3.300000000000000266e+00	-2.741088956780795248e-03
3.316666666666666430e+00	-1.297190033040127206e-02
3.333333333333333481e+00	-1.128053388611825400e-02
3.350000000000000089e+00	-3.314575404579898910e-02
3.366666666666666696e+00	2.773854762097291080e-02
3.383333333333333304e+00	-1.933108228161800959e-02
3.399999999999999911e+00	-3.597229502386319056e-02
3.416666666666666963e+00	-1.568512139898062610e-02
3.433333333333333126e+00	6.489465691114266327e-03
3.450000000000000178e+00	-7.847128530513314271e-02
3.466666666666666785e+00	2.730958669162526515e-03
3.483333333333333393e+00	3.380654948401649179e-02
3.500000000000000000e+00	4.746203030885046831e-02
3.516666666666666607e+00	-4.054431244156473518e-02
3.533333333333333659e+00	-1.384723187750202915e-02
3.549999999999999822e+00	1.808696152918630104e-02
3.566666666666666874e+00	-4.026255422614649290e-03
3.583333333333333481e+00	2.079891367934317767e-02
3.600000000000000089e+00	2.448862881051039851e-03
3.616666666666666696e+00	-5.936062423109654713e-03
3.633333333333333304e+00	1.558101217621791872e-02
3.650000000000000355e+00	-3.017344365117971485e-04
3.666666666666666519e+00	-2.479127119751359590e-02
3.683333333333333570e+00	9.496183112422594552e-02
3.700000000000000178e+00	-7.891880384414412530e-02
3.716666666666666785e+00	-2.608449920342388248e-02
3.733333333333333393e+00	3.760446677369267549e-02
3.750000000000000000e+00	-6.885567570950192062e-02
3.766666666666667052e+00	3.883130377285935048e-02
3.783333333333333215e+00	5.779260557098461065e-02
3.799999999999999822e+00	6.963169884186871939e-02
3.816666666666666874e+00	-1.560205012533508878e-02
3.833333333333333481e+00	-1.570497429892294891e-02
3.850000000000000533e+00	1.388420296378984307e-02
3.866666666666666252e+00	-5.338840675026361449e-02
3.883333333333333304e+00	1.150296147457234011e-03
3.899999999999999911e+00	-3.639405840986895818e-02
3.916666666666666519e+00	-5.621613836027219806e-03
3.933333333333333570e+00	7.002293965366800967e-03
3.950000000000000178e+00	9.451374303162025231e-03
3.966666666666667229e+00	1.408930248296989818e-02
3.983333333333332948e+00	1.348349435779121197e-02
4.000000000000000000e+00	2.671044535868293684e-02
4.016666666666666607e+00	1.025065027167126191e-02
4.033333333333333215e+00	-7.606827623933623550e-03
4.049999999999999822e+00	2.581661237077012908e-02
4.066666666666667318e+00	3.045055818794552630e-02
4.083333333333333925e+00	3.183466606158934231e-02
4.099999999999999645e+00	-2.223366944238778717e-02
4.116666666666666252e+00	-4.964961129079984575e-02
4.133333333333332860e+00	-4.891847511891624090e-02
4.150000000000000355e+00	-5.659342206563389849e-02
4.166666666666666963e+00	-1.833904206279862725e-02
4.183333333333333570e+00	-8.869296725273681861e-03
4.200000000000000178e+00	-5.061725301248676950e-02
4.216666666666666785e+00	-2.893014893122136319e-02
4.233333333333333393e+00	1.374989388576628932e-02
4.250000000000000000e+00	-2.712291572608350326e-02
4.266666666666666607e+00	2.395984654132570033e-03
4.283333333333333215e+00	1.330745332154893192e-02
4.300000000000000711e+00	-2.467049124988108036e-02
4.316666666666667318e+00	5.088838577342994635e-02
4.333333333333333037e+00	-1.670925246375436560e-02
4.349999999999999645e+00	2.232349244064145768e-02
4.366666666666666252e+00	-5.055121528169829320e-02
4.383333333333333748e+00	-4.733798846893591539e-02
4.400000000000000355e+00	3.155441205889750189e-02
4.416666666666666963e+00	1.494352977415573181e-03
4.433333333333333570e+00	2.325420527912479621e-02
4.450000000000000178e+00	1.367564159374374221e-02
4.466666666666666785e+00	6.205304441527557252e-02
4.483333333333333393e+00	1.958129209410458017e-03
4.500000000000000000e+00	-2.631650163799127175e-03
4.516666666666666607e+00	-3.089771649680989052e-02
4.533333333333334103e+00	-5.860590257499364436e-02
4.550000000000000711e+00	3.291902080268654940e-02
4.566666666666666430e+00	3.969776652456785161e-03
4.583333333333333037e+00	1.762769611823986060e-02
4.599999999999999645e+00	-1.619223890418012776e-02
4.616666666666667140e+00	2.250317810976337068e-02
4.633333333333333748e+00	1.795278310189011087e-02
4.650000000000000355e+00	-7.792046540894601026e-02
4.666666666666666963e+00	2.197638277161405654e-02
4.683333333333332682e+00	-4.306001704113164574e-02
4.700000000000000178e+00	2.849627935775343734e-02
4.716666666666666785e+00	9.538971655748986617e-03
4.733333333333333393e+00	-1.775010168892584075e-02
4.750000000000000000e+00	8.985130111935199851e-03
4.766666666666666607e+00	-2.361012073016277926e-02
4.783333333333334103e+00	5.008110364594038633e-02
4.799999999999999822e+00	-2.538650848498435336e-02
4.816666666666666430e+00	-6.373446604103495151e-03
4.833333333333333037e+00	-1.890031958994381131e-02
4.850000000000000533e+00	3.627728293909365104e-02
4.866666666666667140e+00	1.186742014177169686e-02
4.883333333333333748e+00	3.403038893420949618e-02
4.900000000000000355e+00	-8.740921749085533640e-03
4.916666666666666075e+00	-1.438143387561159831e-03
4.933333333333333570e+00	6.778089350321565842e-02
4.950000000000000178e+00	-7.903888975401522979e-03
4.966666666666666785e+00	3.382039670516685803e-02
4.983333333333333393e+00	1.469053985025653777e-02
5.000000000000000000e+00	-3.569415607900026585e-03
5.016666666666666607e+00	3.214389071242470391e-02
5.033333333333333215e+00	3.365744511819926399e-02
5.049999999999999822e+00	-4.003212526133271415e-03
5.066666666666666430e+00	4.043982302067201939e-02
5.083333333333333925e+00	4.839577941383098325e-02
5.100000000000000533e+00	4.956362219240392081e-02
5.116666666666667140e+00	7.247858189267315787e-02
5.133333333333332860e+00	8.632809755038738098e-02
5.149999999999999467e+00	-2.755800534971145424e-02
5.166666666666666963e+00	1.401720136940510543e-02
5.183333333333333570e+00	3.118918946094747721e-02
5.200000000000000178e+00	4.298691625966126473e-02
5.216666666666666785e+00	4.936142912845949832e-02
5.233333333333333393e+00	3.503955059519197474e-02
5.250000000000000000e+00	1.712634145291705434e-02
5.266666666666666607e+00	1.921542289020267483e-02
5.283333333333333215e+00	4.430988087844384138e-02
5.299999999999999822e+00	-2.262212546965469695e-02
5.316666666666666430e+00	-1.880108815210827095e-02
5.333333333333333925e+00	-9.723618306307923315e-03
5.350000000000000533e+00	-7.253924910592306208e-02
5.366666666666666252e+00	-1.961416424183372656e-02
5.383333333333332860e+00	-1.975076642806055174e-02
5.400000000000000355e+00	-1.346311516469131560e-02
5.416666666666666963e+00	3.117374965003736134e-02
5.433333333333333570e+00	-2.836691100849069239e-02
5.450000000000000178e+00	5.815462700616651909e-02
5.466666666666666785e+00	2.625634791925958444e-02
5.483333333333333393e+00	-5.194012525657913659e-02
5.500000000000000000e+00	-4.095856704131920455e-03
5.516666666666666607e+00	-2.130199512184537125e-02
5.533333333333333215e+00	-4.085270262725045065e-03
5.549999999999999822e+00	6.568015405970206722e-02
5.566666666666667318e+00	6.855529940125854038e-02
5.583333333333333925e+00	-1.929774983412344339e-02
5.599999999999999645e+00	1.162179391185141734e-02
5.616666666666666252e+00	2.408205977439156764e-02
5.633333333333333748e+00	-4.578071767494444611e-02
5.650000000000000355e+00	6.879381791043606698e-02
5.666666666666666963e+00	-9.454804770928701418e-02
5.683333333333333570e+00	-2.341610146204009882e-02
5.700000000000000178e+00	-5.359534618378478110e-02
5.716666666666666785e+00	-8.541934730314751367e-02
5.733333333333333393e+00	-5.918387748203717685e-02
5.750000000000000000e+00	1.395850714282059583e-02
5.766666666666666607e+00	-1.465009982926632551e-02
5.783333333333333215e+00	-1.703493402790822939e-02
5.800000000000000711e+00	-8.911767466051592410e-04
5.816666666666667318e+00	1.676528712631360218e-02
5.833333333333333037e+00	-2.653921529892020251e-02
5.849999999999999645e+00	-5.338011909903549353e-03
5.866666666666666252e+00	-1.266702515779237828e-02
5.883333333333333748e+00	-6.095599989159422930e-03
5.900000000000000355e+00	-2.382557140869280207e-02
5.916666666666666963e+00	-6.521466403778214405e-02
5.933333333333333570e+00	-2.067845785048352467e-02
5.950000000000000178e+00	-1.103875567748636814e-02
5.966666666666666785e+00	-2.061521112668951439e-02
5.983333333333333393e+00	2.398888491264026049e-02
6.000000000000000000e+00	9.764015390135112604e-03
6.016666666666666607e+00	-1.735745328830882311e-02
6.033333333333334103e+00	-1.437399242724335738e-02
6.050000000000000711e+00	-3.282269276952311937e-02
6.066666666666666430e+00	-2.279998479882782911e-02
6.083333333333333037e+00	1.673619252526530390e-02
6.099999999999999645e+00	-4.305449272381037945e-02
6.116666666666667140e+00	-7.293337730342418918e-03
6.133333333333333748e+00	-6.796218911810118779e-02
6.150000000000000355e+00	-1.158936582439595679e-02
6.166666666666666963e+00	2.823534558063866325e-03
6.183333333333333570e+00	7.791904172713643405e-03
6.200000000000000178e+00	2.981805803314696926e-02
6.216666666666666785e+00	-2.122576086724230204e-02
6.233333333333333393e+00	-4.513846910196246676e-02
6.250000000000000000e+00	3.420958622361595924e-02
6.266666666666667496e+00	-9.923874661155154125e-03
6.283333333333334103e+00	-7.884706802262353431e-02
6.299999999999999822e+00	1.090294874878862917e-02
6.316666666666666430e+00	-3.814652874877747044e-03
6.333333333333333037e+00	5.541118094229006280e-02
6.350000000000000533e+00	-5.040126019591786855e-02
6.366666666666667140e+00	-8.188462763602155983e-03
6.383333333333333748e+00	6.706024438674731969e-02
6.399999999999999467e+00	-1.959854145997955502e-02
6.416666666666666075e+00	4.372087915830515786e-02
6.433333333333333570e+00	2.173451426515629961e-02
6.450000000000000178e+00	8.165284110880437207e-02
6.466666666666666785e+00	-1.851830969826909201e-02
6.483333333333333393e+00	-7.518034053963218444e-02
6.500000000000000888e+00	-3.875031199025960604e-02
6.516666666666666607e+00	-2.678691083292507324e-02
6.533333333333333215e+00	-7.005554682878487038e-03
6.549999999999999822e+00	-6.007676081370265115e-04
6.566666666666666430e+00	1.938825708885385038e-02
6.583333333333333925e+00	-1.055588541159965636e-02
6.600000000000000533e+00	-1.512390096879630275e-02
6.616666666666667140e+00	1.180425404674586946e-02
6.633333333333332860e+00	6.286622124714973114e-02
6.649999999999999467e+00	9.537025769581699772e-03
6.666666666666666963e+00	-2.091346912126313892e-02
6.683333333333333570e+00	-8.233969925141887414e-03
6.700000000000000178e+00	-5.805711881056660473e-02
6.716666666666666785e+00	2.323277727481899355e-02
6.733333333333333393e+00	-3.969567226621580763e-02
6.750000000000000000e+00	3.232631746971286607e-02
6.766666666666666607e+00	-9.731297384626703614e-03
6.783333333333333215e+00	3.401402432972575052e-02
6.799999999999999822e+00	1.764494193289674329e-02
6.816666666666667318e+00	-1.598514779837706748e-02
6.833333333333333925e+00	2.894645362116111259e-02
6.850000000000000533e+00	2.677079435518335201e-02
6.866666666666666252e+00	-1.734687794985041026e-02
6.883333333333332860e+00	2.156237272456312110e-02
6.900000000000000355e+00	2.557406416809599771e-03
6.916666666666666963e+00	-4.081852711711060622e-02
6.933333333333333570e+00	-6.848651607345907812e-03
6.950000000000000178e+00	5.366028701028104780e-02
6.966666666666666785e+00	-4.959750434137708691e-02
6.983333333333333393e+00	-1.300052893980848182e-02
7.000000000000000000e+00	1.344671736828442592e-02
7.016666666666666607e+00	7.045853705129999020e-03
7.033333333333333215e+00	-6.806236782265735752e-02
7.049999999999999822e+00	-3.028338500259651275e-02
7.066666666666667318e+00	-2.126355322460812478e-02
7.083333333333333925e+00	2.769759251481441684e-02
7.099999999999999645e+00	5.767165607994741150e-02
7.116666666666666252e+00	4.065781505173367562e-06
7.133333333333333748e+00	-5.392855223600064030e-02
7.150000000000000355e+00	-2.399948768187622553e-02
7.166666666666666963e+00	-2.044011226419110481e-05
7.183333333333333570e+00	1.654206833402545665e-02
7.200000000000000178e+00	1.887822719009127998e-03
7.216666666666666785e+00	-4.521345574731803346e-03
7.233333333333333393e+00	-3.553134738521070840e-02
7.250000000000000000e+00	-4.324677121995559870e-02
7.266666666666666607e+00	2.542038344155757995e-02
7.283333333333333215e+00	1.733563616790714107e-02
7.300000000000000711e+00	-2.476861654011579608e-03
7.316666666666667318e+00	3.088182638620535440e-03
7.333333333333333037e+00	-3.587494574492115090e-02
7.349999999999999645e+00	4.469155356688815639e-02
7.366666666666667140e+00	-1.922512196474145119e-02
7.383333333333333748e+00	3.529235683380946981e-02
7.400000000000000355e+00	-1.517163180995729360e-02
7.416666666666666963e+00	6.633655557034097427e-02
7.433333333333333570e+00	5.245705094846401378e-03
7.450000000000000178e+00	2.631158667494648551e-02
7.466666666666666785e+00	-6.101764370142050142e-02
7.483333333333333393e+00	1.890048448381122237e-02
7.500000000000000000e+00	-1.576854231728605157e-02
7.516666666666666607e+00	9.397858643682926658e-03
7.533333333333334103e+00	2.602574880309191721e-02
7.550000000000000711e+00	3.900679821217841597e-02
7.566666666666666430e+00	2.944956428657882937e-03
7.583333333333333037e+00	1.378839469374362704e-03
7.599999999999999645e+00	2.106698650520207397e-02
7.616666666666667140e+00	-5.740800702534636091e-02
7.633333333333333748e+00	-1.307955103572886781e-02
7.649999999999999467e+00	1.574139553145501719e-02
7.666666666666666963e+00	5.803658644284418085e-03
7.683333333333333570e+00	2.032004823966790386e-02
7.700000000000001066e+00	-5.076474811644603874e-02
7.716666666666666785e+00	-2.442350240760359642e-02
7.733333333333332504e+00	-1.652016024003910566e-02
7.750000000000000000e+00	1.992313108781955042e-02
7.766666666666666607e+00	-4.886746246216147269e-03
7.783333333333334103e+00	-7.327485983310629437e-04
7.799999999999999822e+00	1.082550669233631538e-02
7.816666666666667318e+00	4.094567515208822478e-02
7.833333333333333037e+00	5.752170288548145299e-02
7.849999999999999645e+00	3.119763592856071924e-02
7.866666666666667140e+00	1.807810750277445005e-02
7.883333333333332860e+00	1.588598012363930459e-02
7.900000000000000355e+00	-1.682623319832610848e-02
7.916666666666666963e+00	-3.804951845352347317e-02
7.933333333333334458e+00	-5.304318490762757049e-02
7.950000000000000178e+00	-1.422417149451757692e-02
7.966666666666665897e+00	5.753995275431091072e-02
7.983333333333333393e+00	1.276470474138870388e-02
8.000000000000000000e+00	-3.070864100999072532e-02
8.016666666666667496e+00	-1.587894946472021701e-02
8.033333333333333215e+00	-6.817144587075755872e-03
8.050000000000000711e+00	3.228897552985951491e-02
8.066666666666666430e+00	3.321049872113374102e-02
8.083333333333332149e+00	-3.547336299933580989e-02
8.099999999999999645e+00	-6.598864300396259375e-03
8.116666666666667140e+00	1.664941134088837940e-02
8.133333333333334636e+00	-5.193478507081548262e-02
8.150000000000000355e+00	3.549486279476782129e-03
8.166666666666667851e+00	2.108789582288705944e-02
8.183333333333333570e+00	1.607835430898395691e-03
8.199999999999999289e+00	5.556057424197613503e-02
8.216666666666666785e+00	-1.422946249732373082e-02
8.233333333333332504e+00	-4.723222542432569358e-03
8.250000000000000000e+00	-4.272621078590111560e-02
8.266666666666665719e+00	1.598831232976843930e-02
8.283333333333334991e+00	-5.796532701807474730e-05
8.300000000000000711e+00	-6.810728612266368776e-02
8.316666666666666430e+00	-3.116246264884277740e-03
8.333333333333333925e+00	2.573585216876334361e-02
8.349999999999999645e+00	-6.847999722908287845e-02
8.366666666666667140e+00	1.111985715537039052e-02
8.383333333333332860e+00	1.307667235448596935e-02
8.400000000000000355e+00	-5.421826162911369540e-02
8.416666666666666075e+00	1.184497268107006542e-02
8.433333333333333570e+00	-2.814858584217951043e-02
8.450000000000001066e+00	8.024764865241449871e-03
8.466666666666666785e+00	-1.709552419844312734e-02
8.483333333333334281e+00	-9.056456440016527392e-04
8.500000000000000000e+00	1.414417106638323623e-02
8.516666666666667496e+00	3.756538998541311680e-02
8.533333333333333215e+00	1.038075925146617930e-02
8.549999999999998934e+00	8.511688289503081123e-03
8.566666666666666430e+00	-5.837856792126626393e-02
8.583333333333332149e+00	-6.256079282248707372e-03
8.600000000000001421e+00	2.975401113604675754e-02
8.616666666666667140e+00	-8.090621927812437220e-03
8.633333333333334636e+00	-5.826217669711453162e-02
8.650000000000000355e+00	-3.801957587638687269e-02
8.666666666666666075e+00	7.694933567515224726e-02
8.683333333333333570e+00	2.930511452492648439e-02
8.699999999999999289e+00	1.605181389936902528e-02
8.716666666666666785e+00	4.669852737187621394e-02
8.733333333333332504e+00	4.289841675970527263e-02
8.750000000000001776e+00	-4.423517961409955540e-02
8.766666666666667496e+00	-5.125822003919461474e-03
8.783333333333333215e+00	-3.269214249055456961e-02
8.800000000000000711e+00	-2.009086912011273304e-02
8.816666666666666430e+00	-1.440330821372933640e-02
8.833333333333333925e+00	9.560896721399252118e-03
8.849999999999999645e+00	1.996687409612744532e-02
8.866666666666667140e+00	3.257840698016752773e-02
8.883333333333332860e+00	-1.518338110850093667e-02
8.900000000000000355e+00	4.120492891276041070e-02
8.916666666666667851e+00	3.602543302146178628e-02
8.933333333333333570e+00	-1.188034480018018875e-02
8.950000000000001066e+00	-5.941596032099599051e-02
8.966666666666666785e+00	3.390187020569939563e-02
8.983333333333334281e+00	3.353908784306061652e-02
9.000000000000000000e+00	-8.286832384205074925e-03
9.016666666666665719e+00	1.024323699336022672e-02
9.033333333333333215e+00	-2.800092816784584271e-02
9.049999999999998934e+00	2.125955598604338526e-02
9.066666666666668206e+00	4.672682648505376013e-02
9.083333333333333925e+00	6.033357811298567519e-02
9.100000000000001421e+00	7.585238444693803705e-02
9.116666666666667140e+00	9.824691325606441095e-02
9.133333333333332860e+00	5.400554360984467783e-02
9.150000000000000355e+00	7.526234547772861494e-02
9.166666666666666075e+00	1.298908258733805499e-01
9.183333333333333570e+00	1.132811435883525897e-01
9.199999999999999289e+00	1.398186480023381750e-01
9.216666666666666785e+00	1.476003301929850464e-01
9.233333333333334281e+00	1.202850521588072624e-01
9.250000000000000000e+00	1.033122714278769949e-01
9.266666666666667496e+00	1.469760883406885099e-01
9.283333333333333215e+00	1.050234386445476897e-01
9.300000000000000711e+00	1.259298956677955827e-01
9.316666666666666430e+00	1.363273229208047388e-01
9.333333333333333925e+00	1.213396841835839152e-01
9.349999999999999645e+00	7.193890850629192091e-02
9.366666666666665364e+00	3.758820272328691758e-02
9.383333333333334636e+00	7.215517257470166479e-02
9.400000000000000355e+00	-1.223394882704767310e-02
9.416666666666667851e+00	-8.612106085278393997e-02
9.433333333333333570e+00	-8.546389450200223004e-02
9.450000000000001066e+00	-1.202958722514616136e-01
9.466666666666666785e+00	-1.800738710511234630e-01
9.483333333333332504e+00	-2.364411698049710964e-01
9.500000000000000000e+00	-2.820541747541694955e-01
9.516666666666665719e+00	-3.076622020777879940e-01
9.533333333333333215e+00	-3.448904089109289806e-01
9.550000000000000711e+00	-3.998943819069442629e-01
9.566666666666668206e+00	-4.881129203291091900e-01
9.583333333333333925e+00	-5.368581711942532753e-01
9.599999999999999645e+00	-5.239784383391382638e-01
9.616666666666667140e+00	-5.985172996898899811e-01
9.633333333333332860e+00	-5.718462193351622203e-01
9.650000000000000355e+00	-5.784465025962857165e-01
9.666666666666666075e+00	-6.322027958150931992e-01
9.683333333333333570e+00	-6.559424122204817742e-01
9.700000000000001066e+00	-6.017648582662386003e-01
9.716666666666666785e+00	-6.271585597550893842e-01
9.733333333333334281e+00	-5.464981499418939404e-01
9.750000000000000000e+00	-5.626562361766022091e-01
9.766666666666667496e+00	-4.815689406156553054e-01
9.783333333333333215e+00	-4.680556804242501645e-01
9.800000000000000711e+00	-3.518194645659749042e-01
9.816666666666666430e+00	-3.513605160174030351e-01
9.833333333333332149e+00	-2.607185064110419948e-01
9.850000000000001421e+00	-1.438296789695138189e-01
9.866666666666667140e+00	-1.904088506868036046e-01
9.883333333333334636e+00	-8.795360948456532046e-02
9.900000000000000355e+00	-1.330767892685284087e-02
9.916666666666667851e+00	4.460712991996171328e-02
9.933333333333333570e+00	2.014732824930668131e-01
9.949999999999999289e+00	2.091589243720301250e-01
9.966666666666666785e+00	2.287688563673437314e-01
9.983333333333332504e+00	3.705487755573959041e-01
1.000000000000000000e+01	4.508651974935511397e-01
1.001666666666666750e+01	4.488917800989343232e-01
1.003333333333333321e+01	5.006016538774755720e-01
1.005000000000000071e+01	5.741590276849323216e-01
1.006666666666666643e+01	5.651650066800457672e-01
1.008333333333333393e+01	6.532060152276025766e-01
1.009999999999999964e+01	6.597135811848834352e-01
1.011666666666666714e+01	6.779066738946011306e-01
1.013333333333333286e+01	7.003591409955068903e-01
1.014999999999999858e+01	6.719470300865413304e-01
1.016666666666666785e+01	6.863984417206870914e-01
1.018333333333333357e+01	7.283121569046653310e-01
1.020000000000000107e+01	6.719779490279147449e-01
1.021666666666666679e+01	6.030998446167225024e-01
1.023333333333333428e+01	6.665237037949910404e-01
1.025000000000000000e+01	5.649289037064526564e-01
1.026666666666666572e+01	5.079706841922037031e-01
1.028333333333333321e+01	5.050145434268110689e-01
1.029999999999999893e+01	4.272596428745205621e-01
1.031666666666666643e+01	3.573216118488873883e-01
1.033333333333333393e+01	2.423847964383186171e-01
1.035000000000000142e+01	1.567308519605159489e-01
1.036666666666666714e+01	1.822648519822262503e-01
1.038333333333333286e+01	9.405745476783154702e-02
1.040000000000000036e+01	4.604655657078051550e-02
1.041666666666666607e+01	-1.283587248623067611e-01
1.043333333333333357e+01	-1.059763659266166336e-01
1.044999999999999929e+01	-1.577888577185669328e-01
1.046666666666666679e+01	-2.997444438406068334e-01
1.048333333333333428e+01	-3.726691024450939360e-01
1.050000000000000000e+01	-4.214803798690213155e-01
1.051666666666666750e+01	-5.017059443212296133e-01
1.053333333333333321e+01	-5.374943601660563397e-01
1.055000000000000071e+01	-5.745235026050482530e-01
1.056666666666666643e+01	-6.349489861182894268e-01
1.058333333333333393e+01	-5.700568848050324711e-01
1.059999999999999964e+01	-7.219064635516507789e-01
1.061666666666666536e+01	-6.551338788999062634e-01
1.063333333333333286e+01	-7.374036762411227963e-01
1.065000000000000036e+01	-7.146761411413365961e-01
1.066666666666666785e+01	-6.547812052598369625e-01
1.068333333333333357e+01	-6.747979788372510113e-01
1.070000000000000107e+01	-6.943060862602535854e-01
1.071666666666666679e+01	-6.512517931680321670e-01
1.073333333333333250e+01	-6.309035263165814200e-01
1.075000000000000000e+01	-5.769315438345375968e-01
1.076666666666666572e+01	-4.781884946303243122e-01
1.078333333333333321e+01	-5.181454705779334757e-01
1.080000000000000071e+01	-4.139221204157848555e-01
1.081666666666666821e+01	-3.476256542019869888e-01
1.083333333333333393e+01	-2.837522182762926004e-01
1.084999999999999964e+01	-1.887792311200926776e-01
1.086666666666666714e+01	-9.635722116759126710e-02
1.088333333333333286e+01	-8.112779276187345734e-02
1.090000000000000036e+01	3.109603193008024166e-02
1.091666666666666607e+01	6.156739204024078843e-02
1.093333333333333357e+01	1.160579405872549513e-01
1.095000000000000107e+01	2.023678574791115681e-01
1.096666666666666679e+01	2.834329853230737606e-01
1.098333333333333428e+01	3.456537343947418406e-01
1.100000000000000000e+01	3.972247435609965183e-01
1.101666666666666750e+01	4.460173301100338050e-01
1.103333333333333321e+01	5.038030794283001601e-01
1.105000000000000071e+01	5.788858755228315500e-01
1.106666666666666643e+01	6.190965986438140556e-01
1.108333333333333215e+01	5.690537638126180742e-01
1.109999999999999964e+01	6.665414229465971285e-01
1.111666666666666714e+01	7.362432100643349075e-01
1.113333333333333464e+01	7.553034544958711072e-01
1.115000000000000036e+01	6.909088289789147019e-01
1.116666666666666785e+01	7.268565432700913043e-01
1.118333333333333357e+01	7.012024507660900019e-01
1.119999999999999929e+01	6.807430652250127112e-01
1.121666666666666679e+01	6.204356537544177819e-01
1.123333333333333250e+01	6.508792381847096076e-01
1.125000000000000000e+01	5.720511333275161148e-01
1.126666666666666750e+01	4.918516601967494739e-01
1.128333333333333499e+01	5.431504705220964180e-01
1.130000000000000071e+01	4.558285035861691648e-01
1.131666666666666643e+01	3.945682245094206397e-01
1.133333333333333393e+01	2.927545287110635552e-01
1.134999999999999964e+01	2.165360535057559432e-01
1.136666666666666714e+01	6.723409519974261894e-02
1.138333333333333286e+01	7.162021566771463454e-02
1.140000000000000036e+01	-2.223469686665750789e-02
1.141666666666666607e+01	-4.946378130720764654e-02
1.143333333333333357e+01	-1.499130613471517659e-01
1.145000000000000107e+01	-2.400076622068924581e-01
1.146666666666666679e+01	-3.093467691446035173e-01
1.148333333333333428e+01	-3.303943297724726280e-01
1.150000000000000000e+01	-4.117007528759025203e-01
1.151666666666666750e+01	-4.313913549821539739e-01
1.153333333333333321e+01	-5.154719826285056872e-01
1.154999999999999893e+01	-5.589262141147773866e-01
1.156666666666666643e+01	-6.229239665862194020e-01
1.158333333333333393e+01	-6.286300786817993203e-01
1.160000000000000142e+01	-6.411625375600994436e-01
1.161666666666666714e+01	-7.079577926126646714e-01
1.163333333333333464e+01	-6.600423803643211684e-01
1.165000000000000036e+01	-7.469233706717655075e-01
1.166666666666666607e+01	-7.050765133540286556e-01
1.168333333333333357e+01	-6.829062117487283423e-01
1.169999999999999929e+01	-6.562287975525245010e-01
1.171666666666666679e+01	-5.993558915029363332e-01
1.173333333333333250e+01	-5.933085364475128021e-01
1.175000000000000178e+01	-5.875067918019192259e-01
1.176666666666666750e+01	-5.021111944177364395e-01
1.178333333333333321e+01	-4.466230154223155280e-01
1.180000000000000071e+01	-3.823956661563242543e-01
1.181666666666666643e+01	-3.713002034350136316e-01
1.183333333333333393e+01	-3.340629936820503909e-01
1.184999999999999964e+01	-2.339982446178613951e-01
1.186666666666666714e+01	-9.606718281869568166e-02
1.188333333333333286e+01	-6.225305140841153051e-02
1.190000000000000036e+01	-2.210224545440096083e-02
1.191666666666666785e+01	4.115640517716020325e-02
1.193333333333333357e+01	1.446496316685999817e-01
1.195000000000000107e+01	2.087951256466033245e-01
1.196666666666666679e+01	2.774464755915411196e-01
1.198333333333333428e+01	3.318102161658721960e-01
1.200000000000000000e+01	4.434446575627229992e-01
1.201666666666666572e+01	4.687888497286842870e-01
1.203333333333333321e+01	4.933081496225640850e-01
1.205000000000000071e+01	5.854792780791931994e-01
1.206666666666666821e+01	6.002968292836206032e-01
1.208333333333333393e+01	7.262951518665475836e-01
1.210000000000000142e+01	6.236532130826764053e-01
1.211666666666666714e+01	7.217226910065049905e-01
1.213333333333333286e+01	6.704712847882494664e-01
1.215000000000000036e+01	7.341484365288469816e-01
1.216666666666666607e+01	6.801856429992102493e-01
1.218333333333333357e+01	6.719417991750887831e-01
1.219999999999999929e+01	6.712572429299901167e-01
1.221666666666666856e+01	6.890827976687540213e-01
1.223333333333333428e+01	5.870698942881834581e-01
1.225000000000000000e+01	5.439163200759983274e-01
1.226666666666666750e+01	4.940875990666336870e-01
1.228333333333333321e+01	4.762649928328466786e-01
1.230000000000000071e+01	3.961610987583026877e-01
1.231666666666666643e+01	3.321158930946205845e-01
1.233333333333333393e+01	2.320995696184228740e-01
1.234999999999999964e+01	1.915909010466718410e-01
1.236666666666666714e+01	1.353832654091558785e-01
1.238333333333333464e+01	9.219621924937805579e-02
1.240000000000000036e+01	1.915878856188366758e-02
1.241666666666666785e+01	-9.032067486076614249e-02
1.243333333333333357e+01	-7.664544477733967187e-02
1.245000000000000107e+01	-1.879152562660763026e-01
1.246666666666666679e+01	-3.153427186559952800e-01
1.248333333333333250e+01	-3.588621056531239306e-01
1.250000000000000000e+01	-3.676892313746800145e-01
1.251666666666666572e+01	-4.531343039392091709e-01
1.253333333333333499e+01	-5.350070684773625684e-01
1.255000000000000071e+01	-5.822982161741958596e-01
1.256666666666666821e+01	-6.197919090088082061e-01
1.258333333333333393e+01	-5.931467872426073873e-01
1.259999999999999964e+01	-6.883746671151163010e-01
1.261666666666666714e+01	-7.075137676954870170e-01
1.263333333333333286e+01	-7.581249206089060166e-01
1.265000000000000036e+01	-6.639606670437996350e-01
1.266666666666666607e+01	-7.032239893670252373e-01
1.268333333333333357e+01	-6.755173827152908261e-01
1.270000000000000107e+01	-6.909603389652342331e-01
1.271666666666666679e+01	-6.786200675014915085e-01
1.273333333333333428e+01	-5.999575870517768195e-01
1.275000000000000000e+01	-6.011308513270328113e-01
1.276666666666666750e+01	-5.335467906609556721e-01
1.278333333333333321e+01	-4.753021886067341217e-01
1.279999999999999893e+01	-3.972595108462994018e-01
1.281666666666666643e+01	-3.291631899668745476e-01
1.283333333333333215e+01	-3.126777129944318112e-01
1.285000000000000142e+01	-2.487649712634347199e-01
1.286666666666666714e+01	-1.862935952271026208e-01
1.288333333333333464e+01	-1.023456462354477570e-01
1.290000000000000036e+01	6.741513064789951548e-02
1.291666666666666607e+01	8.905768125471802410e-02
1.293333333333333357e+01	1.868009192915228711e-01
1.294999999999999929e+01	1.921051946724385284e-01
1.296666666666666679e+01	2.828029121753264929e-01
1.298333333333333250e+01	3.380725102549314021e-01
1.300000000000000178e+01	3.791415496085483450e-01
1.301666666666666750e+01	4.514570354371714722e-01
1.303333333333333321e+01	5.105792347898426842e-01
1.305000000000000071e+01	5.265238072417274262e-01
1.306666666666666643e+01	5.507185923125040850e-01
1.308333333333333393e+01	5.820399989425800724e-01
1.309999999999999964e+01	5.810250279100237503e-01
1.311666666666666714e+01	5.851208479652806327e-01
1.313333333333333286e+01	5.112326240974456315e-01
1.314999999999999858e+01	6.076405332844697638e-01
1.316666666666666785e+01	5.854240182122651959e-01
1.318333333333333357e+01	5.474759332834459036e-01
1.320000000000000107e+01	4.752197461421698854e-01
1.321666666666666679e+01	5.010497178244668337e-01
1.323333333333333428e+01	4.226149940183773213e-01
1.325000000000000000e+01	3.597185214073444492e-01
1.326666666666666572e+01	3.561529283955603975e-01
1.328333333333333321e+01	3.218306190604963146e-01
1.329999999999999893e+01	2.074837275776132695e-01
1.331666666666666821e+01	2.072622291784809168e-01
1.333333333333333393e+01	1.525641258172943104e-01
1.335000000000000142e+01	8.144025340067322094e-02
1.336666666666666714e+01	3.120437328282468087e-02
1.338333333333333286e+01	4.918887567983298847e-02
1.340000000000000036e+01	-1.440513772191443984e-02
1.341666666666666607e+01	2.254218431223030394e-02
1.343333333333333357e+01	-5.516411666646130890e-02
1.344999999999999929e+01	-7.261592027949140271e-02
1.346666666666666679e+01	-6.810432770020877213e-02
1.348333333333333428e+01	-1.106651810844883205e-01
1.350000000000000000e+01	-1.424374004090888657e-01
1.351666666666666750e+01	-1.137213686321048856e-01
1.353333333333333321e+01	-1.562923151828332635e-01
1.355000000000000071e+01	-1.115472995754335783e-01
1.356666666666666643e+01	-1.164586847567547628e-01
1.358333333333333393e+01	-8.329184986548025804e-02
1.359999999999999964e+01	-1.937548181158512683e-01
1.361666666666666536e+01	-1.540209991846134274e-01
1.363333333333333464e+01	-8.552239487881113655e-02
1.365000000000000036e+01	-6.021223960188784585e-02
1.366666666666666785e+01	-9.876364730654786650e-02
1.368333333333333357e+01	-7.107718002793683709e-02
1.370000000000000107e+01	-1.043006376312323596e-01
1.371666666666666679e+01	-8.037086510555180308e-02
1.373333333333333250e+01	-2.614609844831899260e-03
1.375000000000000000e+01	-1.876031231778891098e-02
1.376666666666666572e+01	1.528011494469625614e-02
1.378333333333333321e+01	2.122811015991573139e-03
1.380000000000000071e+01	3.846242052069670514e-02
1.381666666666666821e+01	-1.494494767542300581e-02
1.383333333333333393e+01	-1.394690785529568468e-02
1.384999999999999964e+01	3.988946378495025757e-02
1.386666666666666714e+01	4.133932833382642641e-02
1.388333333333333286e+01	-1.486654410169909336e-03
1.390000000000000036e+01	1.233521145887522472e-02
1.391666666666666607e+01	6.018683600794562383e-02
1.393333333333333357e+01	-1.249064793685211901e-02
1.395000000000000107e+01	-3.325687425182727308e-02
1.396666666666666679e+01	1.485951871803965502e-03
1.398333333333333428e+01	7.757717723572806401e-04
1.400000000000000000e+01	-5.164008340999005214e-02
1.401666666666666750e+01	4.830093027355456675e-02
1.403333333333333321e+01	-2.411136937883579662e-02
1.405000000000000071e+01	1.017251630806349921e-01
1.406666666666666643e+01	-1.571945073020264774e-02
1.408333333333333215e+01	5.325231295641867646e-02
1.409999999999999964e+01	1.258373717389260800e-02
1.411666666666666714e+01	-3.596590266540840384e-03
1.413333333333333464e+01	6.268483844995021911e-03
1.415000000000000036e+01	-1.311022332362129150e-03
1.416666666666666785e+01	3.492241230210944847e-02
1.418333333333333357e+01	1.996684417019485569e-02
1.419999999999999929e+01	-2.691718230401428033e-02
1.421666666666666679e+01	2.891415447069722866e-02
1.423333333333333250e+01	1.422861949503410536e-02
1.425000000000000000e+01	-4.250842227925043931e-02
1.426666666666666750e+01	-1.006246190725128969e-02
1.428333333333333499e+01	-1.714785857574021091e-02
1.430000000000000071e+01	-4.089189767392945041e-02
1.431666666666666643e+01	-3.482361695029504572e-02
1.433333333333333393e+01	1.408961315691956324e-03
1.434999999999999964e+01	5.187136886094817489e-02
1.436666666666666714e+01	-1.660612484857669491e-02
1.438333333333333286e+01	-8.146097823243074118e-03
1.440000000000000036e+01	7.427143042715352722e-03
1.441666666666666785e+01	-2.962079697624823288e-02
1.443333333333333357e+01	1.283428936188600947e-02
1.445000000000000107e+01	-6.797019346231762682e-02
1.446666666666666679e+01	-3.683183490453564857e-02
1.448333333333333428e+01	-2.635548620859105504e-02
1.450000000000000000e+01	1.510183985937134897e-02
1.451666666666666750e+01	2.230821005342932192e-02
1.453333333333333321e+01	4.273729982116538794e-04
1.454999999999999893e+01	-2.045090777782315988e-04
1.456666666666666643e+01	3.369628293823628828e-02
1.458333333333333393e+01	-7.946684064387564417e-02
1.460000000000000142e+01	1.974824958866453622e-02
1.461666666666666714e+01	-4.320421040751103170e-02
1.463333333333333464e+01	-4.281508026469916378e-02
1.465000000000000036e+01	-1.309509028540841715e-03
1.466666666666666607e+01	-9.755937425549887979e-03
1.468333333333333357e+01	-2.334944788896396728e-02
1.469999999999999929e+01	-5.354986713265320192e-02
1.471666666666666679e+01	-6.291441760962200591e-02
1.473333333333333428e+01	-8.480423835020001883e-03
1.475000000000000178e+01	-9.341123740108250514e-03
1.476666666666666750e+01	3.923106883503840042e-02
1.478333333333333321e+01	-6.687568948615914277e-02
1.480000000000000071e+01	1.770146888145630827e-03
1.481666666666666643e+01	-5.247863957223910386e-02
1.483333333333333393e+01	-1.178457221197086804e-02
1.484999999999999964e+01	-1.436543846344963057e-02
1.486666666666666714e+01	-4.708157590322387120e-02
1.488333333333333286e+01	-7.049454961616143100e-02
1.490000000000000036e+01	-1.996877503820521961e-03
1.491666666666666785e+01	4.035464361373455877e-02
1.493333333333333357e+01	-3.325460607946851416e-02
1.495000000000000107e+01	1.136791805853814771e-02
1.496666666666666679e+01	4.298806405309484741e-02
1.498333333333333428e+01	-2.843921734562416398e-02
1.500000000000000000e+01	-3.834086641688874003e-02
1.501666666666666572e+01	3.111064029360698525e-03
1.503333333333333321e+01	4.528185968433976610e-02
1.505000000000000071e+01	-6.922776822895930493e-02
1.506666666666666821e+01	2.888210097853249544e-02
1.508333333333333393e+01	4.047150325675091115e-02
1.510000000000000142e+01	2.875109351304290864e-02
1.511666666666666714e+01	-1.312133424665668825e-02
1.513333333333333286e+01	-8.538721153133119884e-03
1.515000000000000036e+01	-2.881709357303193636e-03
1.516666666666666607e+01	7.638014147142687185e-04
1.518333333333333357e+01	-1.936449643134509693e-02
1.519999999999999929e+01	-5.545491171342497444e-02
1.521666666666666856e+01	-4.903732603280487601e-02
1.523333333333333428e+01	4.085796005396317987e-02
1.525000000000000000e+01	1.336404237240875967e-02
1.526666666666666750e+01	4.395224744135158533e-03
1.528333333333333321e+01	2.271587032642927162e-02
1.529999999999999893e+01	-9.372784157180252818e-02
1.531666666666666821e+01	-3.352530950759922274e-02
1.533333333333333393e+01	-1.267930407023124852e-02
1.534999999999999964e+01	-3.314250008640046846e-02
1.536666666666666714e+01	-1.832769289682606093e-02
1.538333333333333286e+01	2.006882543123734985e-03
1.540000000000000213e+01	-1.610163030971810405e-02
1.541666666666666785e+01	-1.517105191222083670e-02
1.543333333333333357e+01	1.474137205622615132e-02
1.544999999999999929e+01	-2.195060436836238082e-02
1.546666666666666501e+01	7.146952480651963535e-02
1.548333333333333428e+01	2.571068848237450036e-03
1.550000000000000000e+01	-5.190871371432041054e-02
1.551666666666666750e+01	-5.465793329960314320e-03
1.553333333333333321e+01	6.159544898387783740e-03
1.555000000000000249e+01	-1.838001915832128061e-02
1.556666666666666821e+01	-3.592526745764862590e-04
1.558333333333333393e+01	-3.510435273341370316e-02
1.559999999999999964e+01	3.489459459039030709e-02
1.561666666666666536e+01	1.118194795032066528e-02
1.563333333333333464e+01	1.218701474160204575e-03
1.565000000000000036e+01	-1.405237085560519066e-02
1.566666666666666607e+01	-8.925757595727343632e-03
1.568333333333333357e+01	1.329037449848578453e-02
1.569999999999999929e+01	-2.275221481033376514e-02
1.571666666666666856e+01	-3.737586101245822523e-02
1.573333333333333428e+01	8.328078420079303851e-03
1.575000000000000000e+01	3.160228005854206351e-02
1.576666666666666572e+01	3.564724459785705186e-04
1.578333333333333499e+01	-2.114216314875233191e-02
1.580000000000000071e+01	2.738124655813392594e-02
1.581666666666666643e+01	-4.215708541942841600e-03
1.583333333333333393e+01	-3.424144338717305391e-02
1.584999999999999964e+01	-1.128431937827899384e-01
1.586666666666666892e+01	2.565793017179086519e-02
1.588333333333333464e+01	-2.363369013487286174e-02
1.590000000000000036e+01	4.079955046824507159e-02
1.591666666666666607e+01	2.051652794542261835e-02
1.593333333333333179e+01	7.982972926633217711e-03
1.595000000000000107e+01	-5.990132364773414174e-03
1.596666666666666679e+01	3.802090351299753767e-04
1.598333333333333250e+01	1.033259077822276141e-02
1.600000000000000000e+01	2.781383931740286433e-02
1.601666666666666927e+01	-1.824152877988354004e-03
1.603333333333333499e+01	7.693490658270822277e-03
1.605000000000000071e+01	-5.512582565477279831e-03
1.606666666666666643e+01	-5.052113700594916545e-02
1.608333333333333215e+01	-4.987502203119844463e-02
1.610000000000000142e+01	-3.212720080258049671e-02
1.611666666666666714e+01	-3.299956899533878357e-02
1.613333333333333286e+01	1.059623917073433024e-03
1.614999999999999858e+01	-6.190110143448369906e-02
1.616666666666666430e+01	-4.074488701559558085e-02
1.618333333333333357e+01	5.005653199799801889e-02
1.619999999999999929e+01	-1.630711365024098414e-02
1.621666666666666501e+01	-1.298217838316766300e-02
1.623333333333333428e+01	7.527734344563699609e-02
1.625000000000000355e+01	-8.307689803469733500e-03
1.626666666666666927e+01	-3.690741042787354376e-02
1.628333333333333499e+01	2.583156155633876093e-03
1.630000000000000071e+01	3.257866308948383083e-02
1.631666666666666643e+01	3.268242302339664784e-02
1.633333333333333570e+01	3.356489729763780373e-04
1.635000000000000142e+01	-3.209174903175961158e-02
1.636666666666666714e+01	4.037735166920698726e-02
1.638333333333333286e+01	9.685964473226899105e-04
1.639999999999999858e+01	-5.440893656384063193e-02
1.641666666666666785e+01	-1.770832891916489585e-02
1.643333333333333357e+01	4.660536828808021365e-02
1.644999999999999929e+01	2.893370121154320920e-02
1.646666666666666501e+01	-5.568771139080003207e-02
1.648333333333333428e+01	-6.918362627109203057e-03
1.650000000000000000e+01	-1.027408429726666891e-02
1.651666666666666572e+01	-3.114185364080715793e-02
1.653333333333333144e+01	3.617025183813235567e-02
1.655000000000000071e+01	2.691194404438810098e-02
1.656666666666666998e+01	-8.276371061057197220e-02
1.658333333333333570e+01	1.269204038951484391e-02
1.660000000000000142e+01	1.984183598634404327e-02
1.661666666666666714e+01	1.180216284046209894e-02
1.663333333333333286e+01	-1.328422702330776112e-02
1.665000000000000213e+01	-7.840846473632255217e-03
1.666666666666666785e+01	-4.134870154455325825e-02
1.668333333333333357e+01	1.668852587306177832e-03
1.669999999999999929e+01	-4.876788736011397618e-03
1.671666666666666856e+01	-1.493007676914576837e-02
1.673333333333333428e+01	2.155003491734515733e-02
1.675000000000000000e+01	2.440550564517387794e-03
1.676666666666666572e+01	8.948189799629394092e-02
1.678333333333333144e+01	-1.600518243491164116e-02
1.680000000000000071e+01	-1.906641645684157768e-02
1.681666666666666643e+01	-1.965321362231542759e-02
1.683333333333333215e+01	-1.555128221083684932e-02
1.684999999999999787e+01	4.286461233531971976e-02
1.686666666666666714e+01	5.331806543807945421e-03
1.688333333333333641e+01	-6.606151850546574354e-03
1.690000000000000213e+01	-2.984394165527162399e-02
1.691666666666666785e+01	-2.554378387615377846e-02
1.693333333333333357e+01	5.695327224180676828e-02
1.695000000000000284e+01	1.490899654124055312e-02
1.696666666666666856e+01	-1.575495875629577200e-02
1.698333333333333428e+01	1.944643587215716396e-02
1.700000000000000000e+01	7.086853728621818338e-02
1.701666666666666572e+01	-3.154595525299877003e-03
1.703333333333333499e+01	-3.473442788442511996e-03
1.705000000000000071e+01	1.537055880120185994e-03
1.706666666666666643e+01	6.249484549466961802e-02
1.708333333333333215e+01	8.345818003224545270e-03
1.709999999999999787e+01	7.763586519798825782e-03
1.711666666666666714e+01	-3.298260390766856280e-03
1.713333333333333286e+01	-1.794839956868753833e-02
1.714999999999999858e+01	3.894201021169860916e-02
1.716666666666666430e+01	2.085872164845850585e-02
1.718333333333333357e+01	-4.351069575274296719e-02
1.720000000000000284e+01	3.198959238073390780e-03
1.721666666666666856e+01	1.499962944664895870e-03
1.723333333333333428e+01	-8.361755302420059710e-02
1.725000000000000000e+01	3.948269306299247161e-02
1.726666666666666927e+01	-2.271411575376487343e-02
1.728333333333333499e+01	-1.527034115278019105e-02
1.730000000000000071e+01	6.535127970848930712e-02
1.731666666666666643e+01	1.600173293408060958e-03
1.733333333333333215e+01	2.063297414820967207e-02
1.735000000000000142e+01	2.494241666006418584e-02
1.736666666666666714e+01	-2.580919108619442182e-02
1.738333333333333286e+01	-3.501297018029425612e-02
1.739999999999999858e+01	-4.385090684230986448e-03
1.741666666666666430e+01	6.119333083696439773e-03
1.743333333333333357e+01	3.421766800962989206e-03
1.744999999999999929e+01	3.719996413659632656e-02
1.746666666666666501e+01	4.415671239802831938e-02
1.748333333333333428e+01	2.100456742495270673e-02
1.750000000000000355e+01	2.711897923375465591e-02
1.751666666666666927e+01	4.304881245382041755e-02
1.753333333333333499e+01	-1.369185513534068588e-02
1.755000000000000071e+01	1.023542117433057369e-01
1.756666666666666643e+01	-3.437717626173750901e-02
1.758333333333333570e+01	-8.762811863095483229e-04
1.760000000000000142e+01	3.829567378233849598e-04
1.761666666666666714e+01	4.458951604669907087e-02
1.763333333333333286e+01	7.291859678671513967e-02
1.764999999999999858e+01	-6.118064457075270829e-02
1.766666666666666785e+01	5.422789487370918010e-02
1.768333333333333357e+01	-1.764459393481761923e-02
1.769999999999999929e+01	5.435911002011081794e-02
1.771666666666666501e+01	-3.748308790061936902e-02
1.773333333333333428e+01	8.103101271356076205e-03
1.775000000000000000e+01	6.094014935095521876e-03
1.776666666666666572e+01	-4.749323057184509644e-02
1.778333333333333144e+01	-3.659633685172365009e-02
1.780000000000000071e+01	2.786111555383853633e-02
1.781666666666666998e+01	-1.668875322631389879e-02
1.783333333333333570e+01	-5.267437293581267617e-03
1.785000000000000142e+01	-5.391715729434001098e-02
1.786666666666666714e+01	-2.255457537546938507e-02
1.788333333333333286e+01	-2.146655253896382134e-02
1.790000000000000213e+01	-3.549424100998865156e-02
1.791666666666666785e+01	1.010363651092260201e-02
1.793333333333333357e+01	5.488141243312150142e-03
1.794999999999999929e+01	1.916714645978082054e-02
1.796666666666666856e+01	1.604252099921472940e-02
1.798333333333333428e+01	-2.321243507372346138e-02
1.800000000000000000e+01	-4.689164866540072862e-02
1.801666666666666572e+01	-3.885988902292174252e-02
1.803333333333333144e+01	-1.183119123244481125e-02
1.805000000000000071e+01	-3.722254071209059843e-03
1.806666666666666643e+01	-3.944877091072563485e-02
1.808333333333333215e+01	6.381527803197681661e-03
1.809999999999999787e+01	-2.023602513156495461e-02
1.811666666666666714e+01	4.861074340380201753e-02
1.813333333333333641e+01	5.166814455430900066e-02
1.815000000000000213e+01	-2.943462432338481843e-03
1.816666666666666785e+01	-7.071761972317607697e-03
1.818333333333333357e+01	3.393115339563808341e-02
1.820000000000000284e+01	-2.757846707037013914e-02
1.821666666666666856e+01	3.856949968683510976e-02
1.823333333333333428e+01	4.124521219204253797e-02
1.825000000000000000e+01	-2.345087564525364168e-02
1.826666666666666572e+01	2.342693966466822750e-02
1.828333333333333499e+01	4.346871479042296177e-02
1.830000000000000071e+01	6.082484049928048309e-02
1.831666666666666643e+01	-1.688559999142586268e-02
1.833333333333333215e+01	-1.680320064580800160e-02
1.834999999999999787e+01	3.159714511303988831e-03
1.836666666666666714e+01	-2.134209255871739180e-02
1.838333333333333286e+01	-3.686198833811566572e-02
1.839999999999999858e+01	-1.322595528031679166e-02
1.841666666666666430e+01	-1.304504412764878087e-02
1.843333333333333357e+01	-1.102485882869848896e-03
1.845000000000000284e+01	-1.323080171415926161e-02
1.846666666666666856e+01	-8.205282672023977986e-02
1.848333333333333428e+01	8.599816797540977414e-03
1.850000000000000000e+01	-6.469871274018987317e-02
1.851666666666666927e+01	-2.653334254265527284e-02
1.853333333333333499e+01	-1.921018535306818695e-02
1.855000000000000071e+01	2.698907374784008384e-02
1.856666666666666643e+01	3.782818792465301311e-02
1.858333333333333215e+01	-2.567495400663179217e-03
1.860000000000000142e+01	-1.774614357618405427e-02
1.861666666666666714e+01	3.160220475953229996e-02
1.863333333333333286e+01	-8.605831007169409408e-02
1.864999999999999858e+01	3.297442260755156090e-02
1.866666666666666785e+01	2.430990936549980858e-02
1.868333333333333357e+01	8.551742704412220591e-03
1.869999999999999929e+01	2.786266529051276489e-02
1.871666666666666501e+01	1.676382107171663777e-02
1.873333333333333073e+01	-6.160692537113494904e-02
1.875000000000000000e+01	4.115874197013635709e-03
1.876666666666666927e+01	1.209511911840641628e-02
1.878333333333333499e+01	-2.835409447507741820e-02
1.880000000000000071e+01	-6.127532925066467295e-02
1.881666666666666643e+01	3.351744838811665517e-02
1.883333333333333570e+01	-1.127697131096028725e-02
1.885000000000000142e+01	-2.881134135486522474e-02
1.886666666666666714e+01	-9.833058662342518061e-03
1.888333333333333286e+01	3.380584072264313650e-02
1.890000000000000213e+01	2.510904332853130909e-03
1.891666666666666785e+01	1.400922723359069103e-02
1.893333333333333357e+01	-3.235812783528403680e-02
1.894999999999999929e+01	2.370075525970379363e-02
1.896666666666666501e+01	-2.079050275249274410e-02
1.898333333333333428e+01	9.218689528114144827e-03
1.900000000000000000e+01	-1.061458552491086060e-02
1.901666666666666572e+01	-3.776283705147622655e-02
1.903333333333333144e+01	-2.281440212969168893e-02
1.904999999999999716e+01	6.087279660148748293e-03
1.906666666666666643e+01	5.775983665159001822e-03
1.908333333333333570e+01	4.337917527921596877e-02
1.910000000000000142e+01	-2.089554092966476248e-02
1.911666666666666714e+01	-1.423844013270342268e-02
1.913333333333333641e+01	-4.997506169919260603e-03
1.915000000000000213e+01	2.401789554064897789e-02
1.916666666666666785e+01	7.231749592688641211e-03
1.918333333333333357e+01	5.088966458725118630e-02
1.919999999999999929e+01	-5.048699054730226149e-02
1.921666666666666856e+01	-9.338380355281665490e-03
1.923333333333333428e+01	-1.631164771296361379e-02
1.925000000000000000e+01	2.969588394402637374e-02
1.926666666666666572e+01	-3.122439662362867102e-03
1.928333333333333144e+01	-1.731910774038067369e-02
1.930000000000000071e+01	-3.169484532606492433e-02
1.931666666666666643e+01	-2.560523350258139125e-02
1.933333333333333215e+01	-7.105228355783210076e-03
1.934999999999999787e+01	-1.357053463151680107e-02
1.936666666666666714e+01	-1.858165184759609512e-02
1.938333333333333641e+01	2.138108095601907663e-02
1.940000000000000213e+01	-1.616242734286134353e-02
1.941666666666666785e+01	9.338767111776113961e-02
1.943333333333333357e+01	-8.902705923243048325e-03
1.945000000000000284e+01	4.653567823977847705e-03
1.946666666666666856e+01	9.266441466103149394e-02
1.948333333333333428e+01	1.648195811915070461e-02
1.950000000000000000e+01	-3.512089190709438008e-02
1.951666666666666572e+01	-2.554529176867902096e-02
1.953333333333333499e+01	2.435478878210128525e-02
1.955000000000000071e+01	6.198542625873351870e-03
1.956666666666666643e+01	-2.064839364952499035e-02
1.958333333333333215e+01	9.812904414227474267e-03
1.960000000000000142e+01	-4.116734443709425123e-02
1.961666666666666714e+01	-4.558060886492482089e-02
1.963333333333333286e+01	1.302097908765650208e-02
1.964999999999999858e+01	1.493485508296533027e-03
1.966666666666666430e+01	-2.491270952097768862e-04
1.968333333333333357e+01	4.698399367376877855e-02
1.970000000000000284e+01	4.150360996263700625e-04
1.971666666666666856e+01	2.769481766490981475e-02
1.973333333333333428e+01	-6.610822857940534814e-02
1.975000000000000000e+01	-2.891102516658640084e-02
1.976666666666666927e+01	7.537058783747299824e-03
1.978333333333333499e+01	-1.024391458626641195e-02
1.980000000000000071e+01	7.949820581628340432e-02
1.981666666666666643e+01	1.765241710724390137e-02
1.983333333333333570e+01	5.259175639380461037e-02
1.985000000000000142e+01	1.965343016016141142e-02
1.986666666666666714e+01	1.014350462132467337e-02
1.988333333333333286e+01	-4.990691365967803161e-05
1.989999999999999858e+01	-2.624189106792722617e-02
1.991666666666666785e+01	1.088647888590343026e-02
1.993333333333333357e+01	-2.767346743100173451e-02
1.994999999999999929e+01	-3.677562053575061593e-03
1.996666666666666501e+01	-2.830338627135078888e-02
1.998333333333333073e+01	4.670683840204370441e-02
2.000000000000000000e+01	3.630388048278218680e-03
2.001666666666666927e+01	-3.920339139066309473e-04
2.003333333333333499e+01	-7.265976654618576738e-03
2.005000000000000071e+01	-2.368669622184439716e-02
2.006666666666666643e+01	-2.750899375461689743e-03
2.008333333333333570e+01	3.092366548269957077e-02
2.010000000000000142e+01	3.662299277457722879e-02
2.011666666666666714e+01	1.284345038541858178e-02
2.013333333333333286e+01	-1.312613970195631447e-02
2.015000000000000213e+01	4.050925250035468383e-03
2.016666666666666785e+01	-4.492997947654749080e-02
2.018333333333333357e+01	5.263635223765848054e-02
2.019999999999999929e+01	3.963730692820243567e-02
2.021666666666666501e+01	1.154523660971834391e-02
2.023333333333333428e+01	-5.444795386049477298e-02
2.025000000000000000e+01	-1.229342374827805708e-02
2.026666666666666572e+01	9.079084541800395633e-03
2.028333333333333144e+01	2.732209450706313270e-02
2.029999999999999716e+01	-2.804880481251981195e-02
2.031666666666666643e+01	-1.426480272601055900e-02
2.033333333333333570e+01	-2.403187823904639336e-02
2.035000000000000142e+01	1.836201940264409541e-02
2.036666666666666714e+01	-1.043081366028906012e-02
2.038333333333333641e+01	-3.160767097875280540e-02
2.040000000000000213e+01	-1.271693784541644626e-02
2.041666666666666785e+01	-6.307905836781860232e-02
2.043333333333333357e+01	6.345014219257578969e-02
2.044999999999999929e+01	-3.033349883896942212e-02
2.046666666666666856e+01	6.880189394145764734e-03
2.048333333333333428e+01	8.731352273789638740e-02
2.050000000000000000e+01	1.171427558281819964e-02
2.051666666666666572e+01	-3.338429138484494407e-02
2.053333333333333144e+01	-1.151935888940766595e-02
2.055000000000000071e+01	-1.590904022619475666e-02
2.056666666666666643e+01	-1.326448688789371583e-02
2.058333333333333215e+01	3.940498697578065368e-02
2.059999999999999787e+01	-2.487281656998661591e-02
2.061666666666666714e+01	-2.760015442686666529e-02
2.063333333333333286e+01	-1.816827507988463472e-02
2.065000000000000213e+01	-2.042667940441052557e-02
2.066666666666666785e+01	3.852969584205487297e-02
2.068333333333333357e+01	-9.871741114320082763e-03
2.070000000000000284e+01	5.670026001297443635e-02
2.071666666666666856e+01	-6.088176526291492335e-02
2.073333333333333428e+01	3.584068642072036487e-02
2.075000000000000000e+01	9.421078790757000943e-03
2.076666666666666572e+01	-2.188217109004683691e-02
2.078333333333333499e+01	-3.839623519250236899e-02
2.080000000000000071e+01	7.660183434336631514e-02
2.081666666666666643e+01	-1.724697934202792937e-02
2.083333333333333215e+01	-4.280605129600200190e-03
2.085000000000000142e+01	1.910000596871606199e-02
2.086666666666666714e+01	3.838821642289102359e-02
2.088333333333333286e+01	-6.939409588750723723e-02
2.089999999999999858e+01	1.440876517586554308e-02
2.091666666666666430e+01	1.887260427301907378e-02
2.093333333333333357e+01	-2.752486723449354411e-02
2.094999999999999929e+01	-2.482933476908476961e-02
2.096666666666666856e+01	5.149030742406327660e-02
2.098333333333333428e+01	-5.117041184049541357e-03
2.100000000000000000e+01	-3.588178311923789776e-02
2.101666666666666927e+01	2.970225017968456879e-02
2.103333333333333499e+01	1.740758732123972793e-02
2.105000000000000071e+01	-3.469496559502917993e-02
2.106666666666666643e+01	1.534062207250107800e-02
2.108333333333333570e+01	7.326812079354087792e-02
2.110000000000000142e+01	-7.484806877914289280e-02
2.111666666666666714e+01	-8.291790065444976749e-04
2.113333333333333286e+01	-1.737053187798475243e-02
2.114999999999999858e+01	-4.620554890146017640e-02
2.116666666666666785e+01	6.884460285006348268e-02
2.118333333333333357e+01	4.955626451589104087e-02
2.119999999999999929e+01	-4.637745410122743467e-02
2.121666666666666501e+01	-3.374136741672392054e-02
2.123333333333333073e+01	5.203199201847699684e-02
2.125000000000000000e+01	-2.109828980635000337e-02
2.126666666666666572e+01	-2.618136829927930273e-02
2.128333333333333499e+01	-1.839096797012289633e-02
2.130000000000000071e+01	8.106891106293363791e-02
2.131666666666666998e+01	-9.261340455020148146e-03
2.133333333333333570e+01	4.326667814712541194e-02
2.135000000000000142e+01	-2.757172130134808233e-02
2.136666666666666714e+01	-2.616797704183164083e-02
2.138333333333333286e+01	1.007867655544797056e-02
2.140000000000000213e+01	4.611690721558868444e-02
2.141666666666666785e+01	2.772312468766805187e-03
2.143333333333333357e+01	4.648306926168860320e-02
2.144999999999999929e+01	2.179323600682687989e-02
2.146666666666666501e+01	-7.561134432371660608e-02
2.148333333333333428e+01	-3.746961721089108605e-02
2.150000000000000000e+01	-7.368602893327433345e-02
2.151666666666666572e+01	5.575926005891843756e-02
2.153333333333333144e+01	6.159720930283604096e-03
2.155000000000000071e+01	-1.633084226675082492e-03
2.156666666666666643e+01	-8.927327315465964641e-03
2.158333333333333570e+01	1.612816817626785623e-02
2.160000000000000142e+01	-9.515871614584964916e-03
2.161666666666666714e+01	-2.658554733757928154e-02
2.163333333333333641e+01	5.276739488304281467e-03
2.165000000000000213e+01	-1.099178385357404454e-02
2.166666666666666785e+01	-2.554364112233964076e-02
2.168333333333333357e+01	1.625330381250163908e-02
2.169999999999999929e+01	1.255861053690378835e-02
2.171666666666666856e+01	-1.072845177924969251e-02
2.173333333333333428e+01	-1.633098464135566280e-02
2.175000000000000000e+01	-2.030690235494157087e-02
2.176666666666666572e+01	-8.089025894337638356e-03
2.178333333333333499e+01	3.809934956573863413e-02
2.180000000000000071e+01	-3.825434455388217886e-02
2.181666666666666643e+01	3.914398898497412765e-02
2.183333333333333215e+01	7.510403181553199081e-02
2.184999999999999787e+01	-4.067072037179864791e-02
2.186666666666666714e+01	-5.796413695742969052e-02
2.188333333333333286e+01	-4.701732326610058577e-03
2.190000000000000213e+01	-4.349834762065041271e-02
2.191666666666666785e+01	1.405744683904070272e-02
2.193333333333333357e+01	-6.544426745185376315e-02
2.195000000000000284e+01	1.588112205465366800e-02
2.196666666666666856e+01	-1.432746054472435610e-02
2.198333333333333428e+01	-1.754749236584768335e-02
2.200000000000000000e+01	8.854307473460014746e-03
2.201666666666666927e+01	-1.141915021811888004e-02
2.203333333333333499e+01	-9.130284491377387360e-03
2.205000000000000071e+01	1.680620972568989957e-02
2.206666666666666643e+01	2.749855590531336338e-02
2.208333333333333215e+01	6.634526286032772086e-03
2.210000000000000142e+01	-6.558607806097255938e-03
2.211666666666666714e+01	9.308968200083211214e-03
2.213333333333333286e+01	-4.857167615650779396e-03
2.214999999999999858e+01	1.435080714079697145e-02
2.216666666666666430e+01	-5.693741197835851253e-02
2.218333333333333357e+01	-5.417175960310636335e-02
2.219999999999999929e+01	2.553139762899970730e-02
2.221666666666666856e+01	-7.656105760533714853e-03
2.223333333333333428e+01	5.265476269347634311e-03
2.225000000000000355e+01	5.788994162999247517e-02
2.226666666666666927e+01	-1.815422522169210170e-02
2.228333333333333499e+01	3.536852197947065735e-02
2.230000000000000071e+01	2.571786816516405047e-02
2.231666666666666643e+01	-6.645001052026053810e-03
2.233333333333333570e+01	1.091265777879882326e-02
2.235000000000000142e+01	-7.611334328416245569e-03
2.236666666666666714e+01	6.961687288414253327e-02
2.238333333333333286e+01	1.480419838060500343e-02
2.239999999999999858e+01	5.394021070048808479e-03
2.241666666666666785e+01	1.234516838722894173e-02
2.243333333333333357e+01	-1.491159214104420712e-02
2.244999999999999929e+01	-3.953165440620418081e-02
2.246666666666666501e+01	9.355486538914856848e-03
2.248333333333333428e+01	1.994753988177875442e-02
2.250000000000000000e+01	6.581972773847647590e-03
2.251666666666666572e+01	2.754781853383248338e-02
2.253333333333333499e+01	-3.479212822473296690e-02
2.255000000000000071e+01	5.794663981941397535e-02
2.256666666666666998e+01	-3.559922717920455115e-02
2.258333333333333570e+01	4.053420672655502072e-02
2.260000000000000142e+01	1.002928274372322376e-01
2.261666666666666714e+01	4.640684988659637619e-03
2.263333333333333286e+01	9.369394475416945901e-04
2.265000000000000213e+01	-2.891917807863954651e-02
2.266666666666666785e+01	6.163154657382841767e-02
2.268333333333333357e+01	1.326219266675473032e-02
2.269999999999999929e+01	-2.606842393149389620e-02
2.271666666666666856e+01	3.857854053754011196e-03
2.273333333333333428e+01	2.350293571150774072e-02
2.275000000000000000e+01	-1.615063321437292670e-02
2.276666666666666572e+01	-2.454898555036713961e-02
2.278333333333333144e+01	-2.807493436432891704e-02
2.280000000000000071e+01	1.120352693042337734e-02
2.281666666666666643e+01	-6.206365066865029284e-03
2.283333333333333215e+01	-3.386666053455315156e-02
2.285000000000000142e+01	2.316377890733621950e-02
2.286666666666666714e+01	2.416112805227647355e-03
2.288333333333333641e+01	-6.036090323015217037e-03
2.290000000000000213e+01	-9.852122153707272220e-03
2.291666666666666785e+01	4.304213001813791267e-02
2.293333333333333357e+01	3.962067936748555480e-02
2.294999999999999929e+01	-3.594081466896982546e-02
2.296666666666666856e+01	-1.240132458471170096e-02
2.298333333333333428e+01	-1.994816820236995983e-02
2.300000000000000000e+01	-4.159427183554843810e-02
2.301666666666666572e+01	1.833580960984241420e-03
2.303333333333333499e+01	-3.413942328301331625e-02
2.305000000000000071e+01	-7.120939600599572594e-02
2.306666666666666643e+01	-1.340378912654618254e-02
2.308333333333333215e+01	-3.201302357092782047e-02
2.309999999999999787e+01	-1.597688581239678843e-02
2.311666666666666714e+01	-1.841952705558200232e-02
2.313333333333333286e+01	3.535266658746828716e-02
2.314999999999999858e+01	-3.115630378872676076e-02
2.316666666666666785e+01	3.747326599943149456e-02
2.318333333333333357e+01	2.344560161259670941e-02
2.320000000000000284e+01	3.038727083690411293e-02
2.321666666666666856e+01	-6.886312427398740867e-03
2.323333333333333428e+01	-5.865496129013238885e-03
2.325000000000000000e+01	-7.799758549822691234e-02
2.326666666666666927e+01	3.990277311026913833e-03
2.328333333333333499e+01	-1.379427928707070011e-02
2.330000000000000071e+01	3.892891723670236642e-02
2.331666666666666643e+01	2.241727222585393128e-02
2.333333333333333215e+01	2.247260905502308434e-02
2.335000000000000142e+01	-2.124025245483803642e-02
2.336666666666666714e+01	2.644570401732712975e-02
2.338333333333333286e+01	-2.118457441318627454e-02
2.339999999999999858e+01	2.354788974538136667e-02
2.341666666666666430e+01	-1.583262848134980860e-03
2.343333333333333357e+01	-2.344256735476784453e-02
2.344999999999999929e+01	2.525920311172533822e-02
2.346666666666666501e+01	4.675768231191979908e-03
2.348333333333333428e+01	1.381860956430719205e-02
2.350000000000000355e+01	-3.547134694034718982e-02
2.351666666666666927e+01	-2.386853512560077953e-02
2.353333333333333499e+01	-1.262814403168785286e-02
2.355000000000000071e+01	1.799669955820625694e-02
2.356666666666666643e+01	-9.659898645391852903e-03
2.358333333333333570e+01	1.156589392012697011e-03
2.360000000000000142e+01	5.740000314981034274e-02
2.361666666666666714e+01	-1.492979009611606483e-02
2.363333333333333286e+01	-3.764247332881807961e-02
2.364999999999999858e+01	-1.476115338148927848e-02
2.366666666666666785e+01	2.353333437871155814e-02
2.368333333333333357e+01	6.084083696005111730e-03
2.369999999999999929e+01	-3.039724173572770985e-02
2.371666666666666501e+01	2.921049117428476186e-02
2.373333333333333428e+01	-8.855703051915086955e-04
2.375000000000000000e+01	5.264837054263780264e-02
2.376666666666666572e+01	4.002703680260694119e-02
2.378333333333333144e+01	9.559951033522759781e-03
2.380000000000000071e+01	4.389479812427204974e-02
2.381666666666666998e+01	-1.128277601645543207e-02
2.383333333333333570e+01	2.273307285462124877e-02
2.385000000000000142e+01	2.390014621234974254e-03
2.386666666666666714e+01	3.549209483107132468e-02
2.388333333333333286e+01	1.162254033710440580e-02
2.390000000000000213e+01	1.974283266244685614e-02
2.391666666666666785e+01	-5.832467475899820453e-02
2.393333333333333357e+01	-3.292808793441340254e-02
2.394999999999999929e+01	2.862445154699325492e-02
2.396666666666666856e+01	8.337923426361682627e-03
2.398333333333333428e+01	1.982981154415002986e-02
2.400000000000000000e+01	7.261398037581199942e-03
2.401666666666666572e+01	6.094286523435972491e-02
2.403333333333333144e+01	2.756734970171623167e-02
2.405000000000000071e+01	-5.376194242897701370e-02
2.406666666666666643e+01	1.694947710491646539e-02
2.408333333333333215e+01	3.627302007596046318e-02
2.410000000000000142e+01	3.657562522393235926e-02
2.411666666666666714e+01	-4.481627082277930135e-02
2.413333333333333641e+01	7.387743508469923719e-03
2.415000000000000213e+01	4.574855230164369402e-02
2.416666666666666785e+01	7.256369973590351928e-03
2.418333333333333357e+01	-3.558715995217062722e-02
2.420000000000000284e+01	-6.785974537021456122e-03
2.421666666666666856e+01	3.198904714242320479e-02
2.423333333333333428e+01	1.779949227902846015e-02
2.425000000000000000e+01	2.485740743472852898e-02
2.426666666666666572e+01	-3.257999475683995283e-02
2.428333333333333499e+01	-4.469022369912072773e-02
2.430000000000000071e+01	-5.786312929734186566e-02
2.431666666666666643e+01	1.605311680191066903e-02
2.433333333333333215e+01	-3.546446546193804394e-02
2.434999999999999787e+01	-1.183273762872997029e-02
2.436666666666666714e+01	2.279671273586162880e-02
2.438333333333333286e+01	1.058053792255058204e-02
2.439999999999999858e+01	-8.131839135748120118e-02
2.441666666666666785e+01	3.785187464229366333e-02
2.443333333333333712e+01	3.375462397836337392e-02
2.445000000000000284e+01	9.698217188897486490e-03
2.446666666666666856e+01	1.318617350374188049e-02
2.448333333333333428e+01	-3.001888085495317202e-02
2.450000000000000000e+01	-3.246287199983071553e-02
2.451666666666666927e+01	-1.017616584838545828e-02
2.453333333333333499e+01	1.037105710402206060e-01
2.455000000000000071e+01	-2.436366380811249427e-02
2.456666666666666643e+01	1.319016640549371469e-02
2.458333333333333215e+01	-2.800707260327732137e-02
2.460000000000000142e+01	8.515824177454408769e-03
2.461666666666666714e+01	-3.526752546924735721e-02
2.463333333333333286e+01	4.550050630797788931e-02
2.464999999999999858e+01	-4.368610742259234313e-03
2.466666666666666785e+01	4.823304780992996449e-02
2.468333333333333357e+01	-4.415225627738143311e-04
2.469999999999999929e+01	6.104922553829673915e-02
2.471666666666666501e+01	8.057266549279125389e-02
2.473333333333333428e+01	1.103471116919859350e-02
2.475000000000000355e+01	-3.485658422012937602e-02
2.476666666666666927e+01	-1.516725441737499895e-02
2.478333333333333499e+01	-9.789939688682957122e-03
2.480000000000000071e+01	-1.561320030069351592e-02
2.481666666666666643e+01	1.227672467032099764e-02
2.483333333333333570e+01	-2.423118135660776509e-02
2.485000000000000142e+01	-1.106762703884691355e-02
2.486666666666666714e+01	1.247095836409575775e-02
2.488333333333333286e+01	-2.943214614730947642e-02
2.490000000000000213e+01	-3.527045062120522795e-02
2.491666666666666785e+01	8.571606260597308333e-03
2.493333333333333357e+01	2.967028375129538223e-02
2.494999999999999929e+01	-4.746447131154080817e-02
2.496666666666666501e+01	-2.004702588685888364e-03
2.498333333333333428e+01	-6.690349842201849528e-02
2.500000000000000000e+01	1.954170849623784040e-02
2.501666666666666572e+01	2.425042302130995392e-02
2.503333333333333144e+01	-4.132577922289734640e-02
2.505000000000000071e+01	-5.682558716442776513e-03
2.506666666666666998e+01	-2.621221530596384158e-02
2.508333333333333570e+01	-3.619901357326715113e-02
2.510000000000000142e+01	3.078272040686556073e-03
2.511666666666666714e+01	-6.339324122146625107e-02
2.513333333333333641e+01	2.824375401658044821e-02
2.515000000000000213e+01	5.966446248859823276e-02
2.516666666666666785e+01	8.451767365900085191e-03
2.518333333333333357e+01	-6.636901334220560167e-02
2.519999999999999929e+01	-3.569903944855433442e-02
2.521666666666666856e+01	-6.229569557626275789e-03
2.523333333333333428e+01	1.968362292446974859e-02
2.525000000000000000e+01	-1.686498178144204413e-02
2.526666666666666572e+01	-2.009554744139781246e-02
2.528333333333333144e+01	9.606681564002226593e-04
2.530000000000000071e+01	-2.165778982208715203e-02
2.531666666666666643e+01	4.725618275754292670e-03
2.533333333333333215e+01	-1.194328379749293179e-02
2.534999999999999787e+01	4.601091342260179434e-02
2.536666666666666714e+01	1.306173028184345192e-02
2.538333333333333641e+01	-4.845912680072817641e-02
2.540000000000000213e+01	7.671474157822678885e-02
2.541666666666666785e+01	2.809527814101426060e-02
2.543333333333333357e+01	1.894492760047796973e-02
2.545000000000000284e+01	-9.358261831450803269e-04
2.546666666666666856e+01	2.588036952893979850e-02
2.548333333333333428e+01	-1.066384485624749349e-02
2.550000000000000000e+01	4.046818419692264912e-02
2.551666666666666572e+01	3.580343970232412881e-02
2.553333333333333499e+01	3.388965866822855541e-03
2.555000000000000071e+01	-2.881805209589079902e-02
2.556666666666666643e+01	2.849387279506102391e-02
2.558333333333333215e+01	-1.163227835438755686e-02
2.559999999999999787e+01	4.622111403794072759e-02
2.561666666666666714e+01	6.962642118397876362e-03
2.563333333333333286e+01	-5.127515351120335435e-02
2.564999999999999858e+01	-2.299394084491763676e-02
2.566666666666666430e+01	-3.728899830549039368e-02
2.568333333333333357e+01	1.324177955694536869e-02
2.570000000000000284e+01	-3.551387989989376187e-02
2.571666666666666856e+01	-7.896974380490361101e-02
2.573333333333333428e+01	-3.341501231623813378e-02
2.575000000000000000e+01	-7.967591686529277434e-03
2.576666666666666927e+01	-1.775763538533025113e-02
2.578333333333333499e+01	-1.176407169312344327e-02
2.580000000000000071e+01	-7.406042320188604630e-03
2.581666666666666643e+01	-6.344444374906155031e-03
2.583333333333333215e+01	3.766848935130808623e-02
2.585000000000000142e+01	-6.292836109875270256e-02
2.586666666666666714e+01	4.764877934637135048e-02
2.588333333333333286e+01	4.656447807098496733e-03
2.589999999999999858e+01	-2.857465682458420943e-03
2.591666666666666785e+01	3.591703042003072804e-02
2.593333333333333357e+01	3.180983499364534867e-02
2.594999999999999929e+01	5.452774541552445758e-02
2.596666666666666501e+01	3.489681063151944731e-03
2.598333333333333073e+01	-4.263146040601892284e-02
2.600000000000000355e+01	7.340127835510881944e-03
2.601666666666666927e+01	1.616452306588494342e-02
2.603333333333333499e+01	1.014199759456072270e-01
2.605000000000000071e+01	2.316271817557740212e-02
2.606666666666666643e+01	1.003333206777930753e-01
2.608333333333333570e+01	-8.111642173056156369e-02
2.610000000000000142e+01	9.509772504291214359e-03
2.611666666666666714e+01	-5.397632363002701633e-02
2.613333333333333286e+01	2.813525814378444595e-02
2.615000000000000213e+01	-1.401453883244796299e-03
2.616666666666666785e+01	8.948194817234991078e-03
2.618333333333333357e+01	1.884069126033376378e-03
2.619999999999999929e+01	5.769422418074984793e-02
2.621666666666666501e+01	-6.078183872640484202e-03
2.623333333333333428e+01	1.852640496193567327e-02
2.625000000000000000e+01	2.785253066375925970e-02
2.626666666666666572e+01	3.303617755123113009e-02
2.628333333333333144e+01	3.858571221091344067e-02
2.629999999999999716e+01	5.559666842089512617e-02
2.631666666666666998e+01	3.415475992838035851e-02
2.633333333333333570e+01	5.966725536386509321e-02
2.635000000000000142e+01	7.374081332731831362e-02
2.636666666666666714e+01	-6.619557706336615110e-02
2.638333333333333641e+01	3.031725597464107747e-02
2.640000000000000213e+01	-3.756893379400826766e-02
2.641666666666666785e+01	1.746876385371103416e-02
2.643333333333333357e+01	2.169806421097373803e-02
2.644999999999999929e+01	-3.372913908212270273e-02
2.646666666666666856e+01	-2.306145521398461629e-02
2.648333333333333428e+01	-2.913246517003554442e-02
2.650000000000000000e+01	-4.114236053293180567e-02
2.651666666666666572e+01	-7.404269770778607040e-02
2.653333333333333144e+01	2.413106427884275859e-02
2.655000000000000071e+01	-5.744426838265893204e-02
2.656666666666666643e+01	6.697268967917287263e-02
2.658333333333333215e+01	-5.895155274154021546e-03
2.659999999999999787e+01	-3.761415922624541160e-03
2.661666666666666714e+01	5.798796826823322814e-02
2.663333333333333641e+01	-3.445656960690603177e-02
2.665000000000000213e+01	-4.543627141436277356e-03
2.666666666666666785e+01	4.820195238459103887e-02
2.668333333333333357e+01	-3.678346437624797904e-02
2.670000000000000284e+01	1.372990789747700544e-02
2.671666666666666856e+01	7.966045510299417029e-03
2.673333333333333428e+01	-4.192510283998880649e-02
2.675000000000000000e+01	-2.787558310463401912e-02
