Time_us	Received_Shear
0.000000000000000000e+00	-7.935265751161153791e-02
1.666666666666666644e-02	5.516710831041193863e-02
3.333333333333333287e-02	-2.044478102336765024e-02
4.999999999999999584e-02	-2.841914796917850705e-02
6.666666666666666574e-02	-9.043073071676069330e-02
8.333333333333334259e-02	-9.845077260494521088e-02
9.999999999999999167e-02	-3.486868606261372266e-02
1.166666666666666685e-01	-4.965923239613681539e-02
1.333333333333333315e-01	1.242924764627660328e-01
1.499999999999999944e-01	5.868582229941571304e-02
1.666666666666666852e-01	2.270855033447461424e-01
1.833333333333333204e-01	2.305536110558065177e-01
1.999999999999999833e-01	1.885343859578710590e-01
2.166666666666666741e-01	1.450021859449552586e-01
2.333333333333333370e-01	-2.827468974457288814e-03
2.500000000000000000e-01	-5.683804611378100863e-02
2.666666666666666630e-01	-1.798204972323810547e-01
2.833333333333333814e-01	-2.023512600049222621e-01
2.999999999999999889e-01	-1.714589701493249296e-01
3.166666666666666519e-01	-2.000975165722716498e-01
3.333333333333333703e-01	-1.007675343186349715e-01
3.499999999999999778e-01	-2.858840482862708837e-02
3.666666666666666408e-01	1.570030114540011540e-02
3.833333333333333592e-01	1.214731172211291343e-01
3.999999999999999667e-01	1.750888989192624923e-01
4.166666666666666852e-01	1.547665465883241720e-01
4.333333333333333481e-01	3.176144256892733664e-02
4.500000000000000111e-01	6.096983899461817097e-02
4.666666666666666741e-01	8.942972879637790112e-03
4.833333333333332815e-01	-8.580871454640988383e-03
5.000000000000000000e-01	-3.448263540369174429e-02
5.166666666666666075e-01	-5.042296516831663855e-02
5.333333333333333259e-01	-9.236533277232912564e-02
5.500000000000000444e-01	-1.728880430334361895e-02
5.666666666666667629e-01	-5.577954047288015416e-02
5.833333333333333703e-01	-3.942213174524755032e-02
5.999999999999999778e-01	-1.221007194707041457e-02
6.166666666666666963e-01	4.518657361945177531e-04
6.333333333333333037e-01	2.634541685143092574e-02
6.500000000000000222e-01	4.759730244230066243e-02
6.666666666666667407e-01	6.227330598633569470e-02
6.833333333333333481e-01	3.044606727582171296e-02
6.999999999999999556e-01	2.645875724185432071e-02
7.166666666666666741e-01	-1.015941277572851402e-02
7.333333333333332815e-01	2.789489824087120623e-03
7.500000000000000000e-01	-6.430048636661880868e-02
7.666666666666667185e-01	-2.638177723323230361e-02
7.833333333333334370e-01	-5.265455431134430375e-02
7.999999999999999334e-01	-1.924761306995419544e-02
8.166666666666666519e-01	-7.240084967979204533e-03
8.333333333333333703e-01	2.475181357596712567e-02
8.499999999999999778e-01	-5.408729876185128238e-02
8.666666666666666963e-01	2.444172327437700576e-02
8.833333333333334147e-01	9.390283981489788018e-03
9.000000000000000222e-01	-1.805692612811783324e-02
9.166666666666666297e-01	-2.264846197419874418e-02
9.333333333333333481e-01	-6.699023829392845332e-03
9.499999999999999556e-01	-2.886033452627609699e-02
9.666666666666665630e-01	-5.041155566075887842e-03
9.833333333333333925e-01	2.465682653266863811e-02
1.000000000000000000e+00	2.037078881828299076e-03
1.016666666666666829e+00	4.260092763124551790e-02
1.033333333333333215e+00	5.746124018487228785e-02
1.050000000000000044e+00	9.788159348433680615e-03
1.066666666666666652e+00	-2.080246593599445817e-02
1.083333333333333259e+00	2.934277729891103526e-02
1.100000000000000089e+00	3.139875986694054544e-02
1.116666666666666696e+00	2.709258735507829099e-02
1.133333333333333526e+00	1.622477155230832085e-03
1.149999999999999911e+00	6.888890395977817320e-03
1.166666666666666741e+00	7.822956190352026162e-02
1.183333333333333348e+00	4.774823965835982981e-02
1.199999999999999956e+00	-3.697009573136263161e-02
1.216666666666666785e+00	-2.984731659631840051e-03
1.233333333333333393e+00	1.434505007281136613e-02
1.250000000000000000e+00	-1.854231364344974611e-02
1.266666666666666607e+00	1.993631449975580283e-02
1.283333333333333215e+00	5.115190602837311334e-02
1.300000000000000044e+00	-2.660279643559162327e-02
1.316666666666666652e+00	-3.238394543522588737e-02
1.333333333333333481e+00	2.668338542630625029e-03
1.350000000000000089e+00	3.777525261772151505e-02
1.366666666666666696e+00	1.430494936800149816e-02
1.383333333333333304e+00	6.146375778931012501e-02
1.399999999999999911e+00	-2.428706578764169063e-03
1.416666666666666741e+00	2.270565630696216863e-02
1.433333333333333348e+00	4.226122895678734864e-02
1.450000000000000178e+00	3.121304713401294728e-02
1.466666666666666563e+00	7.286287332869026412e-03
1.483333333333333393e+00	-3.616288293883717503e-02
1.500000000000000000e+00	-7.376111861072351394e-02
1.516666666666666607e+00	-3.742279272772050525e-02
1.533333333333333437e+00	-3.545196938409137660e-02
1.550000000000000044e+00	-1.969758001764211446e-03
1.566666666666666874e+00	9.563026697394607853e-03
1.583333333333333259e+00	7.953487866117336241e-04
1.599999999999999867e+00	4.869294712663687491e-02
1.616666666666666696e+00	3.755784448786105012e-02
1.633333333333333304e+00	-1.619648338648489033e-02
1.650000000000000133e+00	-3.892297847205464928e-02
1.666666666666666741e+00	-3.853287005750049427e-02
1.683333333333333348e+00	5.063401415654551763e-02
1.699999999999999956e+00	-1.260748360516170639e-02
1.716666666666666563e+00	1.088974962630578913e-02
1.733333333333333393e+00	3.212672373732311515e-02
1.750000000000000000e+00	4.349560095448789208e-03
1.766666666666666829e+00	-7.286703364146318584e-02
1.783333333333333437e+00	-3.531909846009562842e-02
1.800000000000000044e+00	-7.769544734524795604e-02
1.816666666666666652e+00	-3.072440046589238610e-02
1.833333333333333259e+00	2.873260764262094979e-02
1.850000000000000089e+00	-3.972642953892377600e-03
1.866666666666666696e+00	-2.184107346313418629e-02
1.883333333333333526e+00	-1.215398819519139008e-02
1.899999999999999911e+00	3.208926347351313130e-02
1.916666666666666741e+00	-9.837876309024001439e-03
1.933333333333333126e+00	2.721927380813455796e-02
1.949999999999999956e+00	-2.499708796686089460e-02
1.966666666666666785e+00	-2.425493286376306096e-02
1.983333333333333615e+00	-1.772337074486697583e-02
2.000000000000000000e+00	-1.060770029391731178e-02
2.016666666666666607e+00	4.689432857888852640e-02
2.033333333333333659e+00	-4.905983773957715149e-02
2.049999999999999822e+00	-2.130013624168256622e-03
2.066666666666666430e+00	-4.260110577555775019e-02
2.083333333333333481e+00	6.709689906461689148e-03
2.100000000000000089e+00	3.226766432367417226e-02
2.116666666666666696e+00	-3.737934545063012481e-02
2.133333333333333304e+00	-4.967672380882994648e-02
2.150000000000000355e+00	2.117330410507019603e-02
2.166666666666666519e+00	2.086830362789810975e-02
2.183333333333333126e+00	-4.772671137610770553e-02
2.200000000000000178e+00	-7.615669064777393082e-02
2.216666666666666785e+00	-1.502627288920863231e-03
2.233333333333333393e+00	9.317244195751712282e-03
2.250000000000000000e+00	-4.819061030343543828e-02
2.266666666666667052e+00	4.139369857728950747e-02
2.283333333333333215e+00	-7.258215739467504743e-03
2.299999999999999822e+00	2.739304713447428437e-03
2.316666666666666874e+00	-1.546683810373604938e-02
2.333333333333333481e+00	9.123911051930412575e-02
2.350000000000000089e+00	-1.221306783711218792e-02
2.366666666666666696e+00	-2.343910640744268671e-03
2.383333333333333304e+00	-1.569715201511279190e-02
2.399999999999999911e+00	3.624882814217987581e-02
2.416666666666666519e+00	4.904582731683232444e-03
2.433333333333333570e+00	-6.003341493663185563e-02
2.450000000000000178e+00	-1.782834819590742303e-02
2.466666666666666785e+00	-5.819145681263875047e-02
2.483333333333333393e+00	2.858805269790534731e-02
2.500000000000000000e+00	2.439200012536019493e-02
2.516666666666666607e+00	-6.034470292505394323e-02
2.533333333333333215e+00	2.345548102664554019e-02
2.550000000000000266e+00	5.040341768761663621e-02
2.566666666666666430e+00	2.234857865906589650e-02
2.583333333333333481e+00	-5.776820500059078045e-02
2.600000000000000089e+00	-3.863427963844863477e-02
2.616666666666666696e+00	-1.146656803606340737e-02
2.633333333333333304e+00	4.086684710931261927e-02
2.649999999999999911e+00	-4.274051729973930153e-02
2.666666666666666963e+00	-8.889682677308548969e-03
2.683333333333333126e+00	-8.200394079475388509e-02
2.700000000000000178e+00	2.471863389706735990e-03
2.716666666666666785e+00	-7.287325366426172270e-03
2.733333333333333393e+00	3.011184269118898429e-02
2.750000000000000000e+00	1.707770068397526306e-02
2.766666666666666607e+00	4.450162728777475561e-03
2.783333333333333659e+00	-3.920861869156573587e-02
2.799999999999999822e+00	-1.441813980538071520e-02
2.816666666666666874e+00	-1.530920627722055782e-02
2.833333333333333481e+00	4.579659081568088794e-04
2.850000000000000089e+00	-5.109769652372306986e-02
2.866666666666666696e+00	-7.460775879404107913e-02
2.883333333333333304e+00	2.477868588628687543e-02
2.900000000000000355e+00	5.507834119605702072e-02
2.916666666666666519e+00	6.622993872411234162e-02
2.933333333333333126e+00	-3.435248208365616895e-02
2.950000000000000178e+00	-5.694878597516014537e-03
2.966666666666666785e+00	2.892408353045424277e-02
2.983333333333333393e+00	-7.905253559631778004e-02
3.000000000000000000e+00	4.857435269193372679e-02
3.016666666666667052e+00	-1.850523265280663160e-02
3.033333333333333215e+00	3.266831355875272208e-02
3.049999999999999822e+00	2.018347535205700441e-02
3.066666666666666874e+00	-2.862494236397289480e-03
3.083333333333333481e+00	2.756673046511685585e-02
3.100000000000000089e+00	-2.362534546377054526e-02
3.116666666666666696e+00	4.071241360088843908e-02
3.133333333333333748e+00	-7.597725250629835947e-02
3.149999999999999911e+00	-6.616911892280689933e-03
3.166666666666666519e+00	-2.818927073483660020e-02
3.183333333333333570e+00	1.025772663089377559e-03
3.199999999999999734e+00	4.750792946784278964e-02
3.216666666666666785e+00	4.062573498450101211e-02
3.233333333333333393e+00	-9.684884449634013556e-03
3.250000000000000444e+00	-1.600328894792925338e-02
3.266666666666666607e+00	-3.402106897339738506e-02
3.283333333333333215e+00	-3.524078447767201722e-02
3.300000000000000266e+00	3.802120877979994762e-02
3.316666666666666430e+00	-2.869852346387450487e-02
3.333333333333333481e+00	-3.622615497659771588e-02
3.350000000000000089e+00	-6.772332814943043955e-02
3.366666666666666696e+00	-2.276352313833956281e-02
3.383333333333333304e+00	-7.406466759014085528e-03
3.399999999999999911e+00	-4.100583604609866345e-02
3.416666666666666963e+00	1.549448073845600092e-02
3.433333333333333126e+00	6.949845647980160482e-03
3.450000000000000178e+00	1.299566366870562491e-02
3.466666666666666785e+00	-1.158407784885071880e-02
3.483333333333333393e+00	2.610477291579879969e-02
3.500000000000000000e+00	-2.027922231791334643e-04
3.516666666666666607e+00	5.008474598746896767e-02
3.533333333333333659e+00	8.765785985184794087e-06
3.549999999999999822e+00	-2.967074045882029873e-02
3.566666666666666874e+00	2.955349908605403239e-02
3.583333333333333481e+00	2.355721534071692977e-02
3.600000000000000089e+00	-4.644449127475008127e-02
3.616666666666666696e+00	5.469117138421036688e-03
3.633333333333333304e+00	1.881214082121038939e-02
3.650000000000000355e+00	-5.303591726238733595e-02
3.666666666666666519e+00	1.480508629293331851e-02
3.683333333333333570e+00	4.920649954295197581e-02
3.700000000000000178e+00	-3.463931390280988037e-02
3.716666666666666785e+00	5.327165575315090384e-02
3.733333333333333393e+00	-4.273179247632800243e-02
3.750000000000000000e+00	1.570183593283984089e-02
3.766666666666667052e+00	-2.476403790364129897e-03
3.783333333333333215e+00	-5.477468105525942765e-02
3.799999999999999822e+00	-2.477786311746812443e-03
3.816666666666666874e+00	4.129407876572822877e-02
3.833333333333333481e+00	5.293151848100591120e-04
3.850000000000000533e+00	-2.092516390916041719e-02
3.866666666666666252e+00	-1.083817418596539316e-02
3.883333333333333304e+00	5.184254962176436735e-03
3.899999999999999911e+00	-1.642865050000436727e-02
3.916666666666666519e+00	-6.388167720082176329e-03
3.933333333333333570e+00	-2.546409641797791473e-02
3.950000000000000178e+00	-1.293425697833056748e-02
3.966666666666667229e+00	-5.357842284070474248e-02
3.983333333333332948e+00	2.288155253092400213e-02
4.000000000000000000e+00	1.516677685561595122e-02
4.016666666666666607e+00	-7.305421347296780187e-03
4.033333333333333215e+00	1.057469316395727721e-01
4.049999999999999822e+00	-3.345558851356522645e-02
4.066666666666667318e+00	-5.076098497169403978e-02
4.083333333333333925e+00	2.351272521607824725e-02
4.099999999999999645e+00	-1.105873224140002803e-01
4.116666666666666252e+00	-2.115581608206667033e-02
4.133333333333332860e+00	2.421438346613744713e-02
4.150000000000000355e+00	3.874773363433826629e-03
4.166666666666666963e+00	-6.238486089606527785e-02
4.183333333333333570e+00	3.950696561311480004e-02
4.200000000000000178e+00	-2.899651481207944290e-02
4.216666666666666785e+00	-7.510461138551673133e-03
4.233333333333333393e+00	1.489341700491291203e-03
4.250000000000000000e+00	3.894291846619548497e-02
4.266666666666666607e+00	-4.501012886551759157e-02
4.283333333333333215e+00	-4.380369366004176895e-02
4.300000000000000711e+00	-2.862549200524821050e-02
4.316666666666667318e+00	1.366026268197052806e-02
4.333333333333333037e+00	1.174927423070546845e-01
4.349999999999999645e+00	-1.491764498175342929e-02
4.366666666666666252e+00	-3.427390331564425432e-03
4.383333333333333748e+00	-4.913789730457444882e-02
4.400000000000000355e+00	1.115934360649063761e-02
4.416666666666666963e+00	-1.334944091827111427e-02
4.433333333333333570e+00	4.555649714088022550e-02
4.450000000000000178e+00	7.580981705274919547e-02
4.466666666666666785e+00	6.074725664199150110e-03
4.483333333333333393e+00	1.498168374494458430e-02
4.500000000000000000e+00	8.543024278875703537e-03
4.516666666666666607e+00	-2.285415777160733006e-02
4.533333333333334103e+00	3.939082044187731946e-02
4.550000000000000711e+00	2.299330742523147952e-02
4.566666666666666430e+00	1.403719553703860860e-02
4.583333333333333037e+00	-3.522067302740573835e-02
4.599999999999999645e+00	-7.657177038719727158e-02
4.616666666666667140e+00	-1.956973173149262335e-02
4.633333333333333748e+00	1.065635435545594228e-02
4.650000000000000355e+00	6.365893970446275495e-04
4.666666666666666963e+00	8.024206161158160475e-03
4.683333333333332682e+00	1.818677620469544634e-02
4.700000000000000178e+00	3.100532295453544557e-02
4.716666666666666785e+00	-4.730248962317374489e-02
4.733333333333333393e+00	4.062570793954850372e-03
4.750000000000000000e+00	3.379489033952002078e-03
4.766666666666666607e+00	-1.399389486268907794e-02
4.783333333333334103e+00	-4.734566789062959018e-03
4.799999999999999822e+00	-6.281181109916349203e-02
4.816666666666666430e+00	-1.591992882050315486e-02
4.833333333333333037e+00	1.156590425379547260e-02
4.850000000000000533e+00	3.597979029855906397e-02
4.866666666666667140e+00	-5.365346392000652082e-02
4.883333333333333748e+00	2.779469217776094417e-02
4.900000000000000355e+00	-1.737139528509101458e-02
4.916666666666666075e+00	9.497888328690128404e-03
4.933333333333333570e+00	-1.576508222291766060e-03
4.950000000000000178e+00	1.568682368964868790e-02
4.966666666666666785e+00	7.190348476376251519e-02
4.983333333333333393e+00	-5.087742839932693495e-02
5.000000000000000000e+00	-1.652113447373773289e-02
5.016666666666666607e+00	4.232488450622446004e-03
5.033333333333333215e+00	2.350383195065980022e-02
5.049999999999999822e+00	1.022207604026729826e-02
5.066666666666666430e+00	1.611475780660283352e-02
5.083333333333333925e+00	3.506724944898805593e-03
5.100000000000000533e+00	5.364680901382238437e-02
5.116666666666667140e+00	-5.470952207507918941e-02
5.133333333333332860e+00	-7.952873893045097351e-04
5.149999999999999467e+00	-1.903080706113706097e-02
5.166666666666666963e+00	5.290077112599407896e-03
5.183333333333333570e+00	-2.041673336738643665e-02
5.200000000000000178e+00	-3.627258467737905223e-02
5.216666666666666785e+00	-4.017632738603104173e-03
5.233333333333333393e+00	-5.031399090748432668e-02
5.250000000000000000e+00	2.998628418188640111e-03
5.266666666666666607e+00	4.216012524767336761e-02
5.283333333333333215e+00	-2.930849662884795620e-02
5.299999999999999822e+00	-3.082947568291882681e-03
5.316666666666666430e+00	-2.553187533692460529e-02
5.333333333333333925e+00	-4.821976284001881080e-02
5.350000000000000533e+00	2.295323370858812911e-02
5.366666666666666252e+00	5.852022988622385125e-02
5.383333333333332860e+00	2.745348184587659973e-02
5.400000000000000355e+00	3.097910129807654109e-02
5.416666666666666963e+00	1.854162551206994802e-02
5.433333333333333570e+00	5.132955387789005230e-02
5.450000000000000178e+00	-6.121631960567449487e-02
5.466666666666666785e+00	1.044773385379181617e-03
5.483333333333333393e+00	3.276576413470447258e-02
5.500000000000000000e+00	-3.442245908706149937e-02
5.516666666666666607e+00	2.193149017838265033e-02
5.533333333333333215e+00	-3.648303096780204646e-02
5.549999999999999822e+00	3.458090207763080820e-02
5.566666666666667318e+00	-8.448101526937843581e-03
5.583333333333333925e+00	-1.148446592946427980e-01
5.599999999999999645e+00	2.000068294186603188e-02
5.616666666666666252e+00	-1.447184088206431886e-02
5.633333333333333748e+00	-3.462414240736386845e-02
5.650000000000000355e+00	-2.904703394905189251e-02
5.666666666666666963e+00	3.979533822107559488e-02
5.683333333333333570e+00	-1.729236505795946760e-02
5.700000000000000178e+00	-2.614946559236365140e-02
5.716666666666666785e+00	-3.833881844646196829e-02
5.733333333333333393e+00	-1.306524673274552482e-02
5.750000000000000000e+00	-2.486203800588665871e-02
5.766666666666666607e+00	-4.051264838929716228e-03
5.783333333333333215e+00	4.040012603345073672e-02
5.800000000000000711e+00	7.694930176696657131e-02
5.816666666666667318e+00	-4.323285329002096028e-02
5.833333333333333037e+00	7.843980508505005861e-03
5.849999999999999645e+00	1.964748234767467461e-02
5.866666666666666252e+00	3.021678886141002107e-02
5.883333333333333748e+00	2.458592577833622426e-03
5.900000000000000355e+00	2.387105031347247844e-02
5.916666666666666963e+00	2.012717091423986068e-02
5.933333333333333570e+00	-3.237502509744544926e-02
5.950000000000000178e+00	1.822176834671061785e-02
5.966666666666666785e+00	-3.414388641693304888e-02
5.983333333333333393e+00	2.960439246761172385e-02
6.000000000000000000e+00	-3.698809189326211083e-02
6.016666666666666607e+00	-3.684316835154274189e-02
6.033333333333334103e+00	1.105406270496779066e-02
6.050000000000000711e+00	5.330844016011923592e-02
6.066666666666666430e+00	-2.166750004879954786e-03
6.083333333333333037e+00	9.527816843984851340e-05
6.099999999999999645e+00	-2.276950192784508303e-02
6.116666666666667140e+00	-3.772818830242459509e-02
6.133333333333333748e+00	1.162034048594890248e-02
6.150000000000000355e+00	-1.337177702197752359e-02
6.166666666666666963e+00	-4.250678714321014240e-02
6.183333333333333570e+00	-3.723527485067979620e-02
6.200000000000000178e+00	5.831371723017272912e-02
6.216666666666666785e+00	2.625190260171470294e-02
6.233333333333333393e+00	-5.972852420206335028e-02
6.250000000000000000e+00	3.239908127380922848e-02
6.266666666666667496e+00	1.584743147704606794e-02
6.283333333333334103e+00	-4.896646113018622570e-02
6.299999999999999822e+00	4.747510690587798676e-02
6.316666666666666430e+00	5.303471300512882514e-03
6.333333333333333037e+00	-3.104460227341031622e-02
6.350000000000000533e+00	1.291722206630092906e-02
6.366666666666667140e+00	8.972779548143529349e-02
6.383333333333333748e+00	-2.676078342531173701e-02
6.399999999999999467e+00	-2.930585265692176034e-02
6.416666666666666075e+00	-1.109973904386985094e-01
6.433333333333333570e+00	-9.738018723980296915e-03
6.450000000000000178e+00	8.575056588141801925e-03
6.466666666666666785e+00	-1.006494809227925433e-02
6.483333333333333393e+00	-2.130260063238413604e-02
6.500000000000000888e+00	-2.876783837494159210e-02
6.516666666666666607e+00	-5.058566547345133557e-02
6.533333333333333215e+00	8.653428320579208480e-03
6.549999999999999822e+00	5.738842361999166308e-02
6.566666666666666430e+00	-4.478483407737049449e-02
6.583333333333333925e+00	2.262269275619700759e-02
6.600000000000000533e+00	-1.670908565567637283e-02
6.616666666666667140e+00	-1.275403662073035065e-02
6.633333333333332860e+00	-3.007984775857181631e-02
6.649999999999999467e+00	-2.418245691256071597e-02
6.666666666666666963e+00	-5.157741799406610761e-02
6.683333333333333570e+00	3.113190036202841821e-02
6.700000000000000178e+00	-3.971858254998027887e-02
6.716666666666666785e+00	-6.129843288906368370e-02
6.733333333333333393e+00	-3.803811445979078578e-03
6.750000000000000000e+00	-1.469085195494068685e-02
6.766666666666666607e+00	-2.220254755178083760e-03
6.783333333333333215e+00	-2.716608984242362829e-02
6.799999999999999822e+00	1.928979317594690587e-02
6.816666666666667318e+00	1.776270357110437334e-02
6.833333333333333925e+00	2.918569579978520703e-03
6.850000000000000533e+00	-3.404257573598023080e-04
6.866666666666666252e+00	4.811968832927849410e-02
6.883333333333332860e+00	-4.184231793560948959e-02
6.900000000000000355e+00	-5.561030913338339821e-02
6.916666666666666963e+00	4.538921451406874134e-03
6.933333333333333570e+00	-3.052809274530000200e-02
6.950000000000000178e+00	5.745036733217595559e-02
6.966666666666666785e+00	7.855691815108723289e-03
6.983333333333333393e+00	-5.963138245074497273e-02
7.000000000000000000e+00	1.991618437343815537e-02
7.016666666666666607e+00	-1.258848289107416737e-03
7.033333333333333215e+00	2.484708266033460247e-02
7.049999999999999822e+00	-2.614578527904111438e-02
7.066666666666667318e+00	-4.951531994172295864e-02
7.083333333333333925e+00	6.574569661976635560e-03
7.099999999999999645e+00	-1.246393173024963955e-02
7.116666666666666252e+00	7.746590632229882756e-02
7.133333333333333748e+00	-9.363319487879764522e-03
7.150000000000000355e+00	-5.458962130226831938e-02
7.166666666666666963e+00	-1.403007757433403710e-02
7.183333333333333570e+00	-2.474414124318375166e-02
7.200000000000000178e+00	5.907369161659229567e-02
7.216666666666666785e+00	2.557575592920416363e-02
7.233333333333333393e+00	6.014027340092961693e-02
7.250000000000000000e+00	4.248946385080514671e-02
7.266666666666666607e+00	-7.901442313752388494e-03
7.283333333333333215e+00	6.456171068369963295e-02
7.300000000000000711e+00	-6.480503148734707841e-02
7.316666666666667318e+00	-3.604338831977507707e-02
7.333333333333333037e+00	3.855492465670479207e-02
7.349999999999999645e+00	4.511611794603452574e-02
7.366666666666667140e+00	2.660566656766631156e-03
7.383333333333333748e+00	-9.122290667049641130e-03
7.400000000000000355e+00	-2.847853525781523717e-02
7.416666666666666963e+00	1.609505716926638852e-02
7.433333333333333570e+00	-2.416853090724119593e-02
7.450000000000000178e+00	2.031145679019461317e-02
7.466666666666666785e+00	3.446277629750734567e-02
7.483333333333333393e+00	-3.559571197915400997e-02
7.500000000000000000e+00	-5.908737611811366169e-02
7.516666666666666607e+00	1.819015355505231154e-03
7.533333333333334103e+00	-2.645346084597183581e-02
7.550000000000000711e+00	-6.188561355361961447e-02
7.566666666666666430e+00	2.020833848598231619e-02
7.583333333333333037e+00	3.359657526783460003e-03
7.599999999999999645e+00	7.120684386056425064e-02
7.616666666666667140e+00	1.163926894959059315e-02
7.633333333333333748e+00	-1.507280026465730727e-02
7.649999999999999467e+00	1.132919881799455616e-02
7.666666666666666963e+00	5.680780876163870480e-02
7.683333333333333570e+00	6.305527964462682988e-02
7.700000000000001066e+00	-3.867352867704439839e-02
7.716666666666666785e+00	-7.800881998730056777e-02
7.733333333333332504e+00	2.698133556875753278e-02
7.750000000000000000e+00	-1.142836281794939665e-02
7.766666666666666607e+00	3.292055793458250473e-02
7.783333333333334103e+00	2.991658244379352335e-02
7.799999999999999822e+00	8.582757802272054232e-03
7.816666666666667318e+00	-2.577637107596049762e-02
7.833333333333333037e+00	1.888333855379400669e-02
7.849999999999999645e+00	-4.218613957537922787e-02
7.866666666666667140e+00	1.989915569186755800e-02
7.883333333333332860e+00	2.104219126467345158e-02
7.900000000000000355e+00	-3.548540893775225386e-02
7.916666666666666963e+00	1.111181904299553269e-02
7.933333333333334458e+00	1.894869082856344769e-02
7.950000000000000178e+00	1.953830472078217292e-02
7.966666666666665897e+00	3.395444200918379396e-02
7.983333333333333393e+00	6.151500591282789421e-02
8.000000000000000000e+00	2.705820290571815320e-02
8.016666666666667496e+00	2.467343797019954862e-02
8.033333333333333215e+00	2.914497770313171851e-02
8.050000000000000711e+00	5.536426411811765091e-02
8.066666666666666430e+00	2.395843630926808299e-02
8.083333333333332149e+00	4.649519583719510796e-02
8.099999999999999645e+00	-1.475973353693568399e-02
8.116666666666667140e+00	1.951253983695147229e-02
8.133333333333334636e+00	-4.103489640389319792e-03
8.150000000000000355e+00	-1.167489282290619899e-02
8.166666666666667851e+00	3.082472996252863529e-02
8.183333333333333570e+00	2.122641260771749444e-02
8.199999999999999289e+00	-5.850601324849248608e-03
8.216666666666666785e+00	9.520232600498172021e-03
8.233333333333332504e+00	-4.667822541741162984e-02
8.250000000000000000e+00	-3.740164598632016862e-02
8.266666666666665719e+00	-2.575681062746417241e-02
8.283333333333334991e+00	-9.766180701132813613e-02
8.300000000000000711e+00	-2.141652808125829935e-02
8.316666666666666430e+00	-7.359397321780558610e-02
8.333333333333333925e+00	-4.552309411518160737e-02
8.349999999999999645e+00	-8.057209383376720546e-02
8.366666666666667140e+00	4.237838975327416768e-02
8.383333333333332860e+00	-5.787363646106958442e-02
8.400000000000000355e+00	-9.051700518349779095e-03
8.416666666666666075e+00	-7.735095389093100959e-02
8.433333333333333570e+00	1.482023115592009943e-02
8.450000000000001066e+00	-1.451698544990756394e-02
8.466666666666666785e+00	8.856400659050810142e-02
8.483333333333334281e+00	3.538336755177316773e-02
8.500000000000000000e+00	-2.709466033430205437e-02
8.516666666666667496e+00	-7.083241821415391971e-03
8.533333333333333215e+00	-2.594575737819973527e-03
8.549999999999998934e+00	8.926963298161310365e-05
8.566666666666666430e+00	-1.592072475992114405e-02
8.583333333333332149e+00	-2.882751597369819299e-02
8.600000000000001421e+00	4.141196708058143133e-02
8.616666666666667140e+00	3.112105727883794637e-02
8.633333333333334636e+00	-6.537247422851705236e-02
8.650000000000000355e+00	1.810592614543499526e-02
8.666666666666666075e+00	-5.029773181748293381e-02
8.683333333333333570e+00	-4.198053839065662637e-03
8.699999999999999289e+00	1.626274960961541019e-02
8.716666666666666785e+00	4.415249416236560753e-02
8.733333333333332504e+00	-3.951983453026346876e-02
8.750000000000001776e+00	3.127702668405277220e-02
8.766666666666667496e+00	-1.583016592885002185e-03
8.783333333333333215e+00	-7.398527249138743067e-04
8.800000000000000711e+00	4.247790120287714410e-02
8.816666666666666430e+00	-1.145183099069591731e-02
8.833333333333333925e+00	-2.998136542645965519e-02
8.849999999999999645e+00	2.064591170138502935e-02
8.866666666666667140e+00	-4.318927665240680086e-02
8.883333333333332860e+00	5.053986656777286618e-02
8.900000000000000355e+00	3.792685400872741752e-02
8.916666666666667851e+00	3.244944051898137477e-02
8.933333333333333570e+00	-2.261400368090429186e-02
8.950000000000001066e+00	8.998829128152173451e-02
8.966666666666666785e+00	3.677993557318065890e-03
8.983333333333334281e+00	-1.950757028189703188e-02
9.000000000000000000e+00	1.098899327782892725e-02
9.016666666666665719e+00	-5.414026070094251492e-02
9.033333333333333215e+00	-1.014507271192886112e-02
9.049999999999998934e+00	-4.699017921938354603e-02
9.066666666666668206e+00	1.118895843860774099e-02
9.083333333333333925e+00	2.525101444074929688e-02
9.100000000000001421e+00	5.137919062585202812e-02
9.116666666666667140e+00	-2.582694339740534278e-02
9.133333333333332860e+00	-1.816666034932288426e-02
9.150000000000000355e+00	-3.002562359401405104e-02
9.166666666666666075e+00	-1.584422344702039395e-02
9.183333333333333570e+00	2.702935320338593211e-02
9.199999999999999289e+00	-4.563621316150203583e-02
9.216666666666666785e+00	1.370116428465075441e-02
9.233333333333334281e+00	-9.388459877559134775e-03
9.250000000000000000e+00	1.894168010053256385e-02
9.266666666666667496e+00	2.580139552845696002e-02
9.283333333333333215e+00	3.840815374359626833e-02
9.300000000000000711e+00	1.471522902514375668e-02
9.316666666666666430e+00	-3.695213260300053010e-02
9.333333333333333925e+00	4.536987548098275064e-02
9.349999999999999645e+00	9.266997233861794248e-02
9.366666666666665364e+00	-4.752873803087770410e-02
9.383333333333334636e+00	-1.225848291325372375e-02
9.400000000000000355e+00	-8.214365798348938208e-02
9.416666666666667851e+00	-7.183795456572239502e-02
9.433333333333333570e+00	-4.389050387180556956e-03
9.450000000000001066e+00	-1.053315343548218708e-01
9.466666666666666785e+00	-1.982979876668888169e-02
9.483333333333332504e+00	-6.763417009066517716e-02
9.500000000000000000e+00	2.771833196824402198e-02
9.516666666666665719e+00	-2.284688514404837473e-02
9.533333333333333215e+00	3.018463163910075492e-02
9.550000000000000711e+00	9.457078286235839903e-02
9.566666666666668206e+00	1.614554753482956850e-01
9.583333333333333925e+00	1.834309050852994116e-01
9.599999999999999645e+00	1.783829384245020633e-01
9.616666666666667140e+00	1.005932481137075674e-01
9.633333333333332860e+00	9.066658560607993023e-02
9.650000000000000355e+00	2.990618324785319568e-02
9.666666666666666075e+00	-1.548267029006379115e-02
9.683333333333333570e+00	-9.460471769677815390e-02
9.700000000000001066e+00	-1.972555222441377820e-01
9.716666666666666785e+00	-1.306197445923706901e-01
9.733333333333334281e+00	-1.978363729323376063e-01
9.750000000000000000e+00	-1.419805201592057031e-01
9.766666666666667496e+00	-1.696903316382369631e-01
9.783333333333333215e+00	-1.651683197548992899e-01
9.800000000000000711e+00	-5.957151473527259183e-02
9.816666666666666430e+00	2.402679288839609101e-02
9.833333333333332149e+00	-4.837368722175237196e-02
9.850000000000001421e+00	3.410126942541918255e-02
9.866666666666667140e+00	8.186318244056803306e-02
9.883333333333334636e+00	4.925720373187324197e-02
9.900000000000000355e+00	8.933145184393705140e-02
9.916666666666667851e+00	1.293544644742049554e-01
9.933333333333333570e+00	2.054001221382953657e-01
9.949999999999999289e+00	1.506071617920765604e-01
9.966666666666666785e+00	1.261964619881700556e-01
9.983333333333332504e+00	1.971928890570417980e-02
1.000000000000000000e+01	-2.762090102793906404e-02
1.001666666666666750e+01	-3.943896696081250486e-02
1.003333333333333321e+01	-8.566016468613181500e-02
1.005000000000000071e+01	-1.448047445032481229e-01
1.006666666666666643e+01	-1.679626169753928588e-01
1.008333333333333393e+01	-1.380422424923448133e-01
1.009999999999999964e+01	-2.291017035137679903e-01
1.011666666666666714e+01	-1.265852050082120761e-01
1.013333333333333286e+01	-1.390274338293696621e-01
1.014999999999999858e+01	-7.993055037566146326e-02
1.016666666666666785e+01	1.899114075143818955e-02
1.018333333333333357e+01	4.399744301043571892e-02
1.020000000000000107e+01	1.401727564579399177e-01
1.021666666666666679e+01	2.304665049449005632e-01
1.023333333333333428e+01	1.478317867423044885e-01
1.025000000000000000e+01	1.565985765991728951e-01
1.026666666666666572e+01	1.714827273480629133e-01
1.028333333333333321e+01	1.723853756795213354e-01
1.029999999999999893e+01	1.295827164948164523e-01
1.031666666666666643e+01	2.900816070467434477e-02
1.033333333333333393e+01	-1.504904603989253194e-02
1.035000000000000142e+01	-7.708724135310422720e-02
1.036666666666666714e+01	-9.668315376976961695e-02
1.038333333333333286e+01	-2.156900797405499892e-01
1.040000000000000036e+01	-1.551664904206506435e-01
1.041666666666666607e+01	-1.693758183285306584e-01
1.043333333333333357e+01	-1.575438825065364479e-01
1.044999999999999929e+01	-1.590917692814356466e-01
1.046666666666666679e+01	-5.578757894173588111e-02
1.048333333333333428e+01	-2.373870288307804166e-02
1.050000000000000000e+01	-7.231139915200528179e-02
1.051666666666666750e+01	1.417540701174871409e-02
1.053333333333333321e+01	8.184067338057321450e-02
1.055000000000000071e+01	1.108457212369200195e-01
1.056666666666666643e+01	1.474544302874993829e-01
1.058333333333333393e+01	1.946636441647931204e-01
1.059999999999999964e+01	1.453629294588306420e-01
1.061666666666666536e+01	1.024046755118758478e-01
1.063333333333333286e+01	9.620184611171134215e-02
1.065000000000000036e+01	1.338166815862687486e-01
1.066666666666666785e+01	-1.690680056925366812e-02
1.068333333333333357e+01	-5.519344106632630836e-02
1.070000000000000107e+01	-1.356333574627940908e-01
1.071666666666666679e+01	-1.414956648402121708e-01
1.073333333333333250e+01	-1.755790993301280523e-01
1.075000000000000000e+01	-1.672855434591903057e-01
1.076666666666666572e+01	-1.356775593611013186e-01
1.078333333333333321e+01	-1.847971980013895232e-01
1.080000000000000071e+01	-1.520398853843775155e-01
1.081666666666666821e+01	-1.279616919473541281e-01
1.083333333333333393e+01	-4.417548559527229024e-02
1.084999999999999964e+01	1.023218548881247719e-01
1.086666666666666714e+01	9.387013857207883449e-02
1.088333333333333286e+01	1.566812494711069259e-01
1.090000000000000036e+01	9.923774865695472736e-02
1.091666666666666607e+01	1.498203981411159735e-01
1.093333333333333357e+01	1.275134684301370558e-01
1.095000000000000107e+01	7.357460058152530402e-02
1.096666666666666679e+01	1.462176383207205999e-01
1.098333333333333428e+01	2.703296082942435036e-02
1.100000000000000000e+01	-7.519471073021938116e-03
1.101666666666666750e+01	-2.148587619999806422e-02
1.103333333333333321e+01	-9.563468671948634203e-02
1.105000000000000071e+01	-1.743298732741611068e-01
1.106666666666666643e+01	-1.644321077791603969e-01
1.108333333333333215e+01	-2.329076476242112337e-01
1.109999999999999964e+01	-1.752223111234952890e-01
1.111666666666666714e+01	-1.251073677736352641e-01
1.113333333333333464e+01	-8.542641134052025853e-02
1.115000000000000036e+01	-5.205184746454336736e-02
1.116666666666666785e+01	1.962874953064810274e-02
1.118333333333333357e+01	1.141141033940344801e-01
1.119999999999999929e+01	5.378558849328377023e-02
1.121666666666666679e+01	1.009366942089193614e-01
1.123333333333333250e+01	1.338561668871596222e-01
1.125000000000000000e+01	1.346288323578710977e-01
1.126666666666666750e+01	5.693623646264048266e-02
1.128333333333333499e+01	7.520438690166292295e-02
1.130000000000000071e+01	3.385045449308112658e-02
1.131666666666666643e+01	9.817479448305837381e-03
1.133333333333333393e+01	4.747628751695340266e-02
1.134999999999999964e+01	2.865507568911896535e-02
1.136666666666666714e+01	1.713784346000107178e-02
1.138333333333333286e+01	1.956315589584331494e-02
1.140000000000000036e+01	-4.462749932044060563e-02
1.141666666666666607e+01	3.332064813721287433e-04
1.143333333333333357e+01	-5.409408633762917418e-02
1.145000000000000107e+01	1.194506203731605584e-02
1.146666666666666679e+01	-3.262126678606596004e-03
1.148333333333333428e+01	3.386077020570107954e-02
1.150000000000000000e+01	-1.848792723713623895e-02
1.151666666666666750e+01	4.637318414459225963e-02
1.153333333333333321e+01	4.649665727527319686e-02
1.154999999999999893e+01	3.541014457928182146e-02
1.156666666666666643e+01	4.116654386273639610e-02
1.158333333333333393e+01	3.650150186305817918e-02
1.160000000000000142e+01	4.726185694814464768e-05
1.161666666666666714e+01	4.862429325994579304e-02
1.163333333333333464e+01	6.709740647832795890e-02
1.165000000000000036e+01	2.104551763936931066e-02
1.166666666666666607e+01	-4.827836032628498447e-02
1.168333333333333357e+01	5.244831863443277092e-03
1.169999999999999929e+01	-1.607101696303886397e-03
1.171666666666666679e+01	5.345200533259475417e-02
1.173333333333333250e+01	3.918681512034818265e-02
1.175000000000000178e+01	-3.192069942724326537e-02
1.176666666666666750e+01	1.709892315199233390e-02
1.178333333333333321e+01	-4.843795854736816092e-02
1.180000000000000071e+01	-4.477538003147214785e-02
1.181666666666666643e+01	-2.401474694695659648e-02
1.183333333333333393e+01	1.075717217251171906e-02
1.184999999999999964e+01	-2.697897610845203034e-02
1.186666666666666714e+01	1.726916328986375856e-02
1.188333333333333286e+01	-2.238281875749031403e-03
1.190000000000000036e+01	-8.160455693515852871e-03
1.191666666666666785e+01	-1.235450454049435466e-02
1.193333333333333357e+01	2.026993226327843470e-02
1.195000000000000107e+01	8.891702978490503839e-02
1.196666666666666679e+01	-3.285844388356294610e-02
1.198333333333333428e+01	1.755144697680040842e-03
1.200000000000000000e+01	-1.755755265667580285e-03
1.201666666666666572e+01	-4.654948354059439825e-02
1.203333333333333321e+01	-7.293053033994319201e-02
1.205000000000000071e+01	2.150348606894634043e-02
1.206666666666666821e+01	-4.461557733176422375e-02
1.208333333333333393e+01	9.483539784996275479e-02
1.210000000000000142e+01	2.061496962911634964e-02
1.211666666666666714e+01	-6.760112398587246954e-03
1.213333333333333286e+01	4.903948698651859660e-04
1.215000000000000036e+01	-2.355268829365489772e-02
1.216666666666666607e+01	1.093012389542374549e-02
1.218333333333333357e+01	-5.944405003771704131e-03
1.219999999999999929e+01	2.278084561785682916e-02
1.221666666666666856e+01	-8.749807034833257877e-03
1.223333333333333428e+01	-1.270224136611433803e-02
1.225000000000000000e+01	-1.750934233748373736e-03
1.226666666666666750e+01	-1.318689967137506337e-02
1.228333333333333321e+01	4.565959602488300906e-02
1.230000000000000071e+01	6.217404475871205448e-03
1.231666666666666643e+01	6.129329977564547394e-02
1.233333333333333393e+01	7.653100120133098268e-03
1.234999999999999964e+01	-5.734220045726198811e-02
1.236666666666666714e+01	1.343038211419445363e-02
1.238333333333333464e+01	4.364249178313876765e-02
1.240000000000000036e+01	-2.451594479660297934e-02
1.241666666666666785e+01	6.519469598706655045e-02
1.243333333333333357e+01	-3.703581295095446924e-02
1.245000000000000107e+01	4.210012065774147716e-02
1.246666666666666679e+01	1.416832356815974844e-02
1.248333333333333250e+01	-7.433289994856422112e-02
1.250000000000000000e+01	-2.339600573291091348e-02
1.251666666666666572e+01	5.503635802936990284e-02
1.253333333333333499e+01	2.770917539997682158e-02
1.255000000000000071e+01	2.391191074406319190e-03
1.256666666666666821e+01	4.574508682303318058e-02
1.258333333333333393e+01	-4.326423654791170664e-02
1.259999999999999964e+01	-2.056258093619354674e-02
1.261666666666666714e+01	1.917550908402348986e-02
1.263333333333333286e+01	1.408053592929404095e-02
1.265000000000000036e+01	1.116917633777691765e-01
1.266666666666666607e+01	-6.614418618589955334e-02
1.268333333333333357e+01	-2.865577915564518699e-02
1.270000000000000107e+01	1.974699711130035659e-02
1.271666666666666679e+01	2.696387240905243413e-02
1.273333333333333428e+01	6.466934525800397716e-03
1.275000000000000000e+01	-6.395937503533143109e-02
1.276666666666666750e+01	-1.486656285650133497e-02
1.278333333333333321e+01	-1.798941880662165149e-02
1.279999999999999893e+01	-1.589431827957574206e-02
1.281666666666666643e+01	-9.673132988450350300e-03
1.283333333333333215e+01	-1.863395528725406885e-03
1.285000000000000142e+01	7.798666456736141894e-02
1.286666666666666714e+01	5.200550652666691490e-03
1.288333333333333464e+01	2.941215064151044695e-02
1.290000000000000036e+01	4.249154281687383961e-02
1.291666666666666607e+01	4.616595948822403706e-02
1.293333333333333357e+01	1.596757283179986919e-03
1.294999999999999929e+01	4.054450601953221711e-02
1.296666666666666679e+01	2.340550038374863626e-02
1.298333333333333250e+01	3.763268733698317114e-03
1.300000000000000178e+01	7.364239273794548346e-02
1.301666666666666750e+01	2.503908388068576060e-02
1.303333333333333321e+01	-3.119132459920216649e-02
1.305000000000000071e+01	2.756310955034325244e-02
1.306666666666666643e+01	2.777269496738148449e-02
1.308333333333333393e+01	3.158402137493757089e-03
1.309999999999999964e+01	1.222247160872896865e-02
1.311666666666666714e+01	-1.669562655216966229e-02
1.313333333333333286e+01	7.807428309784802782e-03
1.314999999999999858e+01	-2.305879996164081000e-02
1.316666666666666785e+01	-2.155455920089850014e-02
1.318333333333333357e+01	-3.934946030998203587e-02
1.320000000000000107e+01	-1.657220341128418312e-03
1.321666666666666679e+01	4.133129154971425939e-02
1.323333333333333428e+01	4.594610540002858068e-02
1.325000000000000000e+01	6.335028916479043537e-02
1.326666666666666572e+01	2.567042613100128587e-02
1.328333333333333321e+01	-3.617719339272543883e-02
1.329999999999999893e+01	-4.335552735890844944e-02
1.331666666666666821e+01	-4.413524231846439189e-02
1.333333333333333393e+01	2.963278885418782829e-02
1.335000000000000142e+01	-4.467222106268702031e-02
1.336666666666666714e+01	3.004038573903048889e-02
1.338333333333333286e+01	-1.390602890255333846e-02
1.340000000000000036e+01	1.480296916849387079e-02
1.341666666666666607e+01	1.987900488087672793e-02
1.343333333333333357e+01	1.204939746956376276e-02
1.344999999999999929e+01	-1.876816655662738240e-02
1.346666666666666679e+01	-1.682416818417388146e-02
1.348333333333333428e+01	-2.883244358678800287e-02
1.350000000000000000e+01	1.485359792968508896e-03
1.351666666666666750e+01	-5.993083033019938090e-03
1.353333333333333321e+01	5.602380465543390503e-02
1.355000000000000071e+01	-4.999153932151645385e-02
1.356666666666666643e+01	1.470396867229427709e-02
1.358333333333333393e+01	-2.494966044618374904e-03
1.359999999999999964e+01	3.125521469801553764e-02
1.361666666666666536e+01	-1.999153051007337978e-02
1.363333333333333464e+01	-1.690253449539152672e-02
1.365000000000000036e+01	-1.239747478263229612e-02
1.366666666666666785e+01	-4.644666700655178393e-02
1.368333333333333357e+01	-5.306318228458221931e-02
1.370000000000000107e+01	3.857572428918996932e-02
1.371666666666666679e+01	4.148748951257888451e-02
1.373333333333333250e+01	4.365985691126254170e-04
1.375000000000000000e+01	-1.939986907656404691e-02
1.376666666666666572e+01	3.851738082625962706e-02
1.378333333333333321e+01	3.138498990166545266e-02
1.380000000000000071e+01	4.547838263408789800e-03
1.381666666666666821e+01	9.041378109787957459e-03
1.383333333333333393e+01	-4.998861759675519989e-02
1.384999999999999964e+01	-3.301601999178183783e-02
1.386666666666666714e+01	9.575238801135384226e-02
1.388333333333333286e+01	-6.335793377579669941e-04
1.390000000000000036e+01	8.103348065646007181e-02
1.391666666666666607e+01	4.368549590942121842e-03
1.393333333333333357e+01	4.796265589290322345e-02
1.395000000000000107e+01	8.159050212672809207e-03
1.396666666666666679e+01	-2.691876797694607582e-02
1.398333333333333428e+01	-4.229438330600071051e-03
1.400000000000000000e+01	-2.765271004766831076e-02
1.401666666666666750e+01	2.781785264631642454e-02
1.403333333333333321e+01	-2.722756675726122066e-02
1.405000000000000071e+01	-4.553519797114341516e-02
1.406666666666666643e+01	1.260552791291395759e-03
1.408333333333333215e+01	-7.148925872584632572e-03
1.409999999999999964e+01	-7.146291753532231505e-02
1.411666666666666714e+01	4.360391625678575883e-02
1.413333333333333464e+01	8.281070975778204168e-02
1.415000000000000036e+01	-3.843654796222183839e-03
1.416666666666666785e+01	-3.820663580436708257e-02
1.418333333333333357e+01	2.465307398307111861e-02
1.419999999999999929e+01	4.570527320461583581e-02
1.421666666666666679e+01	1.249039696833682683e-01
1.423333333333333250e+01	2.031657239822475328e-02
1.425000000000000000e+01	-6.621021459299745310e-03
1.426666666666666750e+01	-2.057148038532179493e-02
1.428333333333333499e+01	-1.379068409937455079e-03
1.430000000000000071e+01	8.098406428104756860e-02
1.431666666666666643e+01	-4.052336984257649127e-02
1.433333333333333393e+01	2.276971967541136649e-02
1.434999999999999964e+01	9.923234777505215987e-02
1.436666666666666714e+01	-2.816771204951655071e-03
1.438333333333333286e+01	4.785559962328228556e-02
1.440000000000000036e+01	4.244775485805499238e-03
1.441666666666666785e+01	4.486221317871461056e-02
1.443333333333333357e+01	2.447612719027942273e-03
1.445000000000000107e+01	-1.993467400183156560e-02
1.446666666666666679e+01	-2.252968944194122872e-02
1.448333333333333428e+01	1.497763270847673328e-02
1.450000000000000000e+01	-1.085572097104122412e-02
1.451666666666666750e+01	9.439585059657223942e-02
1.453333333333333321e+01	-8.139540193887389447e-03
1.454999999999999893e+01	5.214971896728640144e-02
1.456666666666666643e+01	-3.681888740975529373e-02
1.458333333333333393e+01	-2.333395595621142512e-03
1.460000000000000142e+01	-4.192387887697601734e-02
1.461666666666666714e+01	2.713139716486918929e-02
1.463333333333333464e+01	-4.424968155193638453e-02
1.465000000000000036e+01	2.256839729771430506e-02
1.466666666666666607e+01	-6.385444109099042143e-02
1.468333333333333357e+01	8.777960331567939353e-03
1.469999999999999929e+01	-3.608262224075646507e-02
1.471666666666666679e+01	2.694872882313279275e-02
1.473333333333333428e+01	-1.919594862229875853e-02
1.475000000000000178e+01	-7.141328905581943720e-02
1.476666666666666750e+01	-3.269256902292885097e-02
1.478333333333333321e+01	2.134054238999045019e-02
1.480000000000000071e+01	9.928644463972074660e-03
1.481666666666666643e+01	5.075765042111453525e-03
1.483333333333333393e+01	1.747440722324764689e-02
1.484999999999999964e+01	-5.677007167962985767e-02
1.486666666666666714e+01	-3.073784963917320506e-02
1.488333333333333286e+01	-3.159396854104418867e-02
1.490000000000000036e+01	-2.875621570078550071e-02
1.491666666666666785e+01	-6.215596967600730757e-04
1.493333333333333357e+01	4.816188879227212977e-02
1.495000000000000107e+01	3.909433024431736153e-02
1.496666666666666679e+01	3.440752010403499983e-02
1.498333333333333428e+01	2.030183965600621671e-02
1.500000000000000000e+01	6.767750289721706156e-03
1.501666666666666572e+01	4.965684244249648355e-02
1.503333333333333321e+01	6.657128846865131844e-02
1.505000000000000071e+01	2.369782255133625129e-02
1.506666666666666821e+01	-2.009586628507913086e-02
1.508333333333333393e+01	-1.841403003607962330e-02
1.510000000000000142e+01	6.789483849931222947e-02
1.511666666666666714e+01	-1.104604076231582160e-02
1.513333333333333286e+01	1.677349192922155188e-02
1.515000000000000036e+01	-1.815380109731896605e-02
1.516666666666666607e+01	-1.678520497110330342e-02
1.518333333333333357e+01	-8.035727608644354855e-03
1.519999999999999929e+01	9.094312383166817948e-03
1.521666666666666856e+01	1.652670390043935178e-02
1.523333333333333428e+01	-8.816354652954210003e-02
1.525000000000000000e+01	6.140089613878543795e-02
1.526666666666666750e+01	-3.463374964250714311e-02
1.528333333333333321e+01	1.808024128323175092e-02
1.529999999999999893e+01	-1.232951924080426948e-02
1.531666666666666821e+01	6.214341607675877462e-03
1.533333333333333393e+01	1.790932950965197718e-03
1.534999999999999964e+01	-4.996137651969381754e-02
1.536666666666666714e+01	3.654444908764708372e-02
1.538333333333333286e+01	-8.365512107080147778e-04
1.540000000000000213e+01	-2.352754391289175323e-02
1.541666666666666785e+01	6.551107109788918692e-02
1.543333333333333357e+01	2.765137948986325436e-02
1.544999999999999929e+01	3.261750150572154811e-02
1.546666666666666501e+01	-3.881646235635530934e-02
1.548333333333333428e+01	1.015095380292945935e-03
1.550000000000000000e+01	-2.457933133670519785e-03
1.551666666666666750e+01	2.204541341770106105e-03
1.553333333333333321e+01	-4.137834033018176344e-02
1.555000000000000249e+01	2.266068356432613187e-02
1.556666666666666821e+01	-3.249147909866904882e-02
1.558333333333333393e+01	2.177152342812685437e-02
1.559999999999999964e+01	-8.354566542091578993e-03
1.561666666666666536e+01	-4.806091245532049389e-02
1.563333333333333464e+01	-3.045992011873021113e-02
1.565000000000000036e+01	-6.973745617008104969e-02
1.566666666666666607e+01	5.677226298187044301e-02
1.568333333333333357e+01	5.787538247336905528e-02
1.569999999999999929e+01	-3.739332276869553051e-02
1.571666666666666856e+01	3.822846368843504754e-04
1.573333333333333428e+01	-1.077439886976384355e-02
1.575000000000000000e+01	1.618647387444470745e-02
1.576666666666666572e+01	-3.827012712374007735e-03
1.578333333333333499e+01	-3.990558719551921471e-03
1.580000000000000071e+01	1.333855037208001373e-02
1.581666666666666643e+01	3.116293380960281911e-02
1.583333333333333393e+01	2.888837479198347671e-02
1.584999999999999964e+01	1.139072401741135845e-02
1.586666666666666892e+01	-4.172294468511446308e-02
1.588333333333333464e+01	-1.808418270506324463e-02
1.590000000000000036e+01	-3.453655970865049385e-02
1.591666666666666607e+01	1.633782228585875171e-02
1.593333333333333179e+01	-3.003472608540721026e-02
1.595000000000000107e+01	2.678219000333677269e-02
1.596666666666666679e+01	3.189457339157095173e-02
1.598333333333333250e+01	6.451154978584249834e-04
1.600000000000000000e+01	-3.160870640516341007e-02
1.601666666666666927e+01	-2.588000083116687861e-02
1.603333333333333499e+01	1.567483842596985311e-02
1.605000000000000071e+01	1.319975199541479662e-02
1.606666666666666643e+01	-2.079285998771820618e-02
1.608333333333333215e+01	-1.940593068790215023e-02
1.610000000000000142e+01	4.997800916509074522e-03
1.611666666666666714e+01	-2.155385403944982958e-02
1.613333333333333286e+01	2.214772820439051340e-02
1.614999999999999858e+01	2.862244064857788744e-03
1.616666666666666430e+01	1.016234597497624181e-02
1.618333333333333357e+01	-6.061871172052170353e-02
1.619999999999999929e+01	7.234832073165116395e-02
1.621666666666666501e+01	-6.478388799905323257e-03
1.623333333333333428e+01	1.320601706485158983e-02
1.625000000000000355e+01	-7.582755102233365574e-02
1.626666666666666927e+01	-7.202697060789683275e-03
1.628333333333333499e+01	-4.534802587428615056e-02
1.630000000000000071e+01	3.471080603811708964e-02
1.631666666666666643e+01	-1.715060226167258728e-02
1.633333333333333570e+01	3.128532476293845871e-02
1.635000000000000142e+01	-1.567771153342365290e-02
1.636666666666666714e+01	4.856677363548672632e-02
1.638333333333333286e+01	-2.977781742814962843e-02
1.639999999999999858e+01	8.670569262051271153e-02
1.641666666666666785e+01	2.606524941700671949e-02
1.643333333333333357e+01	-4.864008899263700357e-03
1.644999999999999929e+01	-3.866512572995983721e-02
1.646666666666666501e+01	-1.372709988632973659e-02
1.648333333333333428e+01	-3.795403813855312281e-02
1.650000000000000000e+01	-6.369106012389717103e-03
1.651666666666666572e+01	4.248206752066611275e-03
1.653333333333333144e+01	-4.810753443804872270e-02
1.655000000000000071e+01	7.314421698401836480e-02
1.656666666666666998e+01	-3.450493516178537723e-02
1.658333333333333570e+01	-3.581977535138673729e-02
1.660000000000000142e+01	2.136513657110962125e-02
1.661666666666666714e+01	1.712949467072804460e-02
1.663333333333333286e+01	6.121048168199602277e-03
1.665000000000000213e+01	-1.332282238610992160e-02
1.666666666666666785e+01	-2.817850360111704994e-03
1.668333333333333357e+01	-5.972484925936357878e-04
1.669999999999999929e+01	-3.478974160582351538e-02
1.671666666666666856e+01	-6.799200400311836666e-03
1.673333333333333428e+01	5.444182393262313874e-02
1.675000000000000000e+01	-6.886524352642612798e-03
1.676666666666666572e+01	-9.658560319593712667e-03
1.678333333333333144e+01	9.102132594182820976e-04
1.680000000000000071e+01	8.615348350748001927e-02
1.681666666666666643e+01	1.094060040028855055e-02
1.683333333333333215e+01	1.260023256499373523e-02
1.684999999999999787e+01	-4.171127786596275089e-02
1.686666666666666714e+01	1.246128760889950726e-01
1.688333333333333641e+01	1.816624086296530008e-03
1.690000000000000213e+01	9.791541681769384831e-03
1.691666666666666785e+01	2.391518228959427575e-02
1.693333333333333357e+01	4.964013981759554661e-02
1.695000000000000284e+01	-3.266731704849927531e-02
1.696666666666666856e+01	5.346025242511889819e-02
1.698333333333333428e+01	8.596941409209551965e-02
1.700000000000000000e+01	8.558962823776058992e-02
1.701666666666666572e+01	6.149341389091955018e-02
1.703333333333333499e+01	6.282236095961149513e-02
1.705000000000000071e+01	1.014970728719641890e-01
1.706666666666666643e+01	8.524472555104591065e-02
1.708333333333333215e+01	1.172405193279218300e-01
1.709999999999999787e+01	7.717791290103860613e-02
1.711666666666666714e+01	8.304600901663929113e-02
1.713333333333333286e+01	1.930781743033672948e-02
1.714999999999999858e+01	9.164988788933438324e-02
1.716666666666666430e+01	4.112062642314295857e-02
1.718333333333333357e+01	2.202571208115122747e-02
1.720000000000000284e+01	6.313743829224600923e-02
1.721666666666666856e+01	1.798957458214744606e-02
1.723333333333333428e+01	2.065119982576969077e-02
1.725000000000000000e+01	-8.991093291426707768e-03
1.726666666666666927e+01	5.252190501643608928e-03
1.728333333333333499e+01	-8.412262909583451131e-02
1.730000000000000071e+01	-8.801476744909375594e-02
1.731666666666666643e+01	-1.276234229039327484e-01
1.733333333333333215e+01	-9.130782576418916552e-02
1.735000000000000142e+01	-1.600770698079243270e-01
1.736666666666666714e+01	-1.684828448637166187e-01
1.738333333333333286e+01	-1.857852118161144872e-01
1.739999999999999858e+01	-2.407282854099492830e-01
1.741666666666666430e+01	-2.575623858890727647e-01
1.743333333333333357e+01	-3.175894895009615526e-01
1.744999999999999929e+01	-3.259971254760268833e-01
1.746666666666666501e+01	-3.065543676371860204e-01
1.748333333333333428e+01	-3.467512923560244764e-01
1.750000000000000355e+01	-3.560697875219781539e-01
1.751666666666666927e+01	-4.127301034211205422e-01
1.753333333333333499e+01	-4.118860081505459902e-01
1.755000000000000071e+01	-3.926297664919347064e-01
1.756666666666666643e+01	-2.794485434602942409e-01
1.758333333333333570e+01	-3.654373548094428381e-01
1.760000000000000142e+01	-3.198863828557347855e-01
1.761666666666666714e+01	-2.831912926733652913e-01
1.763333333333333286e+01	-3.234921558736133518e-01
1.764999999999999858e+01	-2.222912426953508047e-01
1.766666666666666785e+01	-2.116928664020692186e-01
1.768333333333333357e+01	-1.396517212316827627e-01
1.769999999999999929e+01	-8.096408549942801791e-02
1.771666666666666501e+01	-7.976480572378807921e-02
1.773333333333333428e+01	-1.198531276139974122e-01
1.775000000000000000e+01	2.848833021387334554e-04
1.776666666666666572e+01	9.281670130611929803e-03
1.778333333333333144e+01	7.843126953366377774e-02
1.780000000000000071e+01	1.715582153897601270e-01
1.781666666666666998e+01	1.251218826182619315e-01
1.783333333333333570e+01	2.426051539286361303e-01
1.785000000000000142e+01	1.886847361239613885e-01
1.786666666666666714e+01	2.758076055028779172e-01
1.788333333333333286e+01	2.979899160048963824e-01
1.790000000000000213e+01	2.941738141063637846e-01
1.791666666666666785e+01	4.237066204362461286e-01
1.793333333333333357e+01	3.468910485559085766e-01
1.794999999999999929e+01	4.121192937706487092e-01
1.796666666666666856e+01	3.592758770184800166e-01
1.798333333333333428e+01	4.330365652314333014e-01
1.800000000000000000e+01	4.471403417841481875e-01
1.801666666666666572e+01	4.456029962611101625e-01
1.803333333333333144e+01	3.798962251956127245e-01
1.805000000000000071e+01	3.965906973952806336e-01
1.806666666666666643e+01	3.625636634249060908e-01
1.808333333333333215e+01	3.803962547343672229e-01
1.809999999999999787e+01	2.800055001020730905e-01
1.811666666666666714e+01	2.523069895530885565e-01
1.813333333333333641e+01	3.070521600379345073e-01
1.815000000000000213e+01	2.538941617938914042e-01
1.816666666666666785e+01	2.321045747160017381e-01
1.818333333333333357e+01	2.115571307314974836e-01
1.820000000000000284e+01	1.181429338984603394e-01
1.821666666666666856e+01	1.019757555176828839e-01
1.823333333333333428e+01	8.757443641583501082e-02
1.825000000000000000e+01	-6.585288020007118437e-02
1.826666666666666572e+01	-9.673524474939465545e-02
1.828333333333333499e+01	-1.203696697112306702e-01
1.830000000000000071e+01	-2.736583724601035494e-02
1.831666666666666643e+01	-1.639249755391681829e-01
1.833333333333333215e+01	-1.850702091610402777e-01
1.834999999999999787e+01	-2.085480100955779958e-01
1.836666666666666714e+01	-2.534771147921527357e-01
1.838333333333333286e+01	-2.599326681849844500e-01
1.839999999999999858e+01	-3.307186354427954500e-01
1.841666666666666430e+01	-3.519788478996815906e-01
1.843333333333333357e+01	-3.782673487907635690e-01
1.845000000000000284e+01	-4.188419074223041494e-01
1.846666666666666856e+01	-3.659636974033889101e-01
1.848333333333333428e+01	-4.108358028447652854e-01
1.850000000000000000e+01	-4.121225288981202328e-01
1.851666666666666927e+01	-4.073763123809470144e-01
1.853333333333333499e+01	-4.241550685030054391e-01
1.855000000000000071e+01	-3.361184552988640828e-01
1.856666666666666643e+01	-3.227415537209384344e-01
1.858333333333333215e+01	-3.810859825774163268e-01
1.860000000000000142e+01	-4.052911026070561418e-01
1.861666666666666714e+01	-3.121389488887656993e-01
1.863333333333333286e+01	-2.490833015261728622e-01
1.864999999999999858e+01	-1.942038762107810568e-01
1.866666666666666785e+01	-2.067910208665954264e-01
1.868333333333333357e+01	-2.414381030521167149e-01
1.869999999999999929e+01	-1.382169451604271238e-01
1.871666666666666501e+01	-1.185707707626820345e-01
1.873333333333333073e+01	-1.323952560658397948e-01
1.875000000000000000e+01	6.844568636049122579e-02
1.876666666666666927e+01	2.783501679749450508e-02
1.878333333333333499e+01	4.209656277380204037e-02
1.880000000000000071e+01	1.024212283988914646e-01
1.881666666666666643e+01	1.992629019888499942e-01
1.883333333333333570e+01	1.804104499728598765e-01
1.885000000000000142e+01	2.895305709627427615e-01
1.886666666666666714e+01	3.175460680667555602e-01
1.888333333333333286e+01	2.721480707361610407e-01
1.890000000000000213e+01	3.275813684665753178e-01
1.891666666666666785e+01	3.605237483509902141e-01
1.893333333333333357e+01	4.246954101699587092e-01
1.894999999999999929e+01	3.879264490374385588e-01
1.896666666666666501e+01	4.375467848810231652e-01
1.898333333333333428e+01	4.563577592019100182e-01
1.900000000000000000e+01	3.667995019177517357e-01
1.901666666666666572e+01	4.101862263801803188e-01
1.903333333333333144e+01	4.009581718299680686e-01
1.904999999999999716e+01	4.112177187400518630e-01
1.906666666666666643e+01	3.277629281488936286e-01
1.908333333333333570e+01	3.210881654671299823e-01
1.910000000000000142e+01	2.631948633663666604e-01
1.911666666666666714e+01	3.428358313093362031e-01
1.913333333333333641e+01	2.149904561203822562e-01
1.915000000000000213e+01	2.495424610114340414e-01
1.916666666666666785e+01	1.982661101872920106e-01
1.918333333333333357e+01	1.861654127149990068e-01
1.919999999999999929e+01	1.008890597887688173e-01
1.921666666666666856e+01	4.537144576442931482e-02
1.923333333333333428e+01	-6.597190323683263524e-04
1.925000000000000000e+01	5.170165716518461407e-02
1.926666666666666572e+01	-5.248782617788939897e-02
1.928333333333333144e+01	-5.328097603104262059e-02
1.930000000000000071e+01	-1.676248868295682204e-01
1.931666666666666643e+01	-1.757768321355837049e-01
1.933333333333333215e+01	-2.481885393426101760e-01
1.934999999999999787e+01	-2.446581912081625398e-01
1.936666666666666714e+01	-1.927023902964738467e-01
1.938333333333333641e+01	-3.000054909062204178e-01
1.940000000000000213e+01	-3.533043635820052875e-01
1.941666666666666785e+01	-3.355082872188472343e-01
1.943333333333333357e+01	-3.840357438263050094e-01
1.945000000000000284e+01	-3.778092577795162943e-01
1.946666666666666856e+01	-3.975122287030323776e-01
1.948333333333333428e+01	-3.789590268324759537e-01
1.950000000000000000e+01	-3.044575756306286962e-01
1.951666666666666572e+01	-4.360476644854408557e-01
1.953333333333333499e+01	-4.055944600291813140e-01
1.955000000000000071e+01	-3.874565346826592260e-01
1.956666666666666643e+01	-3.347985293590499678e-01
1.958333333333333215e+01	-3.783104890408674481e-01
1.960000000000000142e+01	-3.291681338586100458e-01
1.961666666666666714e+01	-2.352166377792913876e-01
1.963333333333333286e+01	-2.651111207609762599e-01
1.964999999999999858e+01	-2.160084056754147941e-01
1.966666666666666430e+01	-2.037758562555006536e-01
1.968333333333333357e+01	-1.882577450951940234e-01
1.970000000000000284e+01	-8.012110207463543632e-02
1.971666666666666856e+01	-1.191305654517781504e-01
1.973333333333333428e+01	1.429912250701714793e-03
1.975000000000000000e+01	8.210017390115469452e-03
1.976666666666666927e+01	3.011004185098213604e-02
1.978333333333333499e+01	1.104783916981844222e-01
1.980000000000000071e+01	1.749930207312497543e-01
1.981666666666666643e+01	1.360027409547214794e-01
1.983333333333333570e+01	2.283615122823229593e-01
1.985000000000000142e+01	2.385983431002495769e-01
1.986666666666666714e+01	2.777435221532766341e-01
1.988333333333333286e+01	2.978613619669216450e-01
1.989999999999999858e+01	3.744070397489208113e-01
1.991666666666666785e+01	3.668089998336864221e-01
1.993333333333333357e+01	3.304176747236277634e-01
1.994999999999999929e+01	4.212168508835080760e-01
1.996666666666666501e+01	3.957241759883359800e-01
1.998333333333333073e+01	3.592932711427561099e-01
2.000000000000000000e+01	3.906766686864772686e-01
2.001666666666666927e+01	3.880268808348716902e-01
2.003333333333333499e+01	3.656961880241597629e-01
2.005000000000000071e+01	4.753878493690391616e-01
2.006666666666666643e+01	3.413133640125389778e-01
2.008333333333333570e+01	3.348170918344076652e-01
2.010000000000000142e+01	3.350570775367224252e-01
2.011666666666666714e+01	3.875345058412459354e-01
2.013333333333333286e+01	2.572230096491365248e-01
2.015000000000000213e+01	2.555423265742127192e-01
2.016666666666666785e+01	1.763604696385308868e-01
2.018333333333333357e+01	1.979084181412383570e-01
2.019999999999999929e+01	1.605723286859071508e-01
2.021666666666666501e+01	1.318649629250228383e-01
2.023333333333333428e+01	8.244300081191677232e-02
2.025000000000000000e+01	-9.824396168508948979e-03
2.026666666666666572e+01	-6.050655827687637794e-02
2.028333333333333144e+01	-2.199173340699552698e-02
2.029999999999999716e+01	-9.442761163820692638e-02
2.031666666666666643e+01	-1.088777280543678505e-01
2.033333333333333570e+01	-1.383616884415252712e-01
2.035000000000000142e+01	-2.305254402410809034e-01
2.036666666666666714e+01	-2.356547500009603391e-01
2.038333333333333641e+01	-3.172756318136237264e-01
2.040000000000000213e+01	-3.931208579202188913e-01
2.041666666666666785e+01	-3.311612396384180923e-01
2.043333333333333357e+01	-3.127084323185739811e-01
2.044999999999999929e+01	-4.279420010244237016e-01
2.046666666666666856e+01	-4.246810834647382071e-01
2.048333333333333428e+01	-4.266935934669681130e-01
2.050000000000000000e+01	-3.306489850109580741e-01
2.051666666666666572e+01	-4.277007056564736120e-01
2.053333333333333144e+01	-3.776945745927952069e-01
2.055000000000000071e+01	-4.209395480620432561e-01
2.056666666666666643e+01	-3.726940287190984580e-01
2.058333333333333215e+01	-3.723917095785364006e-01
2.059999999999999787e+01	-3.353733547015740890e-01
2.061666666666666714e+01	-3.474202441005263542e-01
2.063333333333333286e+01	-2.951617945617968086e-01
2.065000000000000213e+01	-2.702934808451883386e-01
2.066666666666666785e+01	-2.193952560000423657e-01
2.068333333333333357e+01	-1.752786306410850925e-01
2.070000000000000284e+01	-1.513326247874300090e-01
2.071666666666666856e+01	-3.454005295080481847e-02
2.073333333333333428e+01	-1.316397091888688378e-02
2.075000000000000000e+01	3.323904966008665862e-02
2.076666666666666572e+01	6.189257814413859360e-02
2.078333333333333499e+01	1.188901439753099754e-01
2.080000000000000071e+01	1.282638090956451926e-01
2.081666666666666643e+01	1.324039058499626997e-01
2.083333333333333215e+01	2.180455391726746350e-01
2.085000000000000142e+01	3.053480161500877199e-01
2.086666666666666714e+01	2.918686037302836711e-01
2.088333333333333286e+01	3.384067681354592239e-01
2.089999999999999858e+01	3.639553596459023099e-01
2.091666666666666430e+01	2.772874547113253207e-01
2.093333333333333357e+01	3.659485550710255275e-01
2.094999999999999929e+01	3.053447536889579705e-01
2.096666666666666856e+01	3.718451504277938691e-01
2.098333333333333428e+01	3.333143302674020370e-01
2.100000000000000000e+01	3.646987744448985103e-01
2.101666666666666927e+01	2.872462452532980048e-01
2.103333333333333499e+01	3.136607147617337388e-01
2.105000000000000071e+01	2.654347499110362163e-01
2.106666666666666643e+01	3.436754929688667359e-01
2.108333333333333570e+01	2.264776723032482786e-01
2.110000000000000142e+01	1.774230195437986879e-01
2.111666666666666714e+01	1.240783246248221144e-01
2.113333333333333286e+01	1.558532806923579872e-01
2.114999999999999858e+01	2.053759797140459753e-01
2.116666666666666785e+01	1.384174908633400147e-01
2.118333333333333357e+01	2.853052273635073299e-02
2.119999999999999929e+01	6.911406819187809747e-02
2.121666666666666501e+01	9.068903545351411633e-02
2.123333333333333073e+01	4.328004219926641361e-02
2.125000000000000000e+01	2.650173088625813311e-03
2.126666666666666572e+01	-6.906854082264467232e-02
2.128333333333333499e+01	-1.030215954239956655e-01
2.130000000000000071e+01	-9.138853033031790751e-02
2.131666666666666998e+01	-9.916395311351439146e-02
2.133333333333333570e+01	-6.648828134171516635e-03
2.135000000000000142e+01	-9.723902761394906391e-02
2.136666666666666714e+01	-6.862315554311691768e-02
2.138333333333333286e+01	7.082580358972370704e-03
2.140000000000000213e+01	-7.104016371805760288e-02
2.141666666666666785e+01	-1.099671516318898729e-01
2.143333333333333357e+01	-1.024684062882430524e-02
2.144999999999999929e+01	-2.603119079123657892e-02
2.146666666666666501e+01	-6.378964970563781589e-02
2.148333333333333428e+01	-5.533370291225434695e-02
2.150000000000000000e+01	-2.934843907180465644e-02
2.151666666666666572e+01	-6.455724291937542381e-02
2.153333333333333144e+01	-8.833233640303782275e-02
2.155000000000000071e+01	4.966417376629252145e-02
2.156666666666666643e+01	-4.333788932934157234e-02
2.158333333333333570e+01	2.103299036117212487e-02
2.160000000000000142e+01	-4.615530754177276512e-02
2.161666666666666714e+01	-1.975130559621907783e-02
2.163333333333333641e+01	-5.682275658052299977e-02
2.165000000000000213e+01	-2.311310367335040958e-02
2.166666666666666785e+01	-3.900797501132543393e-02
2.168333333333333357e+01	-7.836005149685955351e-02
2.169999999999999929e+01	2.263968706236678050e-02
2.171666666666666856e+01	-5.434860558584108346e-03
2.173333333333333428e+01	5.743587786635255543e-02
2.175000000000000000e+01	5.244205539161801710e-02
2.176666666666666572e+01	-2.333089847344635426e-02
2.178333333333333499e+01	-4.796813021369569080e-02
2.180000000000000071e+01	-2.097445458876470714e-02
2.181666666666666643e+01	-2.025885480186933457e-03
2.183333333333333215e+01	-3.070928475837253480e-02
2.184999999999999787e+01	4.149337475263347244e-03
2.186666666666666714e+01	1.875403098149676373e-02
2.188333333333333286e+01	7.739495763651402238e-02
2.190000000000000213e+01	-1.289051011981719522e-02
2.191666666666666785e+01	-6.375751053952580932e-03
2.193333333333333357e+01	7.311685774026755076e-03
2.195000000000000284e+01	3.003766019925019348e-02
2.196666666666666856e+01	6.459607372549000352e-03
2.198333333333333428e+01	9.025505995955111424e-03
2.200000000000000000e+01	3.242270978558493832e-02
2.201666666666666927e+01	-4.971345664074376669e-02
2.203333333333333499e+01	-6.681809284930531612e-02
2.205000000000000071e+01	-4.518523041507752774e-02
2.206666666666666643e+01	-4.148427136068884302e-02
2.208333333333333215e+01	4.449864389808774745e-02
2.210000000000000142e+01	-2.906782874664423991e-02
2.211666666666666714e+01	5.936295902142780384e-02
2.213333333333333286e+01	5.104877328546534448e-02
2.214999999999999858e+01	-4.105546136096072107e-02
2.216666666666666430e+01	6.459285674592969706e-02
2.218333333333333357e+01	3.169867695111010242e-02
2.219999999999999929e+01	-6.225632818435081206e-02
2.221666666666666856e+01	3.609319686102107488e-02
2.223333333333333428e+01	1.693385367547947315e-02
2.225000000000000355e+01	8.429240251029419817e-02
2.226666666666666927e+01	2.321873526683337560e-02
2.228333333333333499e+01	1.101205755358066786e-02
2.230000000000000071e+01	3.545293759243036552e-02
2.231666666666666643e+01	-1.704864390302639112e-03
2.233333333333333570e+01	3.106495675246694066e-02
2.235000000000000142e+01	4.067390779383663058e-02
2.236666666666666714e+01	3.443625679337745937e-02
2.238333333333333286e+01	-3.127109733662154778e-02
2.239999999999999858e+01	1.323742789189168503e-02
2.241666666666666785e+01	1.685598956729840794e-02
2.243333333333333357e+01	-2.180461747261331837e-02
2.244999999999999929e+01	2.153016644113460096e-02
2.246666666666666501e+01	1.585833708884423071e-02
2.248333333333333428e+01	-5.961187173033247882e-02
2.250000000000000000e+01	-2.543509229107657980e-03
2.251666666666666572e+01	3.488441401687709248e-02
2.253333333333333499e+01	4.983438236085725595e-04
2.255000000000000071e+01	9.223231041921696460e-02
2.256666666666666998e+01	-4.974852645005913357e-03
2.258333333333333570e+01	5.683560499229905333e-02
2.260000000000000142e+01	4.654260083684887139e-02
2.261666666666666714e+01	4.945265792272050820e-02
2.263333333333333286e+01	2.011732052643150706e-02
2.265000000000000213e+01	2.274448036172583426e-02
2.266666666666666785e+01	4.719484583278583945e-02
2.268333333333333357e+01	4.506386055602921818e-03
2.269999999999999929e+01	-6.792354911058343103e-02
2.271666666666666856e+01	1.492037626938468205e-02
2.273333333333333428e+01	2.112783639085505892e-03
2.275000000000000000e+01	3.551222170378020432e-02
2.276666666666666572e+01	-3.111544086423173247e-02
2.278333333333333144e+01	3.547660381628803261e-02
2.280000000000000071e+01	1.356337455103741492e-02
2.281666666666666643e+01	9.439277114736066565e-02
2.283333333333333215e+01	2.820955650825881372e-02
2.285000000000000142e+01	9.084062075675480852e-02
2.286666666666666714e+01	2.015001821804431742e-02
2.288333333333333641e+01	-3.000362275820304958e-02
2.290000000000000213e+01	-6.910812167060215172e-02
2.291666666666666785e+01	5.029066852223039452e-02
2.293333333333333357e+01	-3.732992346075060530e-02
2.294999999999999929e+01	-8.608682514142269870e-03
2.296666666666666856e+01	-5.793398266473108287e-03
2.298333333333333428e+01	1.182516411003258286e-02
2.300000000000000000e+01	-1.196058411507393802e-02
2.301666666666666572e+01	-3.391350555286139212e-02
2.303333333333333499e+01	3.929365165052901149e-02
2.305000000000000071e+01	-1.041330870075999476e-02
2.306666666666666643e+01	4.550371216757811976e-02
2.308333333333333215e+01	5.453830598626503018e-02
2.309999999999999787e+01	8.116813773102979704e-03
2.311666666666666714e+01	-3.263460148212249390e-02
2.313333333333333286e+01	-2.100337018160325017e-02
2.314999999999999858e+01	-5.381735975447610870e-02
2.316666666666666785e+01	-3.423774133986570711e-02
2.318333333333333357e+01	-9.783790308204037486e-03
2.320000000000000284e+01	7.043009110034006981e-02
2.321666666666666856e+01	2.689254563505659446e-02
2.323333333333333428e+01	-4.384989684212257238e-02
2.325000000000000000e+01	-1.707073011609076124e-02
2.326666666666666927e+01	1.624183101103871332e-02
2.328333333333333499e+01	6.195373620154046067e-04
2.330000000000000071e+01	-2.300708734097194411e-02
2.331666666666666643e+01	-7.048548787812988770e-02
2.333333333333333215e+01	-5.044082420091441227e-02
2.335000000000000142e+01	-4.637448715075042499e-02
2.336666666666666714e+01	-4.744458952878836608e-03
2.338333333333333286e+01	-5.913805140552320233e-02
2.339999999999999858e+01	-1.813692315297294605e-02
2.341666666666666430e+01	5.012649639799531681e-02
2.343333333333333357e+01	5.976901839522304888e-02
2.344999999999999929e+01	7.449787438117107252e-02
2.346666666666666501e+01	7.455937349068189612e-02
2.348333333333333428e+01	-3.812805535109969890e-02
2.350000000000000355e+01	-1.461747105836308860e-02
2.351666666666666927e+01	4.404511815528065061e-02
2.353333333333333499e+01	1.117896416429942780e-02
2.355000000000000071e+01	-1.640922599471096241e-02
2.356666666666666643e+01	-7.265477410976127481e-02
2.358333333333333570e+01	-1.148473747549752164e-02
2.360000000000000142e+01	3.961358945952108551e-02
2.361666666666666714e+01	8.899526401040414036e-03
2.363333333333333286e+01	-3.615621676920128397e-02
2.364999999999999858e+01	-1.990965307457423158e-02
2.366666666666666785e+01	5.632326172068476133e-02
2.368333333333333357e+01	2.945472198991067395e-02
2.369999999999999929e+01	-6.913348041422186230e-02
2.371666666666666501e+01	2.697404364695928786e-02
2.373333333333333428e+01	4.094043624722001895e-02
2.375000000000000000e+01	-1.550031369425973991e-02
2.376666666666666572e+01	-5.773116897010790310e-02
2.378333333333333144e+01	-3.486902296308958676e-02
2.380000000000000071e+01	8.204027826554503855e-02
2.381666666666666998e+01	-5.921124559166403983e-02
2.383333333333333570e+01	-1.435343846119765086e-02
2.385000000000000142e+01	-1.208559534355724274e-02
2.386666666666666714e+01	-9.520880450161627387e-03
2.388333333333333286e+01	-3.931481671597084060e-02
2.390000000000000213e+01	-6.717553646442903093e-02
2.391666666666666785e+01	-6.861835624735340873e-03
2.393333333333333357e+01	4.013376998571014515e-02
2.394999999999999929e+01	1.381645948160873869e-02
2.396666666666666856e+01	-4.092230561285033902e-02
2.398333333333333428e+01	-5.768306457647865565e-02
2.400000000000000000e+01	-2.278766447904905304e-02
2.401666666666666572e+01	1.523562031036746443e-02
2.403333333333333144e+01	-3.277830130480925003e-02
2.405000000000000071e+01	-2.352735321521503414e-02
2.406666666666666643e+01	-1.931449012964474125e-03
2.408333333333333215e+01	-4.479814904991848840e-02
2.410000000000000142e+01	-1.588423492815372456e-02
2.411666666666666714e+01	-4.190475467777548396e-02
2.413333333333333641e+01	1.053022582275882184e-02
2.415000000000000213e+01	6.031345898349728396e-03
2.416666666666666785e+01	-5.125312674310354222e-04
2.418333333333333357e+01	9.711641818239712121e-02
2.420000000000000284e+01	5.336002099207986377e-02
2.421666666666666856e+01	-3.153110844113082845e-02
2.423333333333333428e+01	1.728467261286097383e-03
2.425000000000000000e+01	-6.697767869974410870e-02
2.426666666666666572e+01	1.242755788894575782e-02
2.428333333333333499e+01	1.783337910384410335e-02
2.430000000000000071e+01	1.618225148889107512e-02
2.431666666666666643e+01	-6.540029269528975508e-02
2.433333333333333215e+01	2.938833685741282925e-02
2.434999999999999787e+01	3.410551582928494224e-02
2.436666666666666714e+01	7.312687129509558293e-02
2.438333333333333286e+01	-1.253197996914318839e-03
2.439999999999999858e+01	-4.231620727866804155e-02
2.441666666666666785e+01	-3.681516033572735519e-02
2.443333333333333712e+01	-6.192850684969562584e-03
2.445000000000000284e+01	-7.368886506377512677e-03
2.446666666666666856e+01	-3.073415106337723871e-02
2.448333333333333428e+01	5.776254945325079437e-02
2.450000000000000000e+01	-8.504277214468566361e-05
2.451666666666666927e+01	-6.679259213991544861e-03
2.453333333333333499e+01	3.464049229476001690e-02
2.455000000000000071e+01	2.375748201655470890e-02
2.456666666666666643e+01	-4.002997532351543382e-03
2.458333333333333215e+01	-7.580132486361169930e-02
2.460000000000000142e+01	-1.072286430342667997e-02
2.461666666666666714e+01	7.665172847165858949e-02
2.463333333333333286e+01	-1.150665934166907045e-02
2.464999999999999858e+01	3.452915254361105940e-02
2.466666666666666785e+01	-4.375296540214847901e-02
2.468333333333333357e+01	2.767040038818014552e-02
2.469999999999999929e+01	5.342780933451764941e-02
2.471666666666666501e+01	7.932844926622861434e-03
2.473333333333333428e+01	-2.838618211464836311e-02
2.475000000000000355e+01	-7.871832883417630156e-02
2.476666666666666927e+01	-2.691626806605911665e-02
2.478333333333333499e+01	-1.601541936753660481e-02
2.480000000000000071e+01	8.157028436544745860e-04
2.481666666666666643e+01	-4.259812780258520615e-02
2.483333333333333570e+01	1.450115386798230856e-02
2.485000000000000142e+01	-5.507790558044918516e-02
2.486666666666666714e+01	-5.646801786103126247e-02
2.488333333333333286e+01	9.071265820422265078e-03
2.490000000000000213e+01	3.571408728864260834e-02
2.491666666666666785e+01	4.535357955929118778e-02
2.493333333333333357e+01	3.327327345517618051e-02
2.494999999999999929e+01	4.802727649861141153e-03
2.496666666666666501e+01	1.629869073703690135e-02
2.498333333333333428e+01	3.109311549335099650e-02
2.500000000000000000e+01	-6.568208781287013243e-02
2.501666666666666572e+01	-3.948841160678508155e-02
2.503333333333333144e+01	4.690917139098071259e-02
2.505000000000000071e+01	6.388923327720083534e-02
2.506666666666666998e+01	1.059047055505594678e-02
2.508333333333333570e+01	7.818821374934012414e-02
2.510000000000000142e+01	-2.498622512365221079e-02
2.511666666666666714e+01	-1.677518900173325224e-03
2.513333333333333641e+01	9.219453634081706261e-03
2.515000000000000213e+01	3.981233269788374968e-02
2.516666666666666785e+01	1.984535760130914581e-02
2.518333333333333357e+01	4.169821098052896996e-02
2.519999999999999929e+01	1.065284731824049473e-02
2.521666666666666856e+01	-5.916198008553222483e-03
2.523333333333333428e+01	1.163022998314148246e-03
2.525000000000000000e+01	5.094310854290334811e-02
2.526666666666666572e+01	-4.330299371013797416e-02
2.528333333333333144e+01	-2.481856775414756702e-02
2.530000000000000071e+01	2.815912827632809090e-02
2.531666666666666643e+01	-3.377979043590826486e-02
2.533333333333333215e+01	5.029350614173166978e-02
2.534999999999999787e+01	2.741086450139441910e-02
2.536666666666666714e+01	-1.232720140016478894e-01
2.538333333333333641e+01	-1.257631273997471960e-02
2.540000000000000213e+01	2.630274250864950147e-02
2.541666666666666785e+01	5.408224019647404207e-02
2.543333333333333357e+01	6.311545227668248492e-02
2.545000000000000284e+01	3.681881257072038005e-02
2.546666666666666856e+01	-2.908181874222903057e-02
2.548333333333333428e+01	6.389449634967726832e-02
2.550000000000000000e+01	1.857442802119270420e-04
2.551666666666666572e+01	9.148087340949566382e-03
2.553333333333333499e+01	-1.194812641010361718e-03
2.555000000000000071e+01	2.124283514633341571e-02
2.556666666666666643e+01	3.676029652562246008e-02
2.558333333333333215e+01	4.648651404084532673e-02
2.559999999999999787e+01	-1.449540350123020190e-02
2.561666666666666714e+01	-2.216935684328771861e-02
2.563333333333333286e+01	-1.522501380159721300e-03
2.564999999999999858e+01	5.588525228853072346e-02
2.566666666666666430e+01	5.745106118994881828e-02
2.568333333333333357e+01	4.794471327785455872e-02
2.570000000000000284e+01	-9.330241810055601992e-02
2.571666666666666856e+01	-3.449172222172655622e-03
2.573333333333333428e+01	-6.667255975932873113e-02
2.575000000000000000e+01	-1.488402685463643092e-02
2.576666666666666927e+01	4.157723704693660344e-02
2.578333333333333499e+01	1.135402059026420843e-02
2.580000000000000071e+01	-5.791337303614452724e-03
2.581666666666666643e+01	2.499492995179975960e-02
2.583333333333333215e+01	-2.420313873492548756e-02
2.585000000000000142e+01	-2.263314697510514836e-03
2.586666666666666714e+01	7.014858996349808418e-02
2.588333333333333286e+01	7.366993182459606604e-02
2.589999999999999858e+01	3.343748470154611629e-02
2.591666666666666785e+01	3.993610446847932482e-02
2.593333333333333357e+01	3.423630477538040784e-02
2.594999999999999929e+01	-4.060897557985731349e-02
2.596666666666666501e+01	-2.308284098079704458e-02
2.598333333333333073e+01	6.179035759778808701e-02
2.600000000000000355e+01	-7.656019245778336070e-03
2.601666666666666927e+01	-4.014322323646801749e-02
2.603333333333333499e+01	5.533990936047470527e-02
2.605000000000000071e+01	7.846141819172749651e-03
2.606666666666666643e+01	7.553430028620281012e-02
2.608333333333333570e+01	9.062469328159893436e-03
2.610000000000000142e+01	3.471430389144502388e-02
2.611666666666666714e+01	5.399556045806558346e-02
2.613333333333333286e+01	3.118492011089783744e-02
2.615000000000000213e+01	3.428540886555042644e-05
2.616666666666666785e+01	-1.295943785397866629e-02
2.618333333333333357e+01	-1.702942744423831950e-02
2.619999999999999929e+01	1.251325256976478688e-03
2.621666666666666501e+01	-2.911745801434563116e-03
2.623333333333333428e+01	2.128541840353777997e-02
2.625000000000000000e+01	2.001000615482450076e-02
2.626666666666666572e+01	-4.963184351405588307e-02
2.628333333333333144e+01	4.346689781714385865e-03
2.629999999999999716e+01	-3.879728966521195366e-02
2.631666666666666998e+01	4.013477152575335022e-02
2.633333333333333570e+01	-2.405460109732767901e-02
2.635000000000000142e+01	-4.367150647971125565e-02
2.636666666666666714e+01	-2.471710149227173900e-02
2.638333333333333641e+01	5.758807780203997057e-02
2.640000000000000213e+01	4.283697573467552117e-02
2.641666666666666785e+01	-1.715948806940199162e-02
2.643333333333333357e+01	6.342324444463007249e-02
2.644999999999999929e+01	7.259450268401974014e-03
2.646666666666666856e+01	4.187342474939777237e-02
2.648333333333333428e+01	4.453547627080114285e-02
2.650000000000000000e+01	1.594536244676294373e-02
2.651666666666666572e+01	-2.107024005358762789e-02
2.653333333333333144e+01	-4.047745163502426170e-03
2.655000000000000071e+01	-2.405558347092303165e-02
2.656666666666666643e+01	-6.000122965988180512e-02
2.658333333333333215e+01	4.005639426826430177e-02
2.659999999999999787e+01	3.216234701447751726e-02
2.661666666666666714e+01	-4.653825629129901970e-02
2.663333333333333641e+01	7.137513598920127746e-03
2.665000000000000213e+01	-3.729158420848234512e-02
2.666666666666666785e+01	4.229092507465011946e-02
2.668333333333333357e+01	6.431877425686409466e-02
2.670000000000000284e+01	-1.323781013830681655e-02
2.671666666666666856e+01	-1.463051362380449541e-02
2.673333333333333428e+01	5.800256449397212660e-02
2.675000000000000000e+01	3.587026744480546325e-03
