Time_us	Received_Shear
0.000000000000000000e+00	-6.532045240131251207e-02
1.666666666666666644e-02	2.315449548381330602e-02
3.333333333333333287e-02	4.269609994603415504e-02
4.999999999999999584e-02	-9.709471583442213713e-03
6.666666666666666574e-02	1.405281146518740087e-02
8.333333333333334259e-02	-1.218568808770295886e-01
9.999999999999999167e-02	-3.622775248466376941e-02
1.166666666666666685e-01	-1.096512851028112329e-01
1.333333333333333315e-01	-4.937159916995483011e-02
1.499999999999999944e-01	-1.063212594350065460e-01
1.666666666666666852e-01	3.974863343747379874e-02
1.833333333333333204e-01	1.051348736306890047e-01
1.999999999999999833e-01	1.185871718074398701e-01
2.166666666666666741e-01	1.666430587147881281e-01
2.333333333333333370e-01	1.275436791750753363e-01
2.500000000000000000e-01	1.011075727064167928e-01
2.666666666666666630e-01	2.266848946063883263e-02
2.833333333333333814e-01	-2.675818733804844959e-03
2.999999999999999889e-01	-1.057803778030910746e-01
3.166666666666666519e-01	-8.712972871236510097e-02
3.333333333333333703e-01	-1.408897490364443283e-01
3.499999999999999778e-01	-9.277009117871896915e-02
3.666666666666666408e-01	-1.080962378948292779e-02
3.833333333333333592e-01	-5.338730927827906730e-02
3.999999999999999667e-01	-1.715319490043982001e-02
4.166666666666666852e-01	-2.416533301988145477e-02
4.333333333333333481e-01	5.999238356081974116e-02
4.500000000000000111e-01	6.690454466932449495e-02
4.666666666666666741e-01	8.520629659701416114e-02
4.833333333333332815e-01	9.548132615497445519e-02
5.000000000000000000e-01	7.252015438514877732e-02
5.166666666666666075e-01	-3.374369653216252249e-03
5.333333333333333259e-01	-5.808745379263920150e-02
5.500000000000000444e-01	-6.360771844984854095e-03
5.666666666666667629e-01	-9.582789402071123508e-02
5.833333333333333703e-01	-6.017516914894220637e-02
5.999999999999999778e-01	-9.272565361010016993e-04
6.166666666666666963e-01	5.975010780105699526e-02
6.333333333333333037e-01	-4.073689243840266511e-02
6.500000000000000222e-01	4.868880244595162610e-02
6.666666666666667407e-01	6.521586876732976545e-02
6.833333333333333481e-01	-4.253123058609694501e-03
6.999999999999999556e-01	9.876447454581844393e-03
7.166666666666666741e-01	2.284120599747634789e-02
7.333333333333332815e-01	1.558042648520231374e-02
7.500000000000000000e-01	2.024972868927553404e-02
7.666666666666667185e-01	-6.151487290891571869e-02
7.833333333333334370e-01	7.462968828976067337e-02
7.999999999999999334e-01	3.245089550634364800e-02
8.166666666666666519e-01	-8.052974449953941016e-02
8.333333333333333703e-01	4.541033114979659696e-02
8.499999999999999778e-01	-3.841894872068357669e-02
8.666666666666666963e-01	1.010234496512997515e-01
8.833333333333334147e-01	4.408072769090110032e-03
9.000000000000000222e-01	-6.901929024655488465e-02
9.166666666666666297e-01	-3.320391059610326712e-02
9.333333333333333481e-01	7.819046862038050993e-02
9.499999999999999556e-01	-2.710123144991204852e-02
9.666666666666665630e-01	-2.750966882545421294e-02
9.833333333333333925e-01	2.729281302859772398e-02
1.000000000000000000e+00	-5.301846157199399667e-02
1.016666666666666829e+00	-8.312211380725337013e-04
1.033333333333333215e+00	1.450959541260806417e-02
1.050000000000000044e+00	1.563231659670024851e-02
1.066666666666666652e+00	-1.623642419510997609e-02
1.083333333333333259e+00	-4.101348067178985091e-02
1.100000000000000089e+00	-9.878383305594200248e-02
1.116666666666666696e+00	5.030007319634319241e-02
1.133333333333333526e+00	6.819014072090880119e-03
1.149999999999999911e+00	2.682405218561294616e-02
1.166666666666666741e+00	9.632012320059708810e-02
1.183333333333333348e+00	-1.451923144903331450e-02
1.199999999999999956e+00	3.787630558845696271e-02
1.216666666666666785e+00	2.563506172334653610e-02
1.233333333333333393e+00	-5.842597922517256404e-02
1.250000000000000000e+00	-6.341764020664177048e-02
1.266666666666666607e+00	1.571470103573460730e-02
1.283333333333333215e+00	4.978544014944629413e-03
1.300000000000000044e+00	3.053838186121804466e-02
1.316666666666666652e+00	-3.323875101852360320e-02
1.333333333333333481e+00	-1.535405584875698497e-02
1.350000000000000089e+00	-3.607799575517948998e-02
1.366666666666666696e+00	2.402911777730121212e-02
1.383333333333333304e+00	-2.951014249279236210e-02
1.399999999999999911e+00	3.708037375244631340e-02
1.416666666666666741e+00	-5.467451645528178562e-03
1.433333333333333348e+00	-3.236323785679266074e-05
1.450000000000000178e+00	4.177041921619241427e-02
1.466666666666666563e+00	1.589269244890754995e-02
1.483333333333333393e+00	-4.829646513387698958e-02
1.500000000000000000e+00	4.946581582553243039e-02
1.516666666666666607e+00	6.382898117210648870e-02
1.533333333333333437e+00	6.385370404259506361e-02
1.550000000000000044e+00	-4.314373595743289241e-02
1.566666666666666874e+00	2.077534582796623092e-02
1.583333333333333259e+00	7.265740032228415468e-02
1.599999999999999867e+00	-1.546380469453368690e-02
1.616666666666666696e+00	-2.989206598346399318e-02
1.633333333333333304e+00	-3.567923670515988493e-02
1.650000000000000133e+00	7.004176849838811281e-02
1.666666666666666741e+00	2.991192585337187210e-02
1.683333333333333348e+00	-6.000622986140355386e-02
1.699999999999999956e+00	-6.691821051265578468e-02
1.716666666666666563e+00	-1.972170308776070163e-02
1.733333333333333393e+00	-3.038107103400441641e-02
1.750000000000000000e+00	-1.900610222130157470e-02
1.766666666666666829e+00	1.440881079035361998e-03
1.783333333333333437e+00	6.059334981126037606e-02
1.800000000000000044e+00	3.049823875451352848e-02
1.816666666666666652e+00	5.426740442315596685e-02
1.833333333333333259e+00	-1.019702617322438762e-02
1.850000000000000089e+00	-1.094781778720477911e-02
1.866666666666666696e+00	-3.244853413308704769e-03
1.883333333333333526e+00	-1.107438664016804214e-02
1.899999999999999911e+00	2.371573718105929665e-02
1.916666666666666741e+00	-1.852887054746248791e-02
1.933333333333333126e+00	2.208478888198850670e-03
1.949999999999999956e+00	5.284151667585080397e-02
1.966666666666666785e+00	6.921052549965288347e-02
1.983333333333333615e+00	-2.223261923877724658e-02
2.000000000000000000e+00	1.145550136601711788e-01
2.016666666666666607e+00	-4.369159682032512648e-02
2.033333333333333659e+00	-2.043041230788466352e-04
2.049999999999999822e+00	7.631926892711282662e-02
2.066666666666666430e+00	-3.693719588463102027e-02
2.083333333333333481e+00	6.812598634889432264e-03
2.100000000000000089e+00	7.226198176713806431e-02
2.116666666666666696e+00	-1.478283626119668466e-02
2.133333333333333304e+00	-4.502562450798960891e-02
2.150000000000000355e+00	-3.092031483125816729e-02
2.166666666666666519e+00	3.281763128516801842e-03
2.183333333333333126e+00	1.455424619884952697e-02
2.200000000000000178e+00	1.144741399026538847e-01
2.216666666666666785e+00	-1.894454985999851487e-02
2.233333333333333393e+00	-7.241125090988068808e-03
2.250000000000000000e+00	-2.548725825329567138e-02
2.266666666666667052e+00	4.370511374050908143e-02
2.283333333333333215e+00	-4.799955127070324595e-02
2.299999999999999822e+00	-4.689312458602599987e-02
2.316666666666666874e+00	-5.990523396475482681e-02
2.333333333333333481e+00	-2.070852219402714856e-02
2.350000000000000089e+00	8.289944295412727746e-03
2.366666666666666696e+00	2.636597989855237953e-02
2.383333333333333304e+00	1.207458251766132563e-02
2.399999999999999911e+00	-1.295398001935921077e-02
2.416666666666666519e+00	-7.337496650725437719e-02
2.433333333333333570e+00	-9.548760230961163276e-03
2.450000000000000178e+00	4.179720573263305539e-02
2.466666666666666785e+00	4.851510276096369229e-02
2.483333333333333393e+00	1.165703241526514747e-04
2.500000000000000000e+00	9.016514880994806400e-03
2.516666666666666607e+00	-4.491454025186419896e-02
2.533333333333333215e+00	8.935992796975102126e-02
2.550000000000000266e+00	-2.814980868525096200e-02
2.566666666666666430e+00	-2.100746510929480532e-02
2.583333333333333481e+00	5.427462044179343428e-03
2.600000000000000089e+00	2.562822101430779070e-02
2.616666666666666696e+00	-2.206288757670765016e-02
2.633333333333333304e+00	-3.529456726848224229e-03
2.649999999999999911e+00	-2.429573676663700915e-02
2.666666666666666963e+00	-1.950698501559188641e-02
2.683333333333333126e+00	8.012285690724046949e-02
2.700000000000000178e+00	-7.032380332748912159e-03
2.716666666666666785e+00	5.385737328677896174e-02
2.733333333333333393e+00	2.855933977547909716e-02
2.750000000000000000e+00	-2.382889374488758941e-02
2.766666666666666607e+00	-5.019199460245425681e-02
2.783333333333333659e+00	-8.438389871697918321e-02
2.799999999999999822e+00	-3.551597665973402207e-02
2.816666666666666874e+00	-7.125293056899548172e-02
2.833333333333333481e+00	4.483637481119427670e-02
2.850000000000000089e+00	2.955335757510881012e-02
2.866666666666666696e+00	-2.256120513803438078e-03
2.883333333333333304e+00	-5.492503034144183283e-03
2.900000000000000355e+00	-3.410819319934758204e-02
2.916666666666666519e+00	-3.036059520655537067e-02
2.933333333333333126e+00	1.338279286526835032e-01
2.950000000000000178e+00	3.048389573395419300e-02
2.966666666666666785e+00	-6.407736791031988510e-02
2.983333333333333393e+00	3.394071257071909486e-02
3.000000000000000000e+00	-8.575418926389032775e-03
3.016666666666667052e+00	6.200267094322325923e-02
3.033333333333333215e+00	-1.264123241992929194e-03
3.049999999999999822e+00	-4.192257468994417535e-02
3.066666666666666874e+00	-1.365377689554127250e-02
3.083333333333333481e+00	3.115587207243298434e-02
3.100000000000000089e+00	4.783139020603136872e-03
3.116666666666666696e+00	6.891405439058764792e-03
3.133333333333333748e+00	5.523333283138938399e-02
3.149999999999999911e+00	7.494331694076709904e-02
3.166666666666666519e+00	4.433489305615208320e-02
3.183333333333333570e+00	-1.221818220375007688e-02
3.199999999999999734e+00	1.831803932767557541e-02
3.216666666666666785e+00	9.850400048340746811e-03
3.233333333333333393e+00	4.688574083951224658e-02
3.250000000000000444e+00	-3.212901816789636572e-03
3.266666666666666607e+00	-4.255063511927913850e-02
3.283333333333333215e+00	3.636606977292614756e-02
3.300000000000000266e+00	-3.036916356728430071e-04
3.316666666666666430e+00	-2.361501228465716362e-02
3.333333333333333481e+00	-6.238466978999902650e-03
3.350000000000000089e+00	8.550521970156987894e-03
3.366666666666666696e+00	-9.609040682205480591e-03
3.383333333333333304e+00	-7.634531531973112219e-03
3.399999999999999911e+00	1.228206025393717600e-02
3.416666666666666963e+00	-1.425691269304109506e-02
3.433333333333333126e+00	-5.673002876413683893e-02
3.450000000000000178e+00	1.382034882791016439e-01
3.466666666666666785e+00	8.055454130757056311e-03
3.483333333333333393e+00	1.720643764680358789e-02
3.500000000000000000e+00	5.555386492180891533e-02
3.516666666666666607e+00	7.352709184357685002e-02
3.533333333333333659e+00	1.554571474455180256e-03
3.549999999999999822e+00	-3.742194880760130876e-02
3.566666666666666874e+00	-6.721920012143561482e-03
3.583333333333333481e+00	-9.842664366603304238e-02
3.600000000000000089e+00	9.571167410301954087e-03
3.616666666666666696e+00	2.078323811890653988e-02
3.633333333333333304e+00	4.494619224931072077e-02
3.650000000000000355e+00	1.780761325919683058e-02
3.666666666666666519e+00	8.854272662207254146e-03
3.683333333333333570e+00	-3.084171562052552638e-03
3.700000000000000178e+00	6.158719338905389168e-02
3.716666666666666785e+00	4.992089678742300113e-02
3.733333333333333393e+00	-4.592544578745771933e-02
3.750000000000000000e+00	-6.673430214525898074e-03
3.766666666666667052e+00	-8.400620889117452542e-03
3.783333333333333215e+00	-2.411318180198715119e-02
3.799999999999999822e+00	-1.636249661187079429e-02
3.816666666666666874e+00	-1.381790300957090600e-02
3.833333333333333481e+00	-4.061601109406635240e-02
3.850000000000000533e+00	1.793585406172677060e-02
3.866666666666666252e+00	3.250285593491546599e-03
3.883333333333333304e+00	9.879387164401104166e-04
3.899999999999999911e+00	-1.942677965560338227e-02
3.916666666666666519e+00	2.327349463659919581e-04
3.933333333333333570e+00	-1.479745389881572358e-02
3.950000000000000178e+00	2.130949495416141481e-02
3.966666666666667229e+00	-2.292988474437120811e-02
3.983333333333332948e+00	4.772506547575062694e-03
4.000000000000000000e+00	-2.423888935224117677e-02
4.016666666666666607e+00	4.365701207676558069e-04
4.033333333333333215e+00	-5.897973719012621074e-03
4.049999999999999822e+00	3.994782659135679564e-02
4.066666666666667318e+00	-1.571314364100559816e-02
4.083333333333333925e+00	5.162034937209297736e-02
4.099999999999999645e+00	-4.925898104043923385e-03
4.116666666666666252e+00	3.477723836551001313e-02
4.133333333333332860e+00	-6.966311651576756470e-02
4.150000000000000355e+00	2.592623295270412784e-02
4.166666666666666963e+00	-9.873109144665420667e-02
4.183333333333333570e+00	2.165322249897617263e-02
4.200000000000000178e+00	4.342339018450442484e-02
4.216666666666666785e+00	-3.713369624229740165e-03
4.233333333333333393e+00	6.031044078768206529e-02
4.250000000000000000e+00	7.298076998125141435e-02
4.266666666666666607e+00	1.018105900806094560e-01
4.283333333333333215e+00	-9.920331536412047013e-02
4.300000000000000711e+00	-6.529302819017409297e-03
4.316666666666667318e+00	-9.341030663070359202e-03
4.333333333333333037e+00	-3.357567877396500783e-02
4.349999999999999645e+00	-9.035514127953424464e-04
4.366666666666666252e+00	-2.623058729583298276e-02
4.383333333333333748e+00	8.340349913905099888e-02
4.400000000000000355e+00	-3.720039070546474896e-02
4.416666666666666963e+00	-4.005479346853980938e-02
4.433333333333333570e+00	1.570272865375544474e-02
4.450000000000000178e+00	7.257537482816701913e-02
4.466666666666666785e+00	-4.463948968897639424e-02
4.483333333333333393e+00	-6.764485799146251546e-03
4.500000000000000000e+00	-3.049463841704225242e-02
4.516666666666666607e+00	-5.966439755516183066e-03
4.533333333333334103e+00	-7.511885564179891783e-02
4.550000000000000711e+00	5.539884059039528602e-02
4.566666666666666430e+00	-2.252063563758649814e-02
4.583333333333333037e+00	5.269544705073481855e-02
4.599999999999999645e+00	1.083018841488256334e-01
4.616666666666667140e+00	-3.235130996434167506e-03
4.633333333333333748e+00	-3.744277317041708273e-03
4.650000000000000355e+00	2.659112010501994000e-02
4.666666666666666963e+00	-3.825022803165147034e-02
4.683333333333332682e+00	1.084244290716962315e-02
4.700000000000000178e+00	2.990603157185449043e-02
4.716666666666666785e+00	1.674905680380911824e-02
4.733333333333333393e+00	4.614997051621943375e-02
4.750000000000000000e+00	7.217624317540999312e-02
4.766666666666666607e+00	1.560032242517084104e-02
4.783333333333334103e+00	9.489679529652632339e-02
4.799999999999999822e+00	-5.823663290060882708e-02
4.816666666666666430e+00	-1.688190537536700397e-02
4.833333333333333037e+00	2.474858019710722903e-02
4.850000000000000533e+00	-5.738059980814880917e-02
4.866666666666667140e+00	-2.565015858427283774e-02
4.883333333333333748e+00	1.587762861350195884e-02
4.900000000000000355e+00	-5.507077151158581985e-02
4.916666666666666075e+00	-6.051882356753506692e-03
4.933333333333333570e+00	-6.254128903599250056e-02
4.950000000000000178e+00	-3.262057345502275552e-02
4.966666666666666785e+00	1.705353613199599508e-02
4.983333333333333393e+00	3.403808878078198180e-02
5.000000000000000000e+00	-8.578752427440099193e-03
5.016666666666666607e+00	3.201237944613689879e-02
5.033333333333333215e+00	-9.106996661592556275e-02
5.049999999999999822e+00	-5.338405524744558629e-03
5.066666666666666430e+00	8.387264507923503781e-03
5.083333333333333925e+00	4.403017844167700368e-02
5.100000000000000533e+00	-2.339226156979846635e-02
5.116666666666667140e+00	-2.029217284181751568e-02
5.133333333333332860e+00	-3.981105883452951827e-02
5.149999999999999467e+00	-4.295901670679756063e-02
5.166666666666666963e+00	-1.064191113691067246e-02
5.183333333333333570e+00	1.522438709770886252e-02
5.200000000000000178e+00	7.179242206892479106e-02
5.216666666666666785e+00	-5.311818836286232720e-02
5.233333333333333393e+00	-3.845229670428246260e-02
5.250000000000000000e+00	-2.713378637074827238e-02
5.266666666666666607e+00	3.097442275089843169e-02
5.283333333333333215e+00	5.302753911539819648e-02
5.299999999999999822e+00	-2.075253218370846919e-02
5.316666666666666430e+00	-7.434601287411553294e-02
5.333333333333333925e+00	6.313312830052745031e-03
5.350000000000000533e+00	-6.612485775826487666e-03
5.366666666666666252e+00	1.367754810420540937e-02
5.383333333333332860e+00	-2.907320398365554476e-02
5.400000000000000355e+00	2.307977372525471874e-02
5.416666666666666963e+00	3.124575509402579068e-02
5.433333333333333570e+00	-3.459451618310301069e-03
5.450000000000000178e+00	3.507545533545646660e-02
5.466666666666666785e+00	5.412690915341455966e-02
5.483333333333333393e+00	-1.782868438418697826e-02
5.500000000000000000e+00	3.923323839659662027e-02
5.516666666666666607e+00	-1.688899320821635186e-02
5.533333333333333215e+00	1.202727362062459837e-02
5.549999999999999822e+00	7.860411255728921853e-02
5.566666666666667318e+00	-7.104503563818807821e-02
5.583333333333333925e+00	5.600613031735436273e-03
5.599999999999999645e+00	4.168390954685396999e-02
5.616666666666666252e+00	2.177501304756564865e-02
5.633333333333333748e+00	-5.955534815700701257e-02
5.650000000000000355e+00	1.980860124535956113e-02
5.666666666666666963e+00	-1.506732830921946042e-02
5.683333333333333570e+00	-4.184699931498207098e-02
5.700000000000000178e+00	5.220195374321022486e-03
5.716666666666666785e+00	5.046052402040480944e-02
5.733333333333333393e+00	-5.669199535239031681e-03
5.750000000000000000e+00	-7.263666827679005067e-02
5.766666666666666607e+00	2.487676927675622554e-02
5.783333333333333215e+00	5.839543831479134667e-02
5.800000000000000711e+00	-4.067685333707161954e-02
5.816666666666667318e+00	-4.596563474282940043e-02
5.833333333333333037e+00	-4.350194213350987854e-02
5.849999999999999645e+00	1.924115326102348103e-02
5.866666666666666252e+00	1.004477877572657399e-02
5.883333333333333748e+00	4.502910121304258551e-02
5.900000000000000355e+00	-3.869632543490165999e-02
5.916666666666666963e+00	-5.204173797551570058e-02
5.933333333333333570e+00	-6.167401833361309954e-03
5.950000000000000178e+00	4.893589238846542122e-02
5.966666666666666785e+00	-1.558978559494760691e-02
5.983333333333333393e+00	-2.929002001246034520e-02
6.000000000000000000e+00	-7.380376872613811368e-02
6.016666666666666607e+00	5.103722690727451571e-03
6.033333333333334103e+00	-1.107560967129154472e-01
6.050000000000000711e+00	9.390993676787671995e-02
6.066666666666666430e+00	1.007972471606464887e-01
6.083333333333333037e+00	4.232993198922556377e-02
6.099999999999999645e+00	-5.489356264984737721e-02
6.116666666666667140e+00	-6.909150339453484779e-02
6.133333333333333748e+00	3.590063145137903106e-03
6.150000000000000355e+00	-2.355229099263576181e-02
6.166666666666666963e+00	8.718082726556183534e-03
6.183333333333333570e+00	4.704711668061194868e-02
6.200000000000000178e+00	2.890295132850373080e-02
6.216666666666666785e+00	-3.972954659482422907e-02
6.233333333333333393e+00	-2.923520428171857283e-02
6.250000000000000000e+00	4.731510832584482490e-02
6.266666666666667496e+00	-4.428661271113177450e-03
6.283333333333334103e+00	2.590405929304103946e-02
6.299999999999999822e+00	8.529448223627195125e-02
6.316666666666666430e+00	-5.518580399420451588e-02
6.333333333333333037e+00	2.847920908149931263e-02
6.350000000000000533e+00	-2.433752426015138928e-02
6.366666666666667140e+00	-2.999867195868238454e-02
6.383333333333333748e+00	3.654339342992216078e-02
6.399999999999999467e+00	4.494796952974051268e-02
6.416666666666666075e+00	-5.189001582705443649e-02
6.433333333333333570e+00	5.556296347890907900e-02
6.450000000000000178e+00	-2.090431289203902032e-02
6.466666666666666785e+00	8.781990023405983087e-05
6.483333333333333393e+00	-2.920803516151310522e-02
6.500000000000000888e+00	2.057574763511338736e-02
6.516666666666666607e+00	-6.640816638796898097e-02
6.533333333333333215e+00	2.858176076729068704e-02
6.549999999999999822e+00	-8.712816330302861415e-03
6.566666666666666430e+00	5.464619729343330595e-02
6.583333333333333925e+00	-5.967225534083560323e-02
6.600000000000000533e+00	-3.890821572198996381e-02
6.616666666666667140e+00	1.767343523204009670e-02
6.633333333333332860e+00	2.838159715395034699e-02
6.649999999999999467e+00	-4.041873304268797651e-02
6.666666666666666963e+00	9.671400143759641133e-02
6.683333333333333570e+00	-1.368437954642446296e-02
6.700000000000000178e+00	-3.917135690706938927e-02
6.716666666666666785e+00	-5.406245156858607848e-02
6.733333333333333393e+00	9.079266969559327254e-04
6.750000000000000000e+00	-5.521101400527203551e-02
6.766666666666666607e+00	2.548482960505008693e-02
6.783333333333333215e+00	-1.211493439387881753e-02
6.799999999999999822e+00	1.588634871583311653e-02
6.816666666666667318e+00	-8.194431937809176086e-03
6.833333333333333925e+00	-8.672340059137223500e-02
6.850000000000000533e+00	6.315897514419294145e-02
6.866666666666666252e+00	1.795428347400261637e-02
6.883333333333332860e+00	-3.399085084037255927e-02
6.900000000000000355e+00	1.463992899238706485e-02
6.916666666666666963e+00	3.470665097895830192e-02
6.933333333333333570e+00	-8.435061516838918139e-02
6.950000000000000178e+00	1.405310976372091056e-02
6.966666666666666785e+00	4.191996163768921084e-03
6.983333333333333393e+00	-1.981963643938361441e-02
7.000000000000000000e+00	6.283503571061067883e-02
7.016666666666666607e+00	-6.079595192199660492e-02
7.033333333333333215e+00	-1.325718267524756550e-02
7.049999999999999822e+00	-7.821582993178841092e-02
7.066666666666667318e+00	1.813468347871017303e-03
7.083333333333333925e+00	4.891954041471885395e-03
7.099999999999999645e+00	-3.222645548479894859e-03
7.116666666666666252e+00	-1.535229765603106714e-02
7.133333333333333748e+00	1.646740567458997856e-02
7.150000000000000355e+00	1.232454981745378800e-03
7.166666666666666963e+00	-2.124421161513924405e-02
7.183333333333333570e+00	6.721553657765309137e-03
7.200000000000000178e+00	6.235127917425111604e-02
7.216666666666666785e+00	5.029091218038456157e-02
7.233333333333333393e+00	-4.915067496496009630e-02
7.250000000000000000e+00	3.784942286532160666e-02
7.266666666666666607e+00	3.904649349378422341e-02
7.283333333333333215e+00	1.861250245941794071e-02
7.300000000000000711e+00	-4.038386157691296191e-02
7.316666666666667318e+00	2.683734661102610969e-02
7.333333333333333037e+00	-4.751074213108086308e-02
7.349999999999999645e+00	-1.707770600616828616e-02
7.366666666666667140e+00	-3.026745618833497423e-02
7.383333333333333748e+00	1.794079582648037616e-02
7.400000000000000355e+00	-2.094249004501125971e-02
7.416666666666666963e+00	-1.932850816654479650e-02
7.433333333333333570e+00	-1.150078275835419647e-02
7.450000000000000178e+00	3.322490480615502423e-02
7.466666666666666785e+00	7.189709976124618318e-02
7.483333333333333393e+00	1.390856556424447873e-02
7.500000000000000000e+00	-7.258137141212051002e-02
7.516666666666666607e+00	-1.427488751657465848e-03
7.533333333333334103e+00	-5.135075219040233924e-02
7.550000000000000711e+00	7.908027330350235473e-02
7.566666666666666430e+00	-2.702387767070152380e-02
7.583333333333333037e+00	6.883042499347929999e-02
7.599999999999999645e+00	-6.228483305673561399e-02
7.616666666666667140e+00	1.472190893524986770e-02
7.633333333333333748e+00	1.332073427628975917e-02
7.649999999999999467e+00	-1.446597487849291853e-02
7.666666666666666963e+00	-8.327023416093254707e-03
7.683333333333333570e+00	5.334593543105105307e-02
7.700000000000001066e+00	-3.403398734339398071e-03
7.716666666666666785e+00	-2.030568690594532558e-02
7.733333333333332504e+00	-5.146178631381199270e-02
7.750000000000000000e+00	-1.167092177353495734e-02
7.766666666666666607e+00	5.202070625675601218e-02
7.783333333333334103e+00	-6.161612671959658394e-02
7.799999999999999822e+00	-2.526038023715862502e-02
7.816666666666667318e+00	3.009910449215770847e-02
7.833333333333333037e+00	1.391543242733017660e-02
7.849999999999999645e+00	-4.206571725409648244e-03
7.866666666666667140e+00	-2.674647499803558398e-02
7.883333333333332860e+00	-3.099372285008554148e-02
7.900000000000000355e+00	1.956516917905477045e-03
7.916666666666666963e+00	2.121735774951337763e-02
7.933333333333334458e+00	-8.370308891503873416e-02
7.950000000000000178e+00	-6.306117628498507377e-02
7.966666666666665897e+00	-4.311819003448722799e-03
7.983333333333333393e+00	6.620287576231008442e-02
8.000000000000000000e+00	-1.084310800424930291e-02
8.016666666666667496e+00	9.182116828015624010e-02
8.033333333333333215e+00	-2.696593903651707189e-02
8.050000000000000711e+00	-9.654365242050537421e-03
8.066666666666666430e+00	4.464091087685399806e-02
8.083333333333332149e+00	2.618920516245490035e-02
8.099999999999999645e+00	-4.591859661645493473e-02
8.116666666666667140e+00	1.056559216439384094e-02
8.133333333333334636e+00	-3.419639489440583213e-02
8.150000000000000355e+00	-4.227351871295303987e-02
8.166666666666667851e+00	-1.450060738388654798e-02
8.183333333333333570e+00	2.664421211335210593e-02
8.199999999999999289e+00	8.558332631974088778e-02
8.216666666666666785e+00	-3.712897118908157351e-03
8.233333333333332504e+00	-2.773770657531162212e-02
8.250000000000000000e+00	-1.670423499955270286e-02
8.266666666666665719e+00	5.285759032048091555e-02
8.283333333333334991e+00	-2.630377099257100084e-03
8.300000000000000711e+00	5.114934742615524083e-02
8.316666666666666430e+00	2.314235139744412820e-02
8.333333333333333925e+00	-8.712569476025704140e-02
8.349999999999999645e+00	-3.577417007702584500e-02
8.366666666666667140e+00	-7.258878670193905092e-02
8.383333333333332860e+00	-3.475162373355499684e-02
8.400000000000000355e+00	4.264788939401339962e-02
8.416666666666666075e+00	-2.420755172905318317e-02
8.433333333333333570e+00	-2.528385448233252605e-02
8.450000000000001066e+00	6.730852643498203003e-02
8.466666666666666785e+00	2.625069167432264247e-02
8.483333333333334281e+00	8.566200626923746800e-03
8.500000000000000000e+00	-4.596902392744667970e-02
8.516666666666667496e+00	2.030374316532268172e-02
8.533333333333333215e+00	9.419109951395875438e-03
8.549999999999998934e+00	-1.831012948360873083e-02
8.566666666666666430e+00	5.315972786895968930e-03
8.583333333333332149e+00	4.396606828448768045e-02
8.600000000000001421e+00	-2.722444738312580423e-02
8.616666666666667140e+00	-6.446524097538461340e-02
8.633333333333334636e+00	-1.369181919949188789e-03
8.650000000000000355e+00	1.891144046352222566e-02
8.666666666666666075e+00	4.883381807291688886e-02
8.683333333333333570e+00	-2.417226101114914802e-02
8.699999999999999289e+00	3.225049697210330413e-02
8.716666666666666785e+00	8.690490906653502989e-02
8.733333333333332504e+00	1.156590724485977856e-02
8.750000000000001776e+00	-2.184193106934256834e-02
8.766666666666667496e+00	3.885498555193926673e-02
8.783333333333333215e+00	1.181019715667020083e-02
8.800000000000000711e+00	-3.374554975670410878e-02
8.816666666666666430e+00	-3.519450891055011382e-02
8.833333333333333925e+00	-7.137611283496078651e-02
8.849999999999999645e+00	-2.140231260780178085e-02
8.866666666666667140e+00	-4.362872625838912916e-02
8.883333333333332860e+00	-6.251596943458975764e-02
8.900000000000000355e+00	-7.798633307124082370e-02
8.916666666666667851e+00	-1.026910954613554673e-02
8.933333333333333570e+00	8.153062905251435427e-03
8.950000000000001066e+00	7.386621795203596880e-03
8.966666666666666785e+00	4.777360729450812887e-02
8.983333333333334281e+00	-4.125727173680068804e-02
9.000000000000000000e+00	7.362027703913277821e-02
9.016666666666665719e+00	-3.011331812305674538e-02
9.033333333333333215e+00	4.930962809444783268e-02
9.049999999999998934e+00	4.337554582129094644e-02
9.066666666666668206e+00	-2.074974751592862515e-02
9.083333333333333925e+00	-1.938685194404442952e-02
9.100000000000001421e+00	-2.489602780864464890e-02
9.116666666666667140e+00	7.310644304603629035e-04
9.133333333333332860e+00	4.392675286979375732e-02
9.150000000000000355e+00	-5.236346563603912901e-02
9.166666666666666075e+00	-5.463613010416507737e-02
9.183333333333333570e+00	1.008966160314742934e-02
9.199999999999999289e+00	-4.941453037438486157e-02
9.216666666666666785e+00	-3.383157839099244866e-03
9.233333333333334281e+00	5.697778098222067156e-02
9.250000000000000000e+00	-8.704420184091254953e-02
9.266666666666667496e+00	-3.107712179364018404e-02
9.283333333333333215e+00	6.111095734237236704e-02
9.300000000000000711e+00	-8.905652704163774178e-03
9.316666666666666430e+00	-3.039830576042020643e-02
9.333333333333333925e+00	3.785785040185496442e-02
9.349999999999999645e+00	-2.432024333032003355e-02
9.366666666666665364e+00	8.577724187954802182e-02
9.383333333333334636e+00	1.661593322721352170e-02
9.400000000000000355e+00	-7.769779380373423305e-02
9.416666666666667851e+00	3.613686000929174080e-02
9.433333333333333570e+00	3.880626497658064278e-02
9.450000000000001066e+00	1.036315524190326715e-02
9.466666666666666785e+00	-2.411438624684283244e-02
9.483333333333332504e+00	-7.805298869809427619e-04
9.500000000000000000e+00	-3.988190808950050487e-02
9.516666666666665719e+00	5.897583894158071882e-02
9.533333333333333215e+00	6.534234405552731551e-02
9.550000000000000711e+00	8.298420155250162480e-03
9.566666666666668206e+00	6.806306460961571159e-02
9.583333333333333925e+00	6.490364845316557406e-03
9.599999999999999645e+00	-5.766181906982296990e-02
9.616666666666667140e+00	3.774515388377676361e-02
9.633333333333332860e+00	-4.192130222418169461e-02
9.650000000000000355e+00	-2.029591921202429303e-02
9.666666666666666075e+00	1.192309844095798370e-02
9.683333333333333570e+00	2.098168226357493768e-02
9.700000000000001066e+00	-6.787100584890288883e-03
9.716666666666666785e+00	5.922162278103080407e-03
9.733333333333334281e+00	4.699491067771641162e-02
9.750000000000000000e+00	-1.204352446044545770e-02
9.766666666666667496e+00	-1.548771965927096773e-03
9.783333333333333215e+00	-6.611502837654061049e-02
9.800000000000000711e+00	-1.746466633082577747e-04
9.816666666666666430e+00	-2.363208960302107600e-02
9.833333333333332149e+00	-1.191167255286395138e-01
9.850000000000001421e+00	-9.565789220641846002e-02
9.866666666666667140e+00	5.538332156133263240e-02
9.883333333333334636e+00	1.935063800038171536e-02
9.900000000000000355e+00	2.024242039421350267e-02
9.916666666666667851e+00	3.659012620557117873e-02
9.933333333333333570e+00	-3.793654601494548390e-02
9.949999999999999289e+00	1.707451911406467071e-02
9.966666666666666785e+00	-4.029722070111812311e-04
9.983333333333332504e+00	5.436010813496693767e-02
1.000000000000000000e+01	-4.808382148769530656e-02
1.001666666666666750e+01	-4.251591834505357576e-02
1.003333333333333321e+01	2.543619516409884040e-02
1.005000000000000071e+01	-3.463285925312065139e-02
1.006666666666666643e+01	-7.952288784321508847e-03
1.008333333333333393e+01	-4.653891085746066775e-02
1.009999999999999964e+01	-5.910801972919690200e-02
1.011666666666666714e+01	-4.129703929938671053e-02
1.013333333333333286e+01	-8.547289891909994053e-02
1.014999999999999858e+01	5.935729991176926651e-02
1.016666666666666785e+01	1.576729174891161600e-02
1.018333333333333357e+01	3.030892291665045202e-02
1.020000000000000107e+01	3.974568976816376942e-02
1.021666666666666679e+01	-3.697346347425593122e-02
1.023333333333333428e+01	-4.829166862435329416e-02
1.025000000000000000e+01	4.562595578609694898e-03
1.026666666666666572e+01	-3.239061815620197793e-02
1.028333333333333321e+01	-9.835139774863896692e-04
1.029999999999999893e+01	2.533885283416409048e-02
1.031666666666666643e+01	-5.414312591646627641e-03
1.033333333333333393e+01	-3.804058345471333924e-02
1.035000000000000142e+01	6.194383043101945457e-02
1.036666666666666714e+01	1.609455489157444671e-02
1.038333333333333286e+01	3.227724881815591945e-02
1.040000000000000036e+01	7.063192612648683255e-02
1.041666666666666607e+01	-6.879908451857362495e-02
1.043333333333333357e+01	-1.267952568839679668e-02
1.044999999999999929e+01	1.164080375563063090e-02
1.046666666666666679e+01	-9.763776645937188858e-02
1.048333333333333428e+01	-1.030325329150312726e-02
1.050000000000000000e+01	-3.182169254004987152e-02
1.051666666666666750e+01	1.087486794452934002e-02
1.053333333333333321e+01	3.650059392549058999e-03
1.055000000000000071e+01	-4.033078182256524119e-02
1.056666666666666643e+01	-3.097151712208764257e-02
1.058333333333333393e+01	2.515970380832429146e-02
1.059999999999999964e+01	5.674126658065473811e-02
1.061666666666666536e+01	3.858077914686146304e-02
1.063333333333333286e+01	2.951935271262052900e-03
1.065000000000000036e+01	5.747491278053861591e-02
1.066666666666666785e+01	-1.737959849143109678e-02
1.068333333333333357e+01	-4.277988319526600247e-02
1.070000000000000107e+01	7.086529486824327817e-02
1.071666666666666679e+01	7.848763554210565208e-02
1.073333333333333250e+01	2.168931660411914722e-02
1.075000000000000000e+01	5.294219041519324792e-02
1.076666666666666572e+01	2.211069770635468515e-02
1.078333333333333321e+01	3.284328237070480161e-02
1.080000000000000071e+01	6.818512247096139220e-03
1.081666666666666821e+01	2.457381363846882633e-02
1.083333333333333393e+01	-5.976944641152664994e-02
1.084999999999999964e+01	-4.980517671375439548e-02
1.086666666666666714e+01	-2.444688003506753984e-02
1.088333333333333286e+01	4.763224436303535765e-03
1.090000000000000036e+01	-1.211022322668957735e-01
1.091666666666666607e+01	2.333691589101866831e-02
1.093333333333333357e+01	-3.903518496277090521e-03
1.095000000000000107e+01	1.047828947924968057e-01
1.096666666666666679e+01	6.678852519323209835e-02
1.098333333333333428e+01	-1.082620368608301284e-02
1.100000000000000000e+01	-3.317509040022591921e-02
1.101666666666666750e+01	-2.380559659059630975e-02
1.103333333333333321e+01	-4.492358076806152872e-02
1.105000000000000071e+01	-6.447338731369266218e-02
1.106666666666666643e+01	7.461423267328523047e-03
1.108333333333333215e+01	4.163498716726793392e-02
1.109999999999999964e+01	2.891001519626209409e-02
1.111666666666666714e+01	-4.369529929760365521e-03
1.113333333333333464e+01	-3.516574557900439130e-02
1.115000000000000036e+01	9.155207551796561150e-02
1.116666666666666785e+01	-5.704603118986015936e-02
1.118333333333333357e+01	-5.034847704275086100e-02
1.119999999999999929e+01	-9.692714632724032733e-03
1.121666666666666679e+01	5.072924885767123721e-02
1.123333333333333250e+01	5.169079331072056957e-04
1.125000000000000000e+01	4.134314688763106316e-02
1.126666666666666750e+01	-7.701823148462351443e-02
1.128333333333333499e+01	-5.434159358936626466e-02
1.130000000000000071e+01	1.746234892973663397e-02
1.131666666666666643e+01	4.491134873005791367e-02
1.133333333333333393e+01	6.682364573766391702e-02
1.134999999999999964e+01	-2.056497109496777803e-02
1.136666666666666714e+01	-5.466553831521799717e-02
1.138333333333333286e+01	-4.885183865967782785e-02
1.140000000000000036e+01	-7.435824547286309753e-03
1.141666666666666607e+01	-4.142231897230640170e-02
1.143333333333333357e+01	2.607818745207006114e-02
1.145000000000000107e+01	1.670356035381890744e-02
1.146666666666666679e+01	-4.673801837654103369e-02
1.148333333333333428e+01	-2.505173085090082671e-02
1.150000000000000000e+01	-1.564606513095585100e-02
1.151666666666666750e+01	7.615723330338053376e-03
1.153333333333333321e+01	-5.136490556930954632e-02
1.154999999999999893e+01	5.466423277235718525e-02
1.156666666666666643e+01	-7.733828203357448472e-02
1.158333333333333393e+01	1.488239609203630825e-02
1.160000000000000142e+01	3.879168946673892254e-02
1.161666666666666714e+01	-1.226840111109282414e-02
1.163333333333333464e+01	-3.783171761072727513e-02
1.165000000000000036e+01	5.432906306889265236e-03
1.166666666666666607e+01	1.003114415877823379e-01
1.168333333333333357e+01	6.650259782360536109e-03
1.169999999999999929e+01	-2.916086109676303221e-03
1.171666666666666679e+01	-3.021329192284825590e-02
1.173333333333333250e+01	2.473826577808973734e-02
1.175000000000000178e+01	-6.395162438584865716e-02
1.176666666666666750e+01	5.356062593362226343e-02
1.178333333333333321e+01	1.888356414155321905e-02
1.180000000000000071e+01	-1.022689848283855028e-02
1.181666666666666643e+01	3.515653497827376638e-03
1.183333333333333393e+01	-8.649024883012499873e-03
1.184999999999999964e+01	-1.367839953205795406e-02
1.186666666666666714e+01	-2.603074348157539616e-02
1.188333333333333286e+01	1.339826187651904643e-02
1.190000000000000036e+01	2.919010772309145116e-02
1.191666666666666785e+01	7.472601945677996571e-02
1.193333333333333357e+01	4.729599442846783852e-02
1.195000000000000107e+01	1.037537637320577657e-03
1.196666666666666679e+01	3.645447134349044920e-03
1.198333333333333428e+01	-1.412742187247109302e-02
1.200000000000000000e+01	4.911916563886435660e-02
1.201666666666666572e+01	3.669490902026301821e-02
1.203333333333333321e+01	5.050618433984343375e-02
1.205000000000000071e+01	2.750488213642179880e-02
1.206666666666666821e+01	-3.769028803596451843e-02
1.208333333333333393e+01	-3.522333492099601060e-02
1.210000000000000142e+01	-3.472276249828867151e-02
1.211666666666666714e+01	-6.410192675041335997e-02
1.213333333333333286e+01	-5.022609385687129557e-02
1.215000000000000036e+01	4.911648285148718929e-02
1.216666666666666607e+01	-2.610489969598028120e-02
1.218333333333333357e+01	-2.353509950188139785e-02
1.219999999999999929e+01	-3.805996783958853769e-02
1.221666666666666856e+01	-2.630678426551089077e-02
1.223333333333333428e+01	-3.578980470308266992e-02
1.225000000000000000e+01	-1.561121738339711455e-02
1.226666666666666750e+01	8.534784690967467391e-02
1.228333333333333321e+01	5.327743467920507264e-02
1.230000000000000071e+01	7.530409462340221724e-03
1.231666666666666643e+01	-3.456275001729879753e-02
1.233333333333333393e+01	1.487844061666651271e-02
1.234999999999999964e+01	-4.000407236651616627e-02
1.236666666666666714e+01	-6.340280659703126376e-02
1.238333333333333464e+01	-5.789413591913543378e-02
1.240000000000000036e+01	-1.421521230834018046e-01
1.241666666666666785e+01	-1.801420809496832587e-01
1.243333333333333357e+01	-8.479943157761363204e-03
1.245000000000000107e+01	-7.323378991899978652e-02
1.246666666666666679e+01	-5.289104261307625565e-02
1.248333333333333250e+01	5.214032219847941629e-02
1.250000000000000000e+01	9.068233822942604883e-02
1.251666666666666572e+01	1.425159278941963148e-01
1.253333333333333499e+01	2.359615321449939906e-01
1.255000000000000071e+01	2.764113735108036929e-01
1.256666666666666821e+01	2.412396343207317828e-01
1.258333333333333393e+01	3.139748448951673598e-01
1.259999999999999964e+01	2.187013052989963402e-01
1.261666666666666714e+01	2.032301185678440647e-01
1.263333333333333286e+01	9.939013705790257502e-02
1.265000000000000036e+01	-6.495139487782028431e-02
1.266666666666666607e+01	-1.371443827237300017e-01
1.268333333333333357e+01	-1.778448944560184486e-01
1.270000000000000107e+01	-1.806637120574074440e-01
1.271666666666666679e+01	-2.146214126540051670e-01
1.273333333333333428e+01	-2.979409368094746990e-01
1.275000000000000000e+01	-2.580197178167972227e-01
1.276666666666666750e+01	-2.271130215775302719e-01
1.278333333333333321e+01	-1.406973958829730309e-01
1.279999999999999893e+01	-9.333000593277246404e-02
1.281666666666666643e+01	1.226681476395503380e-02
1.283333333333333215e+01	5.628022337542022691e-02
1.285000000000000142e+01	1.559533484641669743e-01
1.286666666666666714e+01	1.510497375563922828e-01
1.288333333333333464e+01	2.798002740027416557e-01
1.290000000000000036e+01	3.044688104403081574e-01
1.291666666666666607e+01	2.468946224091548847e-01
1.293333333333333357e+01	2.327806395344252932e-01
1.294999999999999929e+01	2.246191491031839516e-01
1.296666666666666679e+01	1.171899095891152237e-01
1.298333333333333250e+01	-9.770215409333532844e-03
1.300000000000000178e+01	-1.084578940540690262e-01
1.301666666666666750e+01	-1.005296252938395751e-01
1.303333333333333321e+01	-2.526280212976270700e-01
1.305000000000000071e+01	-2.792225257488933354e-01
1.306666666666666643e+01	-3.314202325656813719e-01
1.308333333333333393e+01	-3.000350728636282938e-01
1.309999999999999964e+01	-2.193009211983262541e-01
1.311666666666666714e+01	-1.973963021272983898e-01
1.313333333333333286e+01	-6.245658599877318418e-02
1.314999999999999858e+01	-1.454559402867113514e-02
1.316666666666666785e+01	8.320805124164115663e-02
1.318333333333333357e+01	2.359288637558854262e-01
1.320000000000000107e+01	2.565133727086958970e-01
1.321666666666666679e+01	2.195606975433381791e-01
1.323333333333333428e+01	2.132885367692125556e-01
1.325000000000000000e+01	2.720133638237427487e-01
1.326666666666666572e+01	2.239135358792439801e-01
1.328333333333333321e+01	1.501707773133625634e-01
1.329999999999999893e+01	1.004956044685842154e-01
1.331666666666666821e+01	8.900531678301241284e-03
1.333333333333333393e+01	-3.148933967236973441e-02
1.335000000000000142e+01	-1.536949167411276462e-01
1.336666666666666714e+01	-2.025859397934358097e-01
1.338333333333333286e+01	-2.180842113040902808e-01
1.340000000000000036e+01	-3.493160127893846778e-01
1.341666666666666607e+01	-2.079949176797616373e-01
1.343333333333333357e+01	-2.573429564538466385e-01
1.344999999999999929e+01	-2.102209287329284693e-01
1.346666666666666679e+01	-3.824936376401225080e-02
1.348333333333333428e+01	-2.626535845182444498e-02
1.350000000000000000e+01	1.393350540036177865e-01
1.351666666666666750e+01	1.769053913734497663e-01
1.353333333333333321e+01	1.796635355903710429e-01
1.355000000000000071e+01	1.698546976717773271e-01
1.356666666666666643e+01	3.371445778724451170e-01
1.358333333333333393e+01	2.467509546375097063e-01
1.359999999999999964e+01	2.272679529000887211e-01
1.361666666666666536e+01	2.104683274114833857e-01
1.363333333333333464e+01	7.291111765255212096e-02
1.365000000000000036e+01	-1.011638181641083024e-02
1.366666666666666785e+01	-2.916028226980212079e-02
1.368333333333333357e+01	-1.130534248005617692e-01
1.370000000000000107e+01	-1.711348457347560414e-01
1.371666666666666679e+01	-1.957806117436352022e-01
1.373333333333333250e+01	-2.438625971944494153e-01
1.375000000000000000e+01	-2.204733525975547392e-01
1.376666666666666572e+01	-1.763156884287233050e-01
1.378333333333333321e+01	-1.618514080331694138e-01
1.380000000000000071e+01	-1.264237096219225920e-01
1.381666666666666821e+01	1.690059776860012436e-02
1.383333333333333393e+01	1.697932699098325116e-01
1.384999999999999964e+01	2.419472246098451351e-01
1.386666666666666714e+01	2.706801359102596893e-01
1.388333333333333286e+01	2.797494952513009392e-01
1.390000000000000036e+01	3.281846820976243029e-01
1.391666666666666607e+01	2.235791389206360502e-01
1.393333333333333357e+01	1.094481669889583314e-01
1.395000000000000107e+01	1.433410475442416510e-01
1.396666666666666679e+01	1.166716056848735583e-01
1.398333333333333428e+01	1.659914084434151171e-02
1.400000000000000000e+01	-6.308876398673775310e-02
1.401666666666666750e+01	-1.734148187913228945e-01
1.403333333333333321e+01	-2.165522416135642059e-01
1.405000000000000071e+01	-2.884732591457214168e-01
1.406666666666666643e+01	-3.513383713559302124e-01
1.408333333333333215e+01	-2.575481536131005722e-01
1.409999999999999964e+01	-2.151290865141041453e-01
1.411666666666666714e+01	-1.590990246685752285e-01
1.413333333333333464e+01	-9.482679176055945625e-02
1.415000000000000036e+01	2.928604592421422265e-02
1.416666666666666785e+01	1.356705556333153428e-01
1.418333333333333357e+01	9.229472185235523818e-02
1.419999999999999929e+01	1.365419960109255371e-01
1.421666666666666679e+01	1.754677761002712277e-01
1.423333333333333250e+01	1.650421111098357985e-01
1.425000000000000000e+01	3.193024836598760963e-02
1.426666666666666750e+01	9.440154401240721804e-02
1.428333333333333499e+01	6.788555084951047869e-03
1.430000000000000071e+01	7.477085396437153919e-02
1.431666666666666643e+01	-9.062625780093536143e-03
1.433333333333333393e+01	-7.658397794692739513e-02
1.434999999999999964e+01	-3.125137967375686554e-02
1.436666666666666714e+01	-3.711818642945113877e-02
1.438333333333333286e+01	-5.900628181882749956e-03
1.440000000000000036e+01	-1.808579179255944205e-02
1.441666666666666785e+01	-5.428718964875635378e-02
1.443333333333333357e+01	-9.872678817300592838e-03
1.445000000000000107e+01	4.372288505847896772e-03
1.446666666666666679e+01	8.182314394047202066e-02
1.448333333333333428e+01	-7.002547604492032410e-03
1.450000000000000000e+01	2.698460149492152432e-02
1.451666666666666750e+01	1.437441280180450694e-03
1.453333333333333321e+01	-4.169891777128233168e-02
1.454999999999999893e+01	-4.386345046155330774e-02
1.456666666666666643e+01	-3.578777550592948664e-02
1.458333333333333393e+01	9.731705572470086829e-02
1.460000000000000142e+01	3.649559328838717503e-02
1.461666666666666714e+01	-2.451744464364228812e-02
1.463333333333333464e+01	1.521305819586728225e-02
1.465000000000000036e+01	-3.433397387475543155e-02
1.466666666666666607e+01	7.270567181568106385e-02
1.468333333333333357e+01	1.284997432529841332e-02
1.469999999999999929e+01	-6.203379413938332060e-02
1.471666666666666679e+01	-4.739654177885774949e-02
1.473333333333333428e+01	3.557458955312713805e-02
1.475000000000000178e+01	-7.984413675205727368e-02
1.476666666666666750e+01	-2.779513248675361675e-02
1.478333333333333321e+01	-6.288518847763004127e-02
1.480000000000000071e+01	-3.659873562093119564e-02
1.481666666666666643e+01	4.152022374691163170e-02
1.483333333333333393e+01	8.587785547765344057e-03
1.484999999999999964e+01	2.342204046808312942e-02
1.486666666666666714e+01	-2.805716261152749191e-02
1.488333333333333286e+01	6.800723179922303629e-02
1.490000000000000036e+01	3.119038156710098042e-02
1.491666666666666785e+01	2.679089423389536054e-02
1.493333333333333357e+01	-9.598130277302012806e-03
1.495000000000000107e+01	-3.046444064917586472e-02
1.496666666666666679e+01	4.311855567091073260e-02
1.498333333333333428e+01	1.928820476673802700e-02
1.500000000000000000e+01	-3.076543885890039437e-02
1.501666666666666572e+01	-2.005068243253664562e-02
1.503333333333333321e+01	9.697195411997781844e-03
1.505000000000000071e+01	4.551178108920266030e-02
1.506666666666666821e+01	-4.321291595168278050e-03
1.508333333333333393e+01	-4.088237271494900987e-02
1.510000000000000142e+01	-4.195165581906470237e-02
1.511666666666666714e+01	-1.740874674982954352e-04
1.513333333333333286e+01	-1.620736676082383532e-02
1.515000000000000036e+01	4.889945341503667067e-03
1.516666666666666607e+01	1.765624174960746251e-02
1.518333333333333357e+01	3.343085446401591887e-02
1.519999999999999929e+01	4.957674882088199814e-02
1.521666666666666856e+01	3.176182454897702456e-02
1.523333333333333428e+01	6.247825299959057846e-03
1.525000000000000000e+01	-4.498951501324168628e-02
1.526666666666666750e+01	3.826806166691453046e-03
1.528333333333333321e+01	-3.303806985520339051e-02
1.529999999999999893e+01	7.089161300119155296e-02
1.531666666666666821e+01	1.069299262371315763e-02
1.533333333333333393e+01	6.083804727280710950e-02
1.534999999999999964e+01	-1.966432264926469380e-03
1.536666666666666714e+01	3.782503560249408231e-02
1.538333333333333286e+01	6.944510505443939052e-02
1.540000000000000213e+01	1.049740712628355853e-02
1.541666666666666785e+01	-1.137215243325964686e-02
1.543333333333333357e+01	5.389333160533237368e-03
1.544999999999999929e+01	3.589360410788210165e-02
1.546666666666666501e+01	1.003985030134169343e-01
1.548333333333333428e+01	-2.355035548141584320e-02
1.550000000000000000e+01	-3.494955360614418471e-02
1.551666666666666750e+01	-3.974971882740191594e-03
1.553333333333333321e+01	2.946712841953562714e-02
1.555000000000000249e+01	-3.420060252742000012e-02
1.556666666666666821e+01	-2.565298440786938430e-02
1.558333333333333393e+01	-1.267586090930668784e-02
1.559999999999999964e+01	-3.651170557318752802e-03
1.561666666666666536e+01	5.841810835661070955e-02
1.563333333333333464e+01	1.734034893607069860e-02
1.565000000000000036e+01	3.563867311873081256e-02
1.566666666666666607e+01	-4.057257564962072488e-02
1.568333333333333357e+01	-3.380391305454469308e-02
1.569999999999999929e+01	-7.413406280723476571e-02
1.571666666666666856e+01	7.700924134450150282e-02
1.573333333333333428e+01	2.757033163635486464e-02
1.575000000000000000e+01	2.676497076370936562e-02
1.576666666666666572e+01	-3.752219674390206566e-02
1.578333333333333499e+01	9.010364471192870706e-02
1.580000000000000071e+01	1.195845935235992710e-02
1.581666666666666643e+01	-1.143657409843622588e-02
1.583333333333333393e+01	-8.674705604664949277e-02
1.584999999999999964e+01	-1.349481550688237837e-02
1.586666666666666892e+01	7.129167232854140973e-03
1.588333333333333464e+01	1.790730070518186529e-02
1.590000000000000036e+01	7.562223637885218466e-03
1.591666666666666607e+01	-7.435845705288200713e-02
1.593333333333333179e+01	-1.798185328073273470e-02
1.595000000000000107e+01	1.004060368276312731e-01
1.596666666666666679e+01	4.355681858252925809e-02
1.598333333333333250e+01	1.235396259389976402e-02
1.600000000000000000e+01	4.702920535329190022e-03
1.601666666666666927e+01	9.402061552697132604e-03
1.603333333333333499e+01	5.971799716454553875e-02
1.605000000000000071e+01	-2.508060036349611666e-02
1.606666666666666643e+01	3.008713813316047508e-02
1.608333333333333215e+01	3.631251464386681723e-03
1.610000000000000142e+01	1.336681269932111886e-02
1.611666666666666714e+01	1.782262721080341006e-02
1.613333333333333286e+01	-1.182389660105134799e-02
1.614999999999999858e+01	1.768556250583948677e-02
1.616666666666666430e+01	-3.238531236281884385e-02
1.618333333333333357e+01	5.542973282399225876e-02
1.619999999999999929e+01	-7.915659412792059452e-03
1.621666666666666501e+01	-7.063599006066139177e-03
1.623333333333333428e+01	3.195835470870526940e-02
1.625000000000000355e+01	4.513193306345766875e-02
1.626666666666666927e+01	-7.771993041302178301e-03
1.628333333333333499e+01	1.197502115595465259e-02
1.630000000000000071e+01	-2.954476077605202797e-02
1.631666666666666643e+01	7.113902099058789022e-03
1.633333333333333570e+01	-2.906253714837408672e-02
1.635000000000000142e+01	5.106578073548174307e-02
1.636666666666666714e+01	1.857949665623626762e-02
1.638333333333333286e+01	4.493779935122364788e-02
1.639999999999999858e+01	1.417998100411069773e-01
1.641666666666666785e+01	-3.086457274375363491e-02
1.643333333333333357e+01	-7.838440564053893167e-02
1.644999999999999929e+01	2.076457978158079143e-03
1.646666666666666501e+01	-5.354916836189486246e-02
1.648333333333333428e+01	7.697337664674225310e-02
1.650000000000000000e+01	-7.101758847372646732e-02
1.651666666666666572e+01	2.563212748271026520e-02
1.653333333333333144e+01	5.527485158251180947e-02
1.655000000000000071e+01	-5.156953067389023065e-02
1.656666666666666998e+01	2.638672330191615262e-02
1.658333333333333570e+01	3.768148738497593964e-02
1.660000000000000142e+01	-2.534728952545809225e-02
1.661666666666666714e+01	-4.610184946453448757e-02
1.663333333333333286e+01	-2.567563221870384702e-02
1.665000000000000213e+01	1.077070168115922509e-02
1.666666666666666785e+01	4.661507070682574007e-03
1.668333333333333357e+01	-9.708901181161098959e-02
1.669999999999999929e+01	-2.337852834854143441e-02
1.671666666666666856e+01	5.467574574522011954e-02
1.673333333333333428e+01	-2.628729657682097806e-02
1.675000000000000000e+01	-8.392152236645104846e-02
1.676666666666666572e+01	2.079629822670290423e-02
1.678333333333333144e+01	-3.287568504721120888e-02
1.680000000000000071e+01	-2.677802337788384029e-02
1.681666666666666643e+01	4.726215189129081423e-02
1.683333333333333215e+01	6.046797937913336168e-02
1.684999999999999787e+01	6.979779976685880627e-02
1.686666666666666714e+01	3.229135709384122616e-02
1.688333333333333641e+01	-8.209495854862533526e-02
1.690000000000000213e+01	9.540018277889842149e-03
1.691666666666666785e+01	-1.412227574949505987e-02
1.693333333333333357e+01	2.798560674318686589e-02
1.695000000000000284e+01	4.090519688231775836e-02
1.696666666666666856e+01	1.056685615582209949e-02
1.698333333333333428e+01	-5.316641034962579088e-02
1.700000000000000000e+01	8.632669159756860278e-02
1.701666666666666572e+01	4.072187146512111500e-02
1.703333333333333499e+01	2.043032409881974029e-02
1.705000000000000071e+01	-7.679352696622909757e-02
1.706666666666666643e+01	-1.774171294862639595e-02
1.708333333333333215e+01	-6.161649317912371721e-03
1.709999999999999787e+01	-6.297870350133785711e-02
1.711666666666666714e+01	-8.705792592655936871e-03
1.713333333333333286e+01	2.567175507217392752e-02
1.714999999999999858e+01	6.892701937620830666e-02
1.716666666666666430e+01	-2.162834097527888480e-02
1.718333333333333357e+01	-1.450297056081705470e-02
1.720000000000000284e+01	3.159637601406968359e-03
1.721666666666666856e+01	2.913326664755755760e-02
1.723333333333333428e+01	3.466079367381942611e-02
1.725000000000000000e+01	-4.957397790597543874e-02
1.726666666666666927e+01	-8.680683281177110910e-02
1.728333333333333499e+01	4.255012280523484680e-02
1.730000000000000071e+01	4.496696825559851063e-02
1.731666666666666643e+01	-6.002343248080160149e-02
1.733333333333333215e+01	2.616428195616406910e-02
1.735000000000000142e+01	-3.456813537960351512e-02
1.736666666666666714e+01	2.383539374842010006e-02
1.738333333333333286e+01	-3.770496918190628655e-02
1.739999999999999858e+01	-4.204216205683730667e-02
1.741666666666666430e+01	7.612829073302550265e-02
1.743333333333333357e+01	-2.222408544792431676e-02
1.744999999999999929e+01	-1.405308048924517120e-02
1.746666666666666501e+01	2.870575793164309789e-02
1.748333333333333428e+01	-4.175109693426482665e-02
1.750000000000000355e+01	2.351775672044555121e-02
1.751666666666666927e+01	3.049714139108360839e-02
1.753333333333333499e+01	-5.848706869688389404e-02
1.755000000000000071e+01	2.937080749208658553e-02
1.756666666666666643e+01	-1.361496692664876038e-02
1.758333333333333570e+01	3.754349982954745257e-02
1.760000000000000142e+01	-6.288962069861771254e-02
1.761666666666666714e+01	7.859690182258008417e-02
1.763333333333333286e+01	-6.672966213170671013e-02
1.764999999999999858e+01	2.102186025577772871e-02
1.766666666666666785e+01	1.091763918517094263e-02
1.768333333333333357e+01	-1.041617941382476931e-01
1.769999999999999929e+01	8.445102930654127538e-02
1.771666666666666501e+01	-1.519948337297773698e-02
1.773333333333333428e+01	1.230290593415004352e-01
1.775000000000000000e+01	1.017974617453390983e-02
1.776666666666666572e+01	-4.354298722447869086e-02
1.778333333333333144e+01	5.850620689221719406e-02
1.780000000000000071e+01	2.092264113323008198e-02
1.781666666666666998e+01	-5.480502414763242791e-02
1.783333333333333570e+01	2.039614404164837719e-02
1.785000000000000142e+01	-3.064477973889188217e-02
1.786666666666666714e+01	4.896106576286651108e-02
1.788333333333333286e+01	1.088825980596417470e-02
1.790000000000000213e+01	2.171216351913383968e-02
1.791666666666666785e+01	-6.208076058810165637e-02
1.793333333333333357e+01	2.203995050604731082e-02
1.794999999999999929e+01	8.852588054907624404e-02
1.796666666666666856e+01	3.579405868302082405e-02
1.798333333333333428e+01	-2.399596378907794397e-03
1.800000000000000000e+01	-8.550805416611054199e-02
1.801666666666666572e+01	5.552011252965355186e-03
1.803333333333333144e+01	-7.091480290096456585e-02
1.805000000000000071e+01	4.360339442563376106e-03
1.806666666666666643e+01	7.295613301585506839e-03
1.808333333333333215e+01	-2.751363485382894714e-02
1.809999999999999787e+01	4.329184382386425112e-02
1.811666666666666714e+01	-9.287337119242173103e-03
1.813333333333333641e+01	6.273783131140840685e-02
1.815000000000000213e+01	1.082642376572381764e-02
1.816666666666666785e+01	8.666011327381795137e-02
1.818333333333333357e+01	2.827684945310854694e-02
1.820000000000000284e+01	9.867961492937163057e-03
1.821666666666666856e+01	5.546910563567057986e-03
1.823333333333333428e+01	4.182527991547968504e-02
1.825000000000000000e+01	-5.456702120508516440e-02
1.826666666666666572e+01	-7.394557584438239684e-02
1.828333333333333499e+01	-2.237526987843675014e-02
1.830000000000000071e+01	1.094807021323336051e-02
1.831666666666666643e+01	-1.743460958544882158e-02
1.833333333333333215e+01	2.406349829360156407e-03
1.834999999999999787e+01	1.158637822679501293e-02
1.836666666666666714e+01	-4.354339073317354397e-02
1.838333333333333286e+01	1.617380664020919359e-02
1.839999999999999858e+01	5.918935663304981422e-03
1.841666666666666430e+01	4.221785871418724800e-02
1.843333333333333357e+01	-4.293939212991197685e-03
1.845000000000000284e+01	5.849429029126538421e-02
1.846666666666666856e+01	6.450249238447654763e-03
1.848333333333333428e+01	-2.070995397616059649e-02
1.850000000000000000e+01	1.057865647021659639e-01
1.851666666666666927e+01	3.583964531179838209e-02
1.853333333333333499e+01	-9.054118847152256219e-03
1.855000000000000071e+01	-4.953363413964501083e-02
1.856666666666666643e+01	3.074624113563199229e-02
1.858333333333333215e+01	2.168098908928375521e-02
1.860000000000000142e+01	2.821840381722614047e-02
1.861666666666666714e+01	1.050147044581343017e-02
1.863333333333333286e+01	-3.302724318529579040e-02
1.864999999999999858e+01	1.935819480162176594e-03
1.866666666666666785e+01	2.950606343026788980e-02
1.868333333333333357e+01	-1.496052748008983415e-03
1.869999999999999929e+01	-7.831052293299568465e-03
1.871666666666666501e+01	1.148800902586535021e-02
1.873333333333333073e+01	-6.374369091669060405e-02
1.875000000000000000e+01	2.624722090073624246e-03
1.876666666666666927e+01	6.295062646093822246e-03
1.878333333333333499e+01	5.101116485776533566e-02
1.880000000000000071e+01	-1.965329718354914823e-02
1.881666666666666643e+01	1.663601185651406023e-02
1.883333333333333570e+01	4.768950208366852625e-04
1.885000000000000142e+01	8.110129558340953282e-02
1.886666666666666714e+01	3.108789969588498722e-02
1.888333333333333286e+01	-7.032570309567323652e-02
1.890000000000000213e+01	7.086164336472162983e-02
1.891666666666666785e+01	5.464282688038899632e-02
1.893333333333333357e+01	-6.327929676415693094e-02
1.894999999999999929e+01	2.053890362393920657e-02
1.896666666666666501e+01	-2.107808844503306772e-02
1.898333333333333428e+01	2.267211067686903704e-03
1.900000000000000000e+01	-4.287204784734708479e-02
1.901666666666666572e+01	-4.144086891621808627e-02
1.903333333333333144e+01	2.276628283186806628e-02
1.904999999999999716e+01	-1.821979150271128486e-02
1.906666666666666643e+01	8.931864040456085826e-03
1.908333333333333570e+01	-1.975231996592332825e-02
1.910000000000000142e+01	2.705721733324508230e-03
1.911666666666666714e+01	1.062194951499263219e-02
1.913333333333333641e+01	1.645244161658810517e-02
1.915000000000000213e+01	1.657421656813220373e-02
1.916666666666666785e+01	3.310059637950523576e-02
1.918333333333333357e+01	2.406934743481780117e-02
1.919999999999999929e+01	-1.648102229952908416e-04
1.921666666666666856e+01	1.617418188876575472e-02
1.923333333333333428e+01	-9.289979343105311815e-02
1.925000000000000000e+01	2.319375785628838282e-02
1.926666666666666572e+01	-4.573725921422212154e-02
1.928333333333333144e+01	8.228804859868994737e-03
1.930000000000000071e+01	3.813035203403278978e-02
1.931666666666666643e+01	-4.204905913911929222e-02
1.933333333333333215e+01	2.507133710429429452e-02
1.934999999999999787e+01	-1.349486077631082987e-03
1.936666666666666714e+01	-1.096763267061131621e-02
1.938333333333333641e+01	2.650380324350257513e-02
1.940000000000000213e+01	4.048183660095362735e-02
1.941666666666666785e+01	1.459079880126372235e-02
1.943333333333333357e+01	-3.798403622662175488e-02
1.945000000000000284e+01	-5.445386825204240333e-02
1.946666666666666856e+01	1.818814747719170455e-02
1.948333333333333428e+01	-2.065803272589887551e-02
1.950000000000000000e+01	9.637822927786613911e-03
1.951666666666666572e+01	8.194537529068660411e-03
1.953333333333333499e+01	3.572646656819689764e-02
1.955000000000000071e+01	4.909117476666745999e-02
1.956666666666666643e+01	5.079913518808441136e-02
1.958333333333333215e+01	3.395371530389754795e-04
1.960000000000000142e+01	2.078217917657377775e-02
1.961666666666666714e+01	1.922467399465279531e-02
1.963333333333333286e+01	-1.783605706725282722e-02
1.964999999999999858e+01	5.594762517334980756e-02
1.966666666666666430e+01	-6.905309139248255734e-02
1.968333333333333357e+01	-1.925476630895544411e-02
1.970000000000000284e+01	-6.014242479466616609e-02
1.971666666666666856e+01	-7.991508286480158985e-02
1.973333333333333428e+01	-6.896591216317578266e-02
1.975000000000000000e+01	-6.243252051252941304e-02
1.976666666666666927e+01	-1.306468226398108459e-02
1.978333333333333499e+01	7.710010956824146604e-03
1.980000000000000071e+01	1.873772683337352266e-02
1.981666666666666643e+01	-3.679624405946248233e-02
1.983333333333333570e+01	5.492066102721384485e-02
1.985000000000000142e+01	-2.638433183905986371e-02
1.986666666666666714e+01	-3.484984144147808272e-02
1.988333333333333286e+01	-5.080096091511250057e-03
1.989999999999999858e+01	-4.005406291670863400e-02
1.991666666666666785e+01	-8.058993906912409466e-02
1.993333333333333357e+01	-4.186587938830330785e-02
1.994999999999999929e+01	1.274429734173995049e-02
1.996666666666666501e+01	-2.194615865603953553e-02
1.998333333333333073e+01	3.865631072662571027e-02
2.000000000000000000e+01	-1.577962866694274449e-02
2.001666666666666927e+01	-4.699461311657472662e-02
2.003333333333333499e+01	-5.834029338831425021e-02
2.005000000000000071e+01	-1.678575949573488102e-02
2.006666666666666643e+01	4.313902057368691756e-02
2.008333333333333570e+01	-5.097581891785492314e-02
2.010000000000000142e+01	8.030988589316272186e-03
2.011666666666666714e+01	3.609668180367785282e-03
2.013333333333333286e+01	3.833379349096734112e-02
2.015000000000000213e+01	-3.174454600706630002e-03
2.016666666666666785e+01	-2.282663745289574206e-02
2.018333333333333357e+01	2.784946327766940621e-02
2.019999999999999929e+01	-4.087893498718246643e-02
2.021666666666666501e+01	-6.737121371641938139e-02
2.023333333333333428e+01	-3.959252838023642751e-02
2.025000000000000000e+01	-2.424189515159749092e-02
2.026666666666666572e+01	9.956228955242785172e-03
2.028333333333333144e+01	1.698971753934216261e-02
2.029999999999999716e+01	1.426578740361614944e-02
2.031666666666666643e+01	1.520426036317185786e-02
2.033333333333333570e+01	-2.681506206027821360e-02
2.035000000000000142e+01	7.101318215998954353e-02
2.036666666666666714e+01	1.017230014446288480e-02
2.038333333333333641e+01	-2.506842497339699383e-02
2.040000000000000213e+01	1.913772383545036745e-02
2.041666666666666785e+01	2.177752445536337150e-02
2.043333333333333357e+01	-1.172051974131485368e-02
2.044999999999999929e+01	5.706161194749318627e-02
2.046666666666666856e+01	-4.790199012422100694e-02
2.048333333333333428e+01	-1.707034158894337600e-02
2.050000000000000000e+01	-4.509902887195517233e-03
2.051666666666666572e+01	-1.169803616370990347e-02
2.053333333333333144e+01	2.609845543332124998e-02
2.055000000000000071e+01	-3.075484316045941011e-02
2.056666666666666643e+01	9.835722874547366684e-03
2.058333333333333215e+01	6.782255669474156722e-03
2.059999999999999787e+01	-1.126410703284765891e-01
2.061666666666666714e+01	2.841982575977013321e-03
2.063333333333333286e+01	-6.920926735601299479e-03
2.065000000000000213e+01	3.621385769426948426e-02
2.066666666666666785e+01	-3.204805870523451394e-02
2.068333333333333357e+01	2.237727142747712034e-02
2.070000000000000284e+01	9.198826181009808756e-02
2.071666666666666856e+01	-1.354500005184366973e-02
2.073333333333333428e+01	3.258960114997750540e-02
2.075000000000000000e+01	-3.639118976414131706e-02
2.076666666666666572e+01	-6.861804143048887139e-02
2.078333333333333499e+01	3.192644278457871382e-02
2.080000000000000071e+01	1.368063462611363718e-02
2.081666666666666643e+01	-1.006220875558874739e-01
2.083333333333333215e+01	2.122570640916560114e-02
2.085000000000000142e+01	-1.355600907392854118e-02
2.086666666666666714e+01	-3.004012508880642487e-02
2.088333333333333286e+01	2.032884037193573301e-02
2.089999999999999858e+01	-2.116468895719812032e-02
2.091666666666666430e+01	-3.644458586733585054e-03
2.093333333333333357e+01	-1.250761687014285799e-02
2.094999999999999929e+01	3.563291456347702797e-03
2.096666666666666856e+01	1.007299799101619986e-01
2.098333333333333428e+01	3.605094002103179096e-02
2.100000000000000000e+01	3.869318495977148997e-02
2.101666666666666927e+01	1.830348558738057602e-02
2.103333333333333499e+01	-7.240554917814920333e-02
2.105000000000000071e+01	-5.962713138498211551e-02
2.106666666666666643e+01	-1.463872345223697288e-02
2.108333333333333570e+01	6.875729772336663936e-02
2.110000000000000142e+01	-3.658877900621470419e-02
2.111666666666666714e+01	1.402189903997578743e-02
2.113333333333333286e+01	3.385518284004217227e-02
2.114999999999999858e+01	4.909193668457991627e-02
2.116666666666666785e+01	3.062435550085031849e-02
2.118333333333333357e+01	9.591045161868330671e-03
2.119999999999999929e+01	1.176914964206830505e-01
2.121666666666666501e+01	-3.301660105031088699e-02
2.123333333333333073e+01	9.228545009065035332e-02
2.125000000000000000e+01	1.188880620592917547e-01
2.126666666666666572e+01	8.414117731535639133e-02
2.128333333333333499e+01	1.336192754459427645e-01
2.130000000000000071e+01	1.421599803843494603e-01
2.131666666666666998e+01	7.592909020985738611e-02
2.133333333333333570e+01	3.372501512974752924e-02
2.135000000000000142e+01	7.462456393168283297e-02
2.136666666666666714e+01	9.080463069947945776e-02
2.138333333333333286e+01	8.071763595610473296e-02
2.140000000000000213e+01	9.569627858009652210e-02
2.141666666666666785e+01	4.013441913958640944e-03
2.143333333333333357e+01	2.772042469368642126e-02
2.144999999999999929e+01	7.680174727083352582e-02
2.146666666666666501e+01	-4.047411071847421132e-02
2.148333333333333428e+01	-9.384761699091426213e-02
2.150000000000000000e+01	-6.710211249156818047e-02
2.151666666666666572e+01	-1.395132281034933974e-01
2.153333333333333144e+01	-1.952828974955622132e-01
2.155000000000000071e+01	-1.335662158300373881e-01
2.156666666666666643e+01	-1.882857333781151610e-01
2.158333333333333570e+01	-2.319572808623726334e-01
2.160000000000000142e+01	-2.951779123785815973e-01
2.161666666666666714e+01	-3.005196118735092847e-01
2.163333333333333641e+01	-2.780975663222592931e-01
2.165000000000000213e+01	-2.647352973431916223e-01
2.166666666666666785e+01	-3.155545051843199889e-01
2.168333333333333357e+01	-3.334699147335661307e-01
2.169999999999999929e+01	-3.468792343489962571e-01
2.171666666666666856e+01	-3.473872543855627271e-01
2.173333333333333428e+01	-3.314602516051470271e-01
2.175000000000000000e+01	-2.853806691249398120e-01
2.176666666666666572e+01	-3.347781854373590993e-01
2.178333333333333499e+01	-4.101139990441812211e-01
2.180000000000000071e+01	-3.003747853995125672e-01
2.181666666666666643e+01	-2.639867606274108325e-01
2.183333333333333215e+01	-2.169381784070252284e-01
2.184999999999999787e+01	-1.668068001729912098e-01
2.186666666666666714e+01	-1.517975824466348544e-01
2.188333333333333286e+01	-1.947325958405798918e-01
2.190000000000000213e+01	-7.717767545529127804e-02
2.191666666666666785e+01	-3.313037664875184696e-02
2.193333333333333357e+01	-3.462736929951829717e-02
2.195000000000000284e+01	6.978060148016861086e-02
2.196666666666666856e+01	8.271686509380793417e-02
2.198333333333333428e+01	5.578397233775728159e-02
2.200000000000000000e+01	1.540471675063692369e-01
2.201666666666666927e+01	1.712073464050446747e-01
2.203333333333333499e+01	2.626506795531294292e-01
2.205000000000000071e+01	2.399640396976866763e-01
2.206666666666666643e+01	2.600757229042304219e-01
2.208333333333333215e+01	2.905792553340678652e-01
2.210000000000000142e+01	3.258075779304079322e-01
2.211666666666666714e+01	3.975859780369924157e-01
2.213333333333333286e+01	4.472643696007309599e-01
2.214999999999999858e+01	4.090455621091764749e-01
2.216666666666666430e+01	4.133829895514631314e-01
2.218333333333333357e+01	3.703588158868831859e-01
2.219999999999999929e+01	3.454647901253288245e-01
2.221666666666666856e+01	4.481034535165395183e-01
2.223333333333333428e+01	4.171019184587095863e-01
2.225000000000000355e+01	3.037732124206518614e-01
2.226666666666666927e+01	3.309173270560349378e-01
2.228333333333333499e+01	2.822254253760524412e-01
2.230000000000000071e+01	2.761719523080257144e-01
2.231666666666666643e+01	2.061113630906888372e-01
2.233333333333333570e+01	1.817091780094385600e-01
2.235000000000000142e+01	1.571243877797769972e-01
2.236666666666666714e+01	1.643275678799764328e-01
2.238333333333333286e+01	1.043316664376965769e-01
2.239999999999999858e+01	1.107758511492383247e-01
2.241666666666666785e+01	-1.888003215046527711e-02
2.243333333333333357e+01	2.981798078265606149e-03
2.244999999999999929e+01	9.532336383688791437e-03
2.246666666666666501e+01	-1.536225477450662846e-01
2.248333333333333428e+01	-1.088099683896205094e-01
2.250000000000000000e+01	-1.394696411421304238e-01
2.251666666666666572e+01	-1.712369450618196065e-01
2.253333333333333499e+01	-2.703299562145101143e-01
2.255000000000000071e+01	-2.437206240510802757e-01
2.256666666666666998e+01	-3.457105104782846605e-01
2.258333333333333570e+01	-3.127153400709000719e-01
2.260000000000000142e+01	-3.872402883526709361e-01
2.261666666666666714e+01	-3.990335405713637540e-01
2.263333333333333286e+01	-3.881195784770850588e-01
2.265000000000000213e+01	-3.721627155587711733e-01
2.266666666666666785e+01	-3.184430921223065369e-01
2.268333333333333357e+01	-3.734172787032858931e-01
2.269999999999999929e+01	-4.113649705390224343e-01
2.271666666666666856e+01	-4.067517149163004109e-01
2.273333333333333428e+01	-3.196673446390971285e-01
2.275000000000000000e+01	-3.811360423797148234e-01
2.276666666666666572e+01	-3.707489320796731325e-01
2.278333333333333144e+01	-3.622145821560221468e-01
2.280000000000000071e+01	-3.020975553970666749e-01
2.281666666666666643e+01	-2.718590601060407730e-01
2.283333333333333215e+01	-2.240665431411331399e-01
2.285000000000000142e+01	-2.290928505077770849e-01
2.286666666666666714e+01	-1.449410170081930072e-01
2.288333333333333641e+01	-1.825270022959337712e-01
2.290000000000000213e+01	-5.390899973480689500e-02
2.291666666666666785e+01	-4.464186844473588822e-02
2.293333333333333357e+01	2.678237838925092221e-02
2.294999999999999929e+01	-1.852639403125239809e-02
2.296666666666666856e+01	1.377709417652259738e-01
2.298333333333333428e+01	4.698489368201674843e-02
2.300000000000000000e+01	1.828119223738312871e-01
2.301666666666666572e+01	1.748772338578686303e-01
2.303333333333333499e+01	2.311525044251821204e-01
2.305000000000000071e+01	1.684946577294596515e-01
2.306666666666666643e+01	3.234801261156629582e-01
2.308333333333333215e+01	3.546666293540705062e-01
2.309999999999999787e+01	3.683383436791984877e-01
2.311666666666666714e+01	3.295761967164981820e-01
2.313333333333333286e+01	3.501806166407666066e-01
2.314999999999999858e+01	3.284745391356528321e-01
2.316666666666666785e+01	4.058457142759728242e-01
2.318333333333333357e+01	3.931645161832527102e-01
2.320000000000000284e+01	3.925766338712375902e-01
2.321666666666666856e+01	3.546434675491356159e-01
2.323333333333333428e+01	4.307799317169729858e-01
2.325000000000000000e+01	3.811038865178229540e-01
2.326666666666666927e+01	3.404436553739952909e-01
2.328333333333333499e+01	2.806740671358569639e-01
2.330000000000000071e+01	2.532633802049572003e-01
2.331666666666666643e+01	2.858864782803709481e-01
2.333333333333333215e+01	2.924411005818042808e-01
2.335000000000000142e+01	1.578137539404231016e-01
2.336666666666666714e+01	1.530436129646760290e-01
2.338333333333333286e+01	1.306753142067009765e-01
2.339999999999999858e+01	-3.272550707085573884e-02
2.341666666666666430e+01	-5.059023439056065108e-03
2.343333333333333357e+01	-6.902217118776753091e-02
2.344999999999999929e+01	-5.928374148655571330e-02
2.346666666666666501e+01	-5.323001094852497506e-02
2.348333333333333428e+01	-9.239122868252114262e-02
2.350000000000000355e+01	-1.378659825483149193e-01
2.351666666666666927e+01	-2.407349508809861205e-01
2.353333333333333499e+01	-2.062964857019531362e-01
2.355000000000000071e+01	-2.856549944399797702e-01
2.356666666666666643e+01	-2.742772762862982772e-01
2.358333333333333570e+01	-2.456375555462819438e-01
2.360000000000000142e+01	-3.680715432101291928e-01
2.361666666666666714e+01	-3.244536150879845371e-01
2.363333333333333286e+01	-4.272780308031689511e-01
2.364999999999999858e+01	-3.912112086683020573e-01
2.366666666666666785e+01	-4.052145754699831293e-01
2.368333333333333357e+01	-4.333990643986597169e-01
2.369999999999999929e+01	-3.979725813059507011e-01
2.371666666666666501e+01	-3.602439868827190805e-01
2.373333333333333428e+01	-4.338800707133375623e-01
2.375000000000000000e+01	-4.098396296569782882e-01
2.376666666666666572e+01	-3.594856327658551565e-01
2.378333333333333144e+01	-2.996077953307135777e-01
2.380000000000000071e+01	-2.355403257246240223e-01
2.381666666666666998e+01	-2.749720093373821950e-01
2.383333333333333570e+01	-3.083131927074689860e-01
2.385000000000000142e+01	-1.934631827158301287e-01
2.386666666666666714e+01	-1.296755476257850925e-01
2.388333333333333286e+01	-9.259884531361911586e-02
2.390000000000000213e+01	-3.532851701879502482e-02
2.391666666666666785e+01	-2.828605440572778962e-02
2.393333333333333357e+01	-3.822991574425112487e-03
2.394999999999999929e+01	1.094183262031386272e-01
2.396666666666666856e+01	9.954063002682835004e-02
2.398333333333333428e+01	5.497784583544160220e-02
2.400000000000000000e+01	1.833948466860002291e-01
2.401666666666666572e+01	3.355801289527348130e-01
2.403333333333333144e+01	1.956059593665839258e-01
2.405000000000000071e+01	2.228823105300844487e-01
2.406666666666666643e+01	2.524492666846028799e-01
2.408333333333333215e+01	2.810003309905099167e-01
2.410000000000000142e+01	3.425686488925065998e-01
2.411666666666666714e+01	3.726973215022131303e-01
2.413333333333333641e+01	3.420131046498938732e-01
2.415000000000000213e+01	4.086923930006342021e-01
2.416666666666666785e+01	3.824275408709312263e-01
2.418333333333333357e+01	4.606378316547036778e-01
2.420000000000000284e+01	4.097158504514042954e-01
2.421666666666666856e+01	3.724684786477656662e-01
2.423333333333333428e+01	3.300330906643786366e-01
2.425000000000000000e+01	3.902407940281902854e-01
2.426666666666666572e+01	3.363152425794652123e-01
2.428333333333333499e+01	4.072086348643446652e-01
2.430000000000000071e+01	2.270577831771963262e-01
2.431666666666666643e+01	3.219482881658183304e-01
2.433333333333333215e+01	2.011001541127837022e-01
2.434999999999999787e+01	1.572752675403092937e-01
2.436666666666666714e+01	2.523167071648253490e-01
2.438333333333333286e+01	1.644929647859500743e-01
2.439999999999999858e+01	1.171411491106909425e-01
2.441666666666666785e+01	-4.720627778542305086e-03
2.443333333333333712e+01	3.448358402693758179e-02
2.445000000000000284e+01	-1.439412487731741574e-01
2.446666666666666856e+01	-1.585926655639171567e-01
2.448333333333333428e+01	-1.739688695078080438e-01
2.450000000000000000e+01	-1.492877561897028027e-01
2.451666666666666927e+01	-1.973046201442856251e-01
2.453333333333333499e+01	-3.181459401434352241e-01
2.455000000000000071e+01	-2.224083751243176033e-01
2.456666666666666643e+01	-3.186314212166388993e-01
2.458333333333333215e+01	-2.816022143864330141e-01
2.460000000000000142e+01	-3.845529632780777529e-01
2.461666666666666714e+01	-3.865868593982377255e-01
2.463333333333333286e+01	-3.891857354209798392e-01
2.464999999999999858e+01	-4.008826252330799922e-01
2.466666666666666785e+01	-3.903025822189381544e-01
2.468333333333333357e+01	-3.698390453955484602e-01
2.469999999999999929e+01	-4.032969844281717453e-01
2.471666666666666501e+01	-3.746750658980932958e-01
2.473333333333333428e+01	-4.149938359903843632e-01
2.475000000000000355e+01	-3.050975376449716059e-01
2.476666666666666927e+01	-3.465006818271316735e-01
2.478333333333333499e+01	-3.793070548792044638e-01
2.480000000000000071e+01	-2.547735360661485537e-01
2.481666666666666643e+01	-2.638759507690821571e-01
2.483333333333333570e+01	-1.637338061508157860e-01
2.485000000000000142e+01	-1.990313973468154918e-01
2.486666666666666714e+01	-1.590200517783200707e-01
2.488333333333333286e+01	-1.342080645291855168e-01
2.490000000000000213e+01	-4.895493738385506277e-02
2.491666666666666785e+01	-4.395000977558857769e-02
2.493333333333333357e+01	-9.991452460393850099e-02
2.494999999999999929e+01	-6.725232626866307906e-02
2.496666666666666501e+01	5.392201308756247591e-02
2.498333333333333428e+01	1.294165888140475784e-01
2.500000000000000000e+01	6.676388967999488666e-02
2.501666666666666572e+01	1.592249807320813559e-01
2.503333333333333144e+01	2.947710858339398499e-01
2.505000000000000071e+01	2.480222396337731783e-01
2.506666666666666998e+01	2.904584362688347188e-01
2.508333333333333570e+01	3.117466073919897274e-01
2.510000000000000142e+01	3.106755615665656722e-01
2.511666666666666714e+01	2.163533442589962164e-01
2.513333333333333641e+01	3.100341133348408773e-01
2.515000000000000213e+01	3.336915924637688380e-01
2.516666666666666785e+01	3.289670769657637717e-01
2.518333333333333357e+01	3.251846822936215742e-01
2.519999999999999929e+01	3.320093965101718059e-01
2.521666666666666856e+01	3.140603755843674461e-01
2.523333333333333428e+01	3.655355254516614583e-01
2.525000000000000000e+01	2.758781728012260626e-01
2.526666666666666572e+01	2.455407159984080157e-01
2.528333333333333144e+01	2.367229012917391462e-01
2.530000000000000071e+01	2.502070267620823962e-01
2.531666666666666643e+01	1.643114146850359614e-01
2.533333333333333215e+01	1.498398948472015879e-01
2.534999999999999787e+01	1.592186089936974414e-01
2.536666666666666714e+01	1.150278081410911757e-01
2.538333333333333641e+01	4.596645363633759807e-02
2.540000000000000213e+01	9.642919337409362746e-02
2.541666666666666785e+01	-7.127739837441901538e-03
2.543333333333333357e+01	1.530022846783856555e-02
2.545000000000000284e+01	-1.506920942636953004e-03
2.546666666666666856e+01	-9.959073543246571569e-04
2.548333333333333428e+01	-6.364270146660186422e-02
2.550000000000000000e+01	-1.345636387227332476e-01
2.551666666666666572e+01	-1.660181196103567847e-01
2.553333333333333499e+01	-6.253588405360538394e-02
2.555000000000000071e+01	-6.363599027376357076e-02
2.556666666666666643e+01	-1.133490905130427051e-01
2.558333333333333215e+01	-7.998527971270952275e-02
2.559999999999999787e+01	-5.822410185770601765e-02
2.561666666666666714e+01	-1.024543262755998330e-01
2.563333333333333286e+01	-8.285430757808845414e-02
2.564999999999999858e+01	-9.258018618659678844e-03
2.566666666666666430e+01	7.614278980044304757e-03
2.568333333333333357e+01	-2.746467223162837867e-02
2.570000000000000284e+01	-6.858119796756965980e-02
2.571666666666666856e+01	-5.353916241425163425e-02
2.573333333333333428e+01	5.013317594914208641e-02
2.575000000000000000e+01	-5.275476433290171574e-02
2.576666666666666927e+01	-1.448087391103653268e-02
2.578333333333333499e+01	-2.846878622429898850e-02
2.580000000000000071e+01	-2.884300112613916861e-02
2.581666666666666643e+01	-8.581631183769200533e-02
2.583333333333333215e+01	-9.757471527395030625e-03
2.585000000000000142e+01	-2.640750034089182907e-02
2.586666666666666714e+01	5.922722580648261126e-02
2.588333333333333286e+01	1.502592791142854690e-02
2.589999999999999858e+01	-9.582947541533465285e-03
2.591666666666666785e+01	-1.577721178977111241e-02
2.593333333333333357e+01	-5.424824765603004223e-02
2.594999999999999929e+01	4.409163975563264171e-02
2.596666666666666501e+01	6.199576220737627874e-02
2.598333333333333073e+01	-4.342785004634607676e-02
2.600000000000000355e+01	6.108741840460214789e-02
2.601666666666666927e+01	-2.007788624815627556e-03
2.603333333333333499e+01	1.723946402330485406e-02
2.605000000000000071e+01	-8.443456279730098685e-03
2.606666666666666643e+01	4.989241828280351586e-03
2.608333333333333570e+01	2.517348899580583183e-03
2.610000000000000142e+01	-4.668296765790067027e-02
2.611666666666666714e+01	-9.646858952604857318e-02
2.613333333333333286e+01	-1.938546995954545590e-02
2.615000000000000213e+01	1.830588958835689325e-02
2.616666666666666785e+01	-3.023226621633182468e-02
2.618333333333333357e+01	1.182140872708101892e-02
2.619999999999999929e+01	-6.910337142954659298e-03
2.621666666666666501e+01	6.061302928816579561e-02
2.623333333333333428e+01	-5.087199814021091393e-02
2.625000000000000000e+01	1.821218669853967229e-02
2.626666666666666572e+01	7.370099363038448009e-03
2.628333333333333144e+01	5.467158089729344354e-03
2.629999999999999716e+01	-2.155602507185435529e-02
2.631666666666666998e+01	-4.009380028668949048e-02
2.633333333333333570e+01	1.651970035885157867e-02
2.635000000000000142e+01	-1.220137459008114461e-02
2.636666666666666714e+01	5.170941099919563588e-04
2.638333333333333641e+01	4.517395120166962930e-02
2.640000000000000213e+01	-2.378536483136811305e-02
2.641666666666666785e+01	4.252397770633403740e-02
2.643333333333333357e+01	-8.280808526136036740e-02
2.644999999999999929e+01	1.144059399190192408e-02
2.646666666666666856e+01	8.916459918278105742e-04
2.648333333333333428e+01	-2.620822295883679098e-02
2.650000000000000000e+01	1.959577648502740244e-02
2.651666666666666572e+01	-2.042797493018454896e-03
2.653333333333333144e+01	1.294049187961592191e-02
2.655000000000000071e+01	3.819418838518583853e-02
2.656666666666666643e+01	7.326261253812459476e-03
2.658333333333333215e+01	-9.888615315791787763e-02
2.659999999999999787e+01	-2.964503870229553972e-02
2.661666666666666714e+01	3.403835917722115162e-02
2.663333333333333641e+01	3.702126564349194487e-02
2.665000000000000213e+01	-2.192541478655257031e-02
2.666666666666666785e+01	2.373105964836712961e-02
2.668333333333333357e+01	-1.964225947111039941e-02
2.670000000000000284e+01	4.620868000325470404e-02
2.671666666666666856e+01	-7.170209311259256868e-02
2.673333333333333428e+01	1.151153061980742312e-02
2.675000000000000000e+01	-2.890297578805223807e-03
2.676666666666666572e+01	2.392049109410614941e-03
2.678333333333333499e+01	1.181624325131071587e-02
2.680000000000000071e+01	-1.360123615321174630e-02
2.681666666666666643e+01	2.365032530174177028e-02
2.683333333333333215e+01	2.795582296903894801e-02
2.685000000000000142e+01	2.356895794079822901e-02
2.686666666666666714e+01	-6.305803574302777659e-02
2.688333333333333286e+01	-7.273073255383212532e-03
2.689999999999999858e+01	-5.132702082566929780e-02
2.691666666666666430e+01	1.670899579088888642e-02
2.693333333333333357e+01	4.191744361608512603e-02
2.695000000000000284e+01	-3.066696316445781303e-03
2.696666666666666856e+01	8.375719753316503147e-03
2.698333333333333428e+01	-1.531819255751117569e-02
2.700000000000000000e+01	-1.849996238210576197e-02
2.701666666666666927e+01	-2.816287928256359929e-02
2.703333333333333499e+01	-4.967937515988976593e-02
2.705000000000000071e+01	-4.523515513971500951e-02
2.706666666666666643e+01	1.383751851999726230e-02
2.708333333333333570e+01	-2.763983522284158001e-02
2.710000000000000142e+01	1.090990531425911451e-02
2.711666666666666714e+01	8.394517665141021379e-02
2.713333333333333286e+01	-3.886220390417163828e-02
2.714999999999999858e+01	-8.873446241370704091e-02
2.716666666666666785e+01	9.953505854940198141e-03
2.718333333333333357e+01	8.766167237285503455e-02
2.719999999999999929e+01	-3.092684516056320304e-02
2.721666666666666501e+01	4.340019678039258588e-02
2.723333333333333073e+01	-1.048912411071939096e-02
2.725000000000000000e+01	5.746559914991977713e-02
2.726666666666666927e+01	6.567806565071822311e-02
2.728333333333333499e+01	-4.768513397197711445e-02
2.730000000000000071e+01	-3.828302819225877507e-02
2.731666666666666998e+01	1.200101648477574015e-02
2.733333333333333570e+01	1.166743932398479032e-02
2.735000000000000142e+01	1.677280562083028129e-02
2.736666666666666714e+01	-3.475822588220824072e-02
2.738333333333333286e+01	-2.106740622366772009e-02
2.740000000000000213e+01	-5.166544089799719047e-02
2.741666666666666785e+01	3.969553308171929612e-02
2.743333333333333357e+01	1.861055625435629676e-02
2.744999999999999929e+01	9.462940119961744945e-02
2.746666666666666501e+01	5.476511488263410832e-02
2.748333333333333428e+01	-7.353672724488043676e-03
2.750000000000000000e+01	-4.420751466700068022e-02
2.751666666666666572e+01	1.099803253867471381e-02
2.753333333333333144e+01	-5.468778964510413038e-02
2.755000000000000071e+01	4.139484422744998948e-02
2.756666666666666643e+01	6.591739562705568878e-02
2.758333333333333570e+01	4.886215154079305047e-03
2.760000000000000142e+01	-3.148996539571959075e-02
2.761666666666666714e+01	-6.059015840503383966e-03
2.763333333333333641e+01	8.922429353727900914e-02
2.765000000000000213e+01	1.303014354383102849e-03
2.766666666666666785e+01	-7.226953059764404386e-02
2.768333333333333357e+01	2.692516954320007053e-02
2.769999999999999929e+01	-6.240835043022675138e-02
2.771666666666666856e+01	4.317961027108351696e-02
2.773333333333333428e+01	-1.178946044019986289e-01
2.775000000000000000e+01	-3.957107868971693199e-02
2.776666666666666572e+01	2.256261760762816315e-02
2.778333333333333499e+01	-1.419786781448854202e-02
2.780000000000000071e+01	-2.021595247364358500e-02
2.781666666666666643e+01	3.641263125635049724e-02
2.783333333333333215e+01	-1.618568095226757819e-02
2.784999999999999787e+01	-5.992677608026915348e-02
2.786666666666666714e+01	-4.889197732770741295e-03
2.788333333333333286e+01	2.043741274631784982e-02
2.790000000000000213e+01	-2.925390341236682595e-02
2.791666666666666785e+01	-2.261220890114493121e-02
2.793333333333333357e+01	-3.257719043982976181e-02
2.795000000000000284e+01	4.270575759105087188e-02
2.796666666666666856e+01	6.062223948209032043e-02
2.798333333333333428e+01	-6.356665332815381042e-02
2.800000000000000000e+01	6.038204462005176271e-02
2.801666666666666927e+01	1.785962600260275479e-02
2.803333333333333499e+01	-2.174411963789070132e-02
2.805000000000000071e+01	1.113347806569885273e-01
2.806666666666666643e+01	1.362010796491392242e-02
2.808333333333333215e+01	-1.262652952182349853e-02
2.810000000000000142e+01	8.689489340864381753e-03
2.811666666666666714e+01	3.746835690250673034e-02
2.813333333333333286e+01	3.019087271717307841e-02
2.814999999999999858e+01	-4.335048023890698821e-02
2.816666666666666430e+01	-6.375623307280318952e-02
2.818333333333333357e+01	-2.339621737038177773e-02
2.819999999999999929e+01	-9.453285545641534893e-02
2.821666666666666856e+01	2.715795565665733019e-02
2.823333333333333428e+01	8.328752785308155340e-03
2.825000000000000355e+01	1.193759228634040243e-01
2.826666666666666927e+01	1.317749942443288518e-02
2.828333333333333499e+01	-1.466736121350324315e-02
2.830000000000000071e+01	1.083746378799351796e-02
2.831666666666666643e+01	-4.765248790454994221e-02
2.833333333333333570e+01	2.878809783172358791e-02
2.835000000000000142e+01	-4.948669713566283823e-02
2.836666666666666714e+01	4.596111245507762677e-02
2.838333333333333286e+01	-7.484442209694762427e-02
2.839999999999999858e+01	-5.299157269526785091e-02
2.841666666666666785e+01	3.315722856001052272e-03
2.843333333333333357e+01	2.706582413085516919e-02
2.844999999999999929e+01	-2.266855307541356876e-02
2.846666666666666501e+01	3.709194544425228196e-02
2.848333333333333073e+01	-4.157208016196651396e-02
2.850000000000000000e+01	-5.677248612965921266e-04
2.851666666666666927e+01	-4.425813117856883250e-02
2.853333333333333499e+01	1.420775440721581268e-02
2.855000000000000071e+01	4.015359251224290271e-02
2.856666666666666998e+01	6.403570001977551551e-02
2.858333333333333570e+01	2.750258501696473470e-02
2.860000000000000142e+01	-8.926716322949122817e-02
2.861666666666666714e+01	-1.407010212280260068e-02
2.863333333333333286e+01	-3.265677226267581224e-02
2.865000000000000213e+01	-3.419442299565916832e-02
2.866666666666666785e+01	1.063073767926826264e-02
2.868333333333333357e+01	5.269869085502679878e-02
2.869999999999999929e+01	6.442458626474291405e-02
2.871666666666666501e+01	2.174788140887366772e-02
2.873333333333333428e+01	-3.545809486081483164e-02
2.875000000000000000e+01	7.767336594844879635e-03
2.876666666666666572e+01	-2.012158424643183119e-02
2.878333333333333144e+01	1.383491229122567057e-01
2.880000000000000071e+01	7.882091293096532558e-02
2.881666666666666643e+01	-2.156752497722230766e-02
2.883333333333333570e+01	-6.312159057067080574e-03
2.885000000000000142e+01	4.891273282776388565e-02
2.886666666666666714e+01	5.751749188381002909e-02
2.888333333333333641e+01	2.120611558511175873e-02
2.890000000000000213e+01	-3.412064657905757720e-02
2.891666666666666785e+01	-2.632830546900128896e-02
2.893333333333333357e+01	3.455629426450333806e-03
2.894999999999999929e+01	9.208863328097122158e-02
2.896666666666666856e+01	-8.268209295152338656e-02
2.898333333333333428e+01	8.937985213575776189e-02
2.900000000000000000e+01	9.164123341027322067e-02
2.901666666666666572e+01	-1.096281584293269488e-02
2.903333333333333499e+01	9.917549352037018789e-03
2.905000000000000071e+01	-4.259755391787429374e-02
2.906666666666666643e+01	4.654422225635467675e-02
2.908333333333333215e+01	-7.826491829529660937e-02
2.909999999999999787e+01	5.653876423075669677e-02
2.911666666666666714e+01	-6.065177920741372623e-03
2.913333333333333286e+01	-4.047549477756377106e-03
2.915000000000000213e+01	3.107677157326474079e-02
2.916666666666666785e+01	1.108164505069686966e-02
2.918333333333333357e+01	4.568485169962163694e-02
2.920000000000000284e+01	4.736392933153034737e-03
2.921666666666666856e+01	6.909757978353068576e-03
2.923333333333333428e+01	4.047830524347099251e-03
2.925000000000000000e+01	-2.354034442164379057e-02
2.926666666666666927e+01	5.079851576462990348e-02
2.928333333333333499e+01	-5.809055119743388416e-03
2.930000000000000071e+01	-2.143284926468398688e-02
2.931666666666666643e+01	-2.571017253523633084e-02
2.933333333333333215e+01	2.757612688320399200e-02
2.935000000000000142e+01	2.353482466509132162e-02
2.936666666666666714e+01	-2.093498624646857389e-02
2.938333333333333286e+01	-2.741165674536243102e-02
2.939999999999999858e+01	1.707911464070385396e-02
2.941666666666666430e+01	8.405865183356782400e-02
2.943333333333333357e+01	2.710006789469487920e-02
2.944999999999999929e+01	2.337168896786583072e-02
2.946666666666666856e+01	-7.427308779671941419e-02
2.948333333333333428e+01	3.490474896519461800e-02
2.950000000000000355e+01	-2.161120872919271990e-02
2.951666666666666927e+01	-9.025602547098726669e-02
2.953333333333333499e+01	-1.012615176282292972e-01
2.955000000000000071e+01	-3.736129177442882449e-02
2.956666666666666643e+01	-3.055916207276527380e-02
2.958333333333333570e+01	2.757401286587615394e-02
2.960000000000000142e+01	-3.231127901948242787e-02
2.961666666666666714e+01	7.828649644817955999e-02
2.963333333333333286e+01	2.047529888190598515e-02
2.964999999999999858e+01	5.417009988465051190e-02
2.966666666666666785e+01	7.353131568382471027e-03
2.968333333333333357e+01	3.812613470606543431e-02
2.969999999999999929e+01	3.512435947034991263e-02
2.971666666666666501e+01	1.825837678272689349e-02
2.973333333333333428e+01	-2.796197856319374356e-02
2.975000000000000000e+01	6.071425628392187329e-02
2.976666666666666572e+01	-3.725142876946471466e-03
2.978333333333333499e+01	-2.289294674488824045e-03
2.980000000000000071e+01	-8.782104867363919876e-02
2.981666666666666998e+01	-1.254732806723598826e-01
2.983333333333333570e+01	4.643228505711365778e-02
2.985000000000000142e+01	2.281834788510517242e-03
2.986666666666666714e+01	1.558991899787240745e-02
2.988333333333333286e+01	5.247836731730555482e-02
2.990000000000000213e+01	-2.844699571000171290e-02
2.991666666666666785e+01	-8.128507365551299393e-03
2.993333333333333357e+01	-3.973797627426531309e-02
2.994999999999999929e+01	3.279030480306219329e-03
2.996666666666666856e+01	-7.102381771288170109e-02
2.998333333333333428e+01	-3.601774139659479068e-02
3.000000000000000000e+01	5.334000029602723597e-02
3.001666666666666572e+01	-3.535921333479800227e-02
3.003333333333333144e+01	-1.020953215036611225e-02
3.005000000000000071e+01	-5.924112117383262960e-02
3.006666666666666643e+01	6.599513105661071466e-02
3.008333333333333215e+01	-1.804184337036746077e-02
3.010000000000000142e+01	4.389454292119612105e-02
3.011666666666666714e+01	-8.379815218531774801e-03
3.013333333333333641e+01	6.423468435775177288e-02
3.015000000000000213e+01	-1.019371552757958183e-01
3.016666666666666785e+01	1.538879048163554857e-02
3.018333333333333357e+01	2.408411940229427187e-02
3.020000000000000284e+01	-3.591878725058786359e-02
3.021666666666666856e+01	-7.520031266325372110e-02
3.023333333333333428e+01	2.816279970444179187e-02
3.025000000000000000e+01	8.089487400839258380e-02
3.026666666666666572e+01	5.294209273605615662e-02
3.028333333333333499e+01	6.675440238283764094e-02
3.030000000000000071e+01	3.700358370821000414e-02
3.031666666666666643e+01	1.275350037081169480e-02
3.033333333333333215e+01	-4.268451994457202886e-02
3.034999999999999787e+01	2.479242008584659623e-02
3.036666666666666714e+01	-5.066854125140998755e-02
3.038333333333333286e+01	3.733723649764768022e-03
3.039999999999999858e+01	-5.930293070516946818e-02
3.041666666666666785e+01	-1.264663905629534284e-02
3.043333333333333712e+01	-5.275102882644791720e-03
3.045000000000000284e+01	1.015572673284279581e-01
3.046666666666666856e+01	-5.652169206838703747e-02
3.048333333333333428e+01	2.323269958579864559e-03
3.050000000000000000e+01	5.451332540387468506e-02
3.051666666666666927e+01	5.374437997891721303e-02
3.053333333333333499e+01	4.418413705188961593e-02
3.055000000000000426e+01	6.502229138498539888e-03
3.056666666666666643e+01	6.043208375390860670e-02
3.058333333333333570e+01	3.145650931205826173e-02
3.059999999999999787e+01	-3.079715079192123922e-02
3.061666666666666714e+01	-7.996845872136776334e-02
3.063333333333333641e+01	5.473863664389584834e-03
3.064999999999999858e+01	4.203289292630014995e-02
3.066666666666666785e+01	-6.293045716116672794e-02
3.068333333333333002e+01	-4.566738271752023709e-02
3.069999999999999929e+01	-5.095233406588371011e-02
3.071666666666666856e+01	5.752062923917865972e-02
3.073333333333333428e+01	2.720795300406055398e-02
3.075000000000000355e+01	3.514786005457524315e-02
3.076666666666666572e+01	-5.440773829858610439e-02
3.078333333333333499e+01	-2.663324522803399083e-02
3.080000000000000426e+01	-6.965578922537301806e-03
3.081666666666666643e+01	-4.352623207248427356e-02
3.083333333333333570e+01	7.916521270760645823e-02
3.084999999999999787e+01	1.273452893932322805e-01
3.086666666666666714e+01	-4.093649821192868465e-02
3.088333333333333641e+01	-3.761922275084410294e-02
3.089999999999999858e+01	-1.416290941283216386e-02
3.091666666666666785e+01	1.030455647451545935e-02
