Time_us	Received_Longitudinal
0.000000000000000000e+00	8.786446041915927166e-03
1.666666666666666644e-02	1.470181412746505122e-02
3.333333333333333287e-02	-3.208601453975340467e-02
4.999999999999999584e-02	-8.596028168957320359e-02
6.666666666666666574e-02	-5.364479714872791294e-02
8.333333333333334259e-02	-2.898276749231515695e-02
9.999999999999999167e-02	-7.159588242438798267e-02
1.166666666666666685e-01	4.378392420117228380e-03
1.333333333333333315e-01	1.229455959752979999e-02
1.499999999999999944e-01	7.394421634182388181e-02
1.666666666666666852e-01	2.346249584172177549e-02
1.833333333333333204e-01	1.069004899738508485e-01
1.999999999999999833e-01	7.217794514368491843e-02
2.166666666666666741e-01	7.572106893259911153e-02
2.333333333333333370e-01	-9.358843400192027456e-03
2.500000000000000000e-01	-4.628460093504434963e-02
2.666666666666666630e-01	-7.394261356895885651e-02
2.833333333333333814e-01	-8.248741534827166988e-02
2.999999999999999889e-01	-8.452223181263048002e-02
3.166666666666666519e-01	-5.776659418714899519e-02
3.333333333333333703e-01	-3.887793101254292255e-02
3.499999999999999778e-01	4.342573048181499334e-02
3.666666666666666408e-01	1.883240348018122567e-02
3.833333333333333592e-01	8.824757262851984363e-02
3.999999999999999667e-01	5.720768871994333371e-02
4.166666666666666852e-01	1.918553966692897877e-02
4.333333333333333481e-01	1.311846560466794001e-02
4.500000000000000111e-01	5.157031879849879874e-05
4.666666666666666741e-01	1.020039015684734082e-02
4.833333333333332815e-01	-8.200444685084627358e-03
5.000000000000000000e-01	-4.671404609746166586e-02
5.166666666666666075e-01	-5.405651464864474204e-03
5.333333333333333259e-01	-3.160365710325620942e-02
5.500000000000000444e-01	-9.092653066561602604e-03
5.666666666666667629e-01	4.131051205634643161e-03
5.833333333333333703e-01	1.807434141245317649e-02
5.999999999999999778e-01	1.217748346523214557e-02
6.166666666666666963e-01	-1.331896848783598042e-02
6.333333333333333037e-01	8.055010859168720144e-03
6.500000000000000222e-01	-9.781409311064654527e-03
6.666666666666667407e-01	-3.166148357198635133e-02
6.833333333333333481e-01	5.037568539713009608e-03
6.999999999999999556e-01	6.452224875631008827e-02
7.166666666666666741e-01	1.079751881076678431e-02
7.333333333333332815e-01	8.970791048986591354e-03
7.500000000000000000e-01	8.893217778913669810e-03
7.666666666666667185e-01	3.888760394884618887e-02
7.833333333333334370e-01	-1.140143744662781844e-02
7.999999999999999334e-01	1.849304703825343371e-02
8.166666666666666519e-01	-1.552296544338668469e-02
8.333333333333333703e-01	-3.239218637963248854e-02
8.499999999999999778e-01	2.530401088927485692e-02
8.666666666666666963e-01	7.416587310992281065e-03
8.833333333333334147e-01	2.269084855841174003e-02
9.000000000000000222e-01	-4.629967676499564116e-02
9.166666666666666297e-01	-1.499449232872530381e-02
9.333333333333333481e-01	-2.149103100978182537e-02
9.499999999999999556e-01	5.168256063287657298e-02
9.666666666666665630e-01	2.163358522889474028e-02
9.833333333333333925e-01	-3.866056799119779556e-03
1.000000000000000000e+00	-1.709174963771268110e-02
1.016666666666666829e+00	2.312999537052209606e-02
1.033333333333333215e+00	4.572347622508792647e-02
1.050000000000000044e+00	-7.647925190609979051e-03
1.066666666666666652e+00	2.953274310263737795e-02
1.083333333333333259e+00	2.755213999042565101e-02
1.100000000000000089e+00	-2.797930420069864518e-02
1.116666666666666696e+00	-9.801489434881036078e-02
1.133333333333333526e+00	-8.619565506464629823e-04
1.149999999999999911e+00	5.010978316061622667e-02
1.166666666666666741e+00	1.775399812868364707e-02
1.183333333333333348e+00	5.232782430953486497e-02
1.199999999999999956e+00	-8.044249532739942976e-02
1.216666666666666785e+00	-2.854671091562731300e-02
1.233333333333333393e+00	2.158419600153952539e-02
1.250000000000000000e+00	4.202749997822694678e-03
1.266666666666666607e+00	-7.026681033422450470e-03
1.283333333333333215e+00	7.589953954172246053e-02
1.300000000000000044e+00	1.335570854057375502e-02
1.316666666666666652e+00	-1.581831192158610067e-02
1.333333333333333481e+00	5.137793090951553454e-02
1.350000000000000089e+00	1.351096559392504781e-02
1.366666666666666696e+00	-9.285903804418720042e-02
1.383333333333333304e+00	-3.624335002176186545e-03
1.399999999999999911e+00	-8.254500999402281103e-03
1.416666666666666741e+00	3.471893821516671558e-02
1.433333333333333348e+00	5.720576377481217251e-02
1.450000000000000178e+00	1.767732050772195460e-02
1.466666666666666563e+00	2.706869249862051130e-02
1.483333333333333393e+00	3.560644992524449742e-02
1.500000000000000000e+00	1.106448314978252662e-02
1.516666666666666607e+00	-3.716393936077622140e-02
1.533333333333333437e+00	-5.787051369146196944e-02
1.550000000000000044e+00	-5.283971996947910144e-02
1.566666666666666874e+00	2.274587009778920518e-02
1.583333333333333259e+00	6.215377264141804664e-02
1.599999999999999867e+00	3.800731635241279965e-02
1.616666666666666696e+00	1.534132963154847748e-02
1.633333333333333304e+00	-2.281091172120788824e-03
1.650000000000000133e+00	2.178117444015243570e-02
1.666666666666666741e+00	-1.840002758117810153e-02
1.683333333333333348e+00	-5.415296742543555114e-02
1.699999999999999956e+00	4.311541785702666801e-02
1.716666666666666563e+00	1.443240795621204484e-02
1.733333333333333393e+00	6.616847752160042936e-03
1.750000000000000000e+00	-4.544353112020169810e-02
1.766666666666666829e+00	9.766939459682108526e-02
1.783333333333333437e+00	-4.174035697851755100e-02
1.800000000000000044e+00	-1.688650787772644560e-02
1.816666666666666652e+00	1.308432098265925256e-02
1.833333333333333259e+00	-3.440338963749797752e-02
1.850000000000000089e+00	4.763156362590236642e-03
1.866666666666666696e+00	1.887248467970111671e-02
1.883333333333333526e+00	3.121903735597118465e-02
1.899999999999999911e+00	-5.965020316545875147e-03
1.916666666666666741e+00	-1.058094991965353657e-02
1.933333333333333126e+00	5.568725877266578889e-02
1.949999999999999956e+00	1.130982003812633363e-02
1.966666666666666785e+00	3.663007378506086958e-02
1.983333333333333615e+00	2.928810039400996448e-02
2.000000000000000000e+00	1.833733384727598975e-02
2.016666666666666607e+00	9.410408000937816111e-03
2.033333333333333659e+00	-2.799366790686481921e-02
2.049999999999999822e+00	3.242523558736091441e-04
2.066666666666666430e+00	-4.706870878361292532e-02
2.083333333333333481e+00	-1.728157961312913951e-02
2.100000000000000089e+00	1.262175498978787731e-02
2.116666666666666696e+00	4.733503933513497769e-02
2.133333333333333304e+00	-3.437370497967226490e-02
2.150000000000000355e+00	8.835555562821071143e-03
2.166666666666666519e+00	1.064906296152240590e-02
2.183333333333333126e+00	5.131961632975893693e-04
2.200000000000000178e+00	-1.012631897905756986e-02
2.216666666666666785e+00	4.507762616084298735e-02
2.233333333333333393e+00	2.254280473489878728e-02
2.250000000000000000e+00	-4.519542988883659511e-03
2.266666666666667052e+00	8.075499883879165043e-04
2.283333333333333215e+00	-2.266436633390243871e-02
2.299999999999999822e+00	3.860934202533207460e-02
2.316666666666666874e+00	1.241481039929385674e-02
2.333333333333333481e+00	-2.374623036437785439e-02
2.350000000000000089e+00	-8.341983618880776351e-04
2.366666666666666696e+00	-3.571110440939575387e-02
2.383333333333333304e+00	6.158092107849549163e-03
2.399999999999999911e+00	-1.192978766731656211e-02
2.416666666666666519e+00	7.159536406185650417e-03
2.433333333333333570e+00	-1.257194229572687443e-02
2.450000000000000178e+00	1.033423270375767936e-02
2.466666666666666785e+00	5.511803681802273454e-05
2.483333333333333393e+00	-8.951957339198181665e-03
2.500000000000000000e+00	2.991648038290748920e-02
2.516666666666666607e+00	4.590974156456054805e-02
2.533333333333333215e+00	-1.596954914823441735e-02
2.550000000000000266e+00	7.035710516819103279e-04
2.566666666666666430e+00	-1.547566617657599938e-02
2.583333333333333481e+00	2.326281031770546445e-02
2.600000000000000089e+00	-5.230931723205996947e-02
2.616666666666666696e+00	-2.800245894058216167e-02
2.633333333333333304e+00	4.029396794571318136e-02
2.649999999999999911e+00	4.360447633973833434e-03
2.666666666666666963e+00	-1.426759979361293812e-02
2.683333333333333126e+00	2.364820574551793758e-02
2.700000000000000178e+00	4.152558024475935805e-03
2.716666666666666785e+00	2.318838966609578119e-03
2.733333333333333393e+00	-1.798581737982439185e-02
2.750000000000000000e+00	-3.164547440881439189e-02
2.766666666666666607e+00	1.349341822506978754e-02
2.783333333333333659e+00	-2.595789031831433752e-02
2.799999999999999822e+00	-3.837413563922194987e-02
2.816666666666666874e+00	1.050399545862274429e-02
2.833333333333333481e+00	-1.091765727340043325e-02
2.850000000000000089e+00	1.069300894106295753e-03
2.866666666666666696e+00	7.216385061272831414e-02
2.883333333333333304e+00	4.509878334407960848e-02
2.900000000000000355e+00	2.191945353181485104e-02
2.916666666666666519e+00	5.257729120148491031e-02
2.933333333333333126e+00	2.167629186087206145e-02
2.950000000000000178e+00	1.725530316519235594e-02
2.966666666666666785e+00	-2.854363663566878481e-04
2.983333333333333393e+00	7.929961889424073929e-02
3.000000000000000000e+00	8.626467810084468765e-03
3.016666666666667052e+00	-5.606837823113471064e-02
3.033333333333333215e+00	-7.183838500573866415e-02
3.049999999999999822e+00	6.270130407873952816e-02
3.066666666666666874e+00	1.205077496948610272e-02
3.083333333333333481e+00	1.236924871321084043e-02
3.100000000000000089e+00	-9.707677165876830994e-03
3.116666666666666696e+00	5.929173843858982773e-02
3.133333333333333748e+00	-1.847574542864968694e-02
3.149999999999999911e+00	3.106428272167347307e-02
3.166666666666666519e+00	-4.147777605058952655e-02
3.183333333333333570e+00	-3.520512524165561596e-02
3.199999999999999734e+00	-9.424210865202495291e-03
3.216666666666666785e+00	6.100299891160771565e-02
3.233333333333333393e+00	5.885475746627978622e-02
3.250000000000000444e+00	-2.290081056371144966e-02
3.266666666666666607e+00	-3.397377574109600173e-03
3.283333333333333215e+00	-8.334734117719498972e-03
3.300000000000000266e+00	9.403105222733690316e-02
3.316666666666666430e+00	1.079550259237300677e-02
3.333333333333333481e+00	5.538829041698997702e-02
3.350000000000000089e+00	-2.327627004829612573e-02
3.366666666666666696e+00	3.420815814936314231e-02
3.383333333333333304e+00	1.126590636940079208e-02
3.399999999999999911e+00	-4.609488421556223216e-03
3.416666666666666963e+00	-2.184861211931297606e-02
3.433333333333333126e+00	-2.213947638106168736e-02
3.450000000000000178e+00	-1.927876479902925280e-02
3.466666666666666785e+00	2.288266521277860371e-02
3.483333333333333393e+00	-3.363765597347867509e-02
3.500000000000000000e+00	-9.843273393627925694e-02
3.516666666666666607e+00	-1.686305094280165714e-02
3.533333333333333659e+00	3.660053762858387488e-02
3.549999999999999822e+00	2.242897631929539198e-02
3.566666666666666874e+00	-3.012283059541923450e-02
3.583333333333333481e+00	-2.667658525654921856e-02
3.600000000000000089e+00	-3.200762158201590768e-02
3.616666666666666696e+00	5.176322656255743365e-02
3.633333333333333304e+00	3.268782298927537262e-03
3.650000000000000355e+00	-4.412736924265552724e-02
3.666666666666666519e+00	-3.041367620964687685e-02
3.683333333333333570e+00	-6.956021259925733446e-02
3.700000000000000178e+00	3.721166061533871111e-02
3.716666666666666785e+00	-6.951522152757065587e-02
3.733333333333333393e+00	2.336529570043845844e-03
3.750000000000000000e+00	-2.149624276501070283e-02
3.766666666666667052e+00	2.077031971632655599e-02
3.783333333333333215e+00	2.479312180262704945e-02
3.799999999999999822e+00	1.846396786893312464e-02
3.816666666666666874e+00	3.174391178573880007e-02
3.833333333333333481e+00	-1.476942738668856302e-02
3.850000000000000533e+00	-1.219216284949271693e-02
3.866666666666666252e+00	-5.706534695944983152e-03
3.883333333333333304e+00	1.871285117909831730e-03
3.899999999999999911e+00	3.955796000949658026e-02
3.916666666666666519e+00	-2.244270892368173051e-02
3.933333333333333570e+00	-3.964090824446006578e-02
3.950000000000000178e+00	-4.552388267089233637e-03
3.966666666666667229e+00	2.363004487312744123e-02
3.983333333333332948e+00	7.855421892698928252e-03
4.000000000000000000e+00	-1.304083664010023333e-02
4.016666666666666607e+00	-1.435492161355817441e-02
4.033333333333333215e+00	-1.018470085264773332e-02
4.049999999999999822e+00	1.219665715341937060e-02
4.066666666666667318e+00	-4.721348388556379123e-03
4.083333333333333925e+00	-1.776113594376966739e-02
4.099999999999999645e+00	1.684408547880919538e-03
4.116666666666666252e+00	1.597379980835574378e-02
4.133333333333332860e+00	9.721471684266317845e-03
4.150000000000000355e+00	9.250117391160474212e-03
4.166666666666666963e+00	-1.428675800654755600e-02
4.183333333333333570e+00	-2.530616351495248995e-02
4.200000000000000178e+00	-1.180700304994938485e-02
4.216666666666666785e+00	-1.671570596757750507e-02
4.233333333333333393e+00	-6.431366086991926675e-03
4.250000000000000000e+00	1.494132144228069170e-02
4.266666666666666607e+00	-4.060929607678042536e-02
4.283333333333333215e+00	5.541332346804298675e-02
4.300000000000000711e+00	-3.825233895724983180e-02
4.316666666666667318e+00	-1.535069546695863076e-02
4.333333333333333037e+00	2.813523362073934702e-03
4.349999999999999645e+00	5.338032248781431066e-02
4.366666666666666252e+00	-2.420651921633707945e-03
4.383333333333333748e+00	-8.182924927092787362e-03
4.400000000000000355e+00	3.827862630145380252e-02
4.416666666666666963e+00	-4.903634975424510378e-02
4.433333333333333570e+00	-2.043754021219530009e-02
4.450000000000000178e+00	-2.780314939350470721e-02
4.466666666666666785e+00	2.450023129853379916e-02
4.483333333333333393e+00	-9.074308474117848133e-02
4.500000000000000000e+00	8.015154002384089482e-03
4.516666666666666607e+00	1.596153798928367368e-02
4.533333333333334103e+00	-5.865222876267180141e-02
4.550000000000000711e+00	-9.910389124055106816e-03
4.566666666666666430e+00	3.808696125781105973e-02
4.583333333333333037e+00	-2.962650910126046842e-03
4.599999999999999645e+00	6.699041599701477910e-03
4.616666666666667140e+00	-3.422946611699356767e-02
4.633333333333333748e+00	1.778646801889081572e-02
4.650000000000000355e+00	-6.309356264726247165e-02
4.666666666666666963e+00	4.823876535769079654e-02
4.683333333333332682e+00	5.232440874523421048e-02
4.700000000000000178e+00	3.927695960077347975e-02
4.716666666666666785e+00	-3.192996594594883081e-02
4.733333333333333393e+00	4.209891773739237071e-03
4.750000000000000000e+00	-9.805007756313884049e-03
4.766666666666666607e+00	-4.943307850329163589e-02
4.783333333333334103e+00	-1.802579494338888214e-02
4.799999999999999822e+00	-4.167283593177094347e-02
4.816666666666666430e+00	-2.102507164062252659e-02
4.833333333333333037e+00	-5.174886016488627893e-02
4.850000000000000533e+00	3.921706944321126133e-03
4.866666666666667140e+00	2.336269200787880872e-03
4.883333333333333748e+00	5.117747822811137548e-02
4.900000000000000355e+00	7.223793380577402112e-02
4.916666666666666075e+00	2.507298090344619798e-02
4.933333333333333570e+00	5.469944307257084380e-03
4.950000000000000178e+00	1.034607138481710153e-01
4.966666666666666785e+00	-1.494023645048310305e-02
4.983333333333333393e+00	3.258852277195232496e-03
5.000000000000000000e+00	-5.619587932504609140e-02
5.016666666666666607e+00	2.512992838869057555e-02
5.033333333333333215e+00	1.061441657538012180e-02
5.049999999999999822e+00	-6.072889528849029217e-02
5.066666666666666430e+00	1.059257517192511641e-02
5.083333333333333925e+00	-4.154055099699073030e-03
5.100000000000000533e+00	-1.984854476536361892e-02
5.116666666666667140e+00	-2.947033477337766133e-02
5.133333333333332860e+00	-3.198160364295885016e-02
5.149999999999999467e+00	-1.735476221367734939e-02
5.166666666666666963e+00	-2.274370869981906865e-02
5.183333333333333570e+00	-1.190990607508995817e-02
5.200000000000000178e+00	8.265851987696250583e-03
5.216666666666666785e+00	-6.553922696687247695e-02
5.233333333333333393e+00	4.309029607432291603e-02
5.250000000000000000e+00	2.511720879818961707e-02
5.266666666666666607e+00	7.089916340315213783e-02
5.283333333333333215e+00	-2.443456886871869099e-02
5.299999999999999822e+00	-1.419079297853260112e-02
5.316666666666666430e+00	1.758262183257066832e-02
5.333333333333333925e+00	-4.734806617407087692e-02
5.350000000000000533e+00	-6.550413083241922625e-03
5.366666666666666252e+00	6.772509594790473986e-02
5.383333333333332860e+00	2.791645172705649672e-02
5.400000000000000355e+00	-1.375113405120906296e-02
5.416666666666666963e+00	2.061139770818067388e-02
5.433333333333333570e+00	4.036239003246064327e-02
5.450000000000000178e+00	3.553119812141037476e-02
5.466666666666666785e+00	3.542464300142175032e-02
5.483333333333333393e+00	-7.701874350003536096e-02
5.500000000000000000e+00	-1.215504523343301745e-02
5.516666666666666607e+00	1.342556411036295409e-02
5.533333333333333215e+00	6.797462904011655760e-02
5.549999999999999822e+00	-2.366098818622963673e-02
5.566666666666667318e+00	-3.565138540157714725e-02
5.583333333333333925e+00	1.813831825145997140e-02
5.599999999999999645e+00	1.258550507139662503e-03
5.616666666666666252e+00	1.580954942647971265e-03
5.633333333333333748e+00	-1.813202960857835224e-03
5.650000000000000355e+00	3.225836568403758070e-02
5.666666666666666963e+00	-4.506908214695618670e-02
5.683333333333333570e+00	2.946923257673616722e-02
5.700000000000000178e+00	8.249319377734665171e-02
5.716666666666666785e+00	2.860327809068599972e-02
5.733333333333333393e+00	2.775070274195553729e-02
5.750000000000000000e+00	-1.273663383689190888e-02
5.766666666666666607e+00	1.981843892222409642e-02
5.783333333333333215e+00	-9.770374982634166816e-03
5.800000000000000711e+00	2.812436888726633361e-02
5.816666666666667318e+00	9.189882078612082034e-04
5.833333333333333037e+00	3.445391602763174521e-02
5.849999999999999645e+00	1.566388668120440725e-02
5.866666666666666252e+00	1.043335876227026752e-03
5.883333333333333748e+00	4.822143427043822095e-02
5.900000000000000355e+00	-2.340945960099108381e-03
5.916666666666666963e+00	-1.936637712950938298e-02
5.933333333333333570e+00	-5.866205655879604131e-02
5.950000000000000178e+00	-1.723143378328630820e-02
5.966666666666666785e+00	-3.229662340716030200e-02
5.983333333333333393e+00	-3.262239283003125212e-02
6.000000000000000000e+00	1.895493884679928798e-02
6.016666666666666607e+00	-3.960842952234840120e-02
6.033333333333334103e+00	1.377757103525868373e-02
6.050000000000000711e+00	-6.548120350685024578e-03
6.066666666666666430e+00	-8.797542820381108741e-02
6.083333333333333037e+00	2.479188021588062465e-02
6.099999999999999645e+00	1.779098212312227312e-02
6.116666666666667140e+00	-2.566837577139833779e-02
6.133333333333333748e+00	2.240024511967428009e-02
6.150000000000000355e+00	-1.480755882950489952e-04
6.166666666666666963e+00	5.837341268524410404e-02
6.183333333333333570e+00	1.484042164955167581e-02
6.200000000000000178e+00	1.131383038800724307e-02
6.216666666666666785e+00	4.255384354140855085e-02
6.233333333333333393e+00	6.876390911890462032e-04
6.250000000000000000e+00	-6.422447794248793695e-02
6.266666666666667496e+00	-2.181037959565166121e-02
6.283333333333334103e+00	-2.965576146189752987e-02
6.299999999999999822e+00	-3.421107497616045906e-02
6.316666666666666430e+00	-1.104695436365790880e-02
6.333333333333333037e+00	-5.726734707235576344e-02
6.350000000000000533e+00	6.017520485642461475e-02
6.366666666666667140e+00	1.263852101798102617e-02
6.383333333333333748e+00	6.396192555861779372e-02
6.399999999999999467e+00	9.613211239889370152e-02
6.416666666666666075e+00	-2.766122515994784078e-02
6.433333333333333570e+00	2.882568654078844148e-02
6.450000000000000178e+00	3.659674478531982356e-02
6.466666666666666785e+00	4.040723178332595450e-02
6.483333333333333393e+00	-2.180117757344600740e-02
6.500000000000000888e+00	-4.199473950565287689e-02
6.516666666666666607e+00	1.807447722104196103e-02
6.533333333333333215e+00	1.954809259026804580e-02
6.549999999999999822e+00	2.200293554740593432e-02
6.566666666666666430e+00	2.053325298150211059e-03
6.583333333333333925e+00	9.063356025435151397e-02
6.600000000000000533e+00	-2.814630227205450891e-02
6.616666666666667140e+00	5.293045631242723065e-02
6.633333333333332860e+00	4.984619583829466355e-04
6.649999999999999467e+00	5.224462343125037267e-02
6.666666666666666963e+00	-4.241389507455044922e-03
6.683333333333333570e+00	2.819125134256361687e-02
6.700000000000000178e+00	6.068629106991287221e-03
6.716666666666666785e+00	-5.232581501547786847e-03
6.733333333333333393e+00	2.814902165885818305e-03
6.750000000000000000e+00	7.655784840353357761e-03
6.766666666666666607e+00	5.098524994605588105e-03
6.783333333333333215e+00	-2.979448985409474671e-02
6.799999999999999822e+00	1.656161428528164087e-02
6.816666666666667318e+00	-2.560349649161619556e-02
6.833333333333333925e+00	-8.570657130068696020e-03
6.850000000000000533e+00	1.354524279679240190e-02
6.866666666666666252e+00	-1.111433972222998848e-02
6.883333333333332860e+00	-7.394690495554205947e-03
6.900000000000000355e+00	7.226626295000344868e-02
6.916666666666666963e+00	2.036870654453797752e-02
6.933333333333333570e+00	3.747000296077930559e-02
6.950000000000000178e+00	-1.488214247634117929e-02
6.966666666666666785e+00	3.176256917026315518e-02
6.983333333333333393e+00	6.670457718561682847e-02
7.000000000000000000e+00	-4.041963855535851691e-02
7.016666666666666607e+00	3.513932773010874488e-03
7.033333333333333215e+00	-4.298733020089880869e-02
7.049999999999999822e+00	-3.056547178092271222e-02
7.066666666666667318e+00	-4.685004015025123758e-02
7.083333333333333925e+00	2.986198025301208415e-03
7.099999999999999645e+00	-5.830541988071859423e-03
7.116666666666666252e+00	-2.178488062024315497e-02
7.133333333333333748e+00	-6.009249792603957308e-02
7.150000000000000355e+00	2.784940942263416670e-03
7.166666666666666963e+00	-1.000076553365285802e-02
7.183333333333333570e+00	-6.842903732728292110e-03
7.200000000000000178e+00	-2.874386347768113827e-03
7.216666666666666785e+00	-4.946027697221716535e-02
7.233333333333333393e+00	2.965715594827275300e-02
7.250000000000000000e+00	-4.027886888565995749e-02
7.266666666666666607e+00	-2.819169420904843373e-03
7.283333333333333215e+00	9.121720579474955695e-03
7.300000000000000711e+00	-5.104929491190885599e-02
7.316666666666667318e+00	-2.497143878263400132e-02
7.333333333333333037e+00	-2.001017451965818317e-02
7.349999999999999645e+00	3.631555921283566996e-02
7.366666666666667140e+00	4.691395171692296084e-02
7.383333333333333748e+00	-9.137232923455713279e-03
7.400000000000000355e+00	3.852151061996032799e-02
7.416666666666666963e+00	-1.971940297180732257e-02
7.433333333333333570e+00	-1.175009269955076471e-02
7.450000000000000178e+00	3.632545806138913480e-02
7.466666666666666785e+00	-1.789937070491223053e-02
7.483333333333333393e+00	2.276452207191613508e-02
7.500000000000000000e+00	-1.028411806954869327e-02
7.516666666666666607e+00	7.290125762037444161e-03
7.533333333333334103e+00	1.769584598210695997e-02
7.550000000000000711e+00	6.325090799345392534e-02
7.566666666666666430e+00	2.075123538472639639e-03
7.583333333333333037e+00	-5.856346202042385764e-04
7.599999999999999645e+00	-7.421387459117165068e-03
7.616666666666667140e+00	4.670973765498122321e-02
7.633333333333333748e+00	-1.503939689558742715e-02
7.649999999999999467e+00	4.529989927262632887e-02
7.666666666666666963e+00	9.526214837681314801e-03
7.683333333333333570e+00	-7.499955571290374545e-02
7.700000000000001066e+00	-4.530021801228915207e-02
7.716666666666666785e+00	-1.195371089950701161e-02
7.733333333333332504e+00	1.376879534312805409e-02
7.750000000000000000e+00	2.308330922181492731e-02
7.766666666666666607e+00	1.910104843475089048e-02
7.783333333333334103e+00	9.686835563085447603e-03
7.799999999999999822e+00	7.233661571132496068e-03
7.816666666666667318e+00	6.119312289181484329e-03
7.833333333333333037e+00	-5.032398858759880994e-02
7.849999999999999645e+00	-3.619694608630762145e-02
7.866666666666667140e+00	-2.370846892392751079e-02
7.883333333333332860e+00	-1.417876325874121079e-03
7.900000000000000355e+00	2.960694776978290560e-02
7.916666666666666963e+00	-3.682805519316426773e-02
7.933333333333334458e+00	3.238327857081629152e-02
7.950000000000000178e+00	2.495303105651659054e-02
7.966666666666665897e+00	2.126240862068144027e-02
7.983333333333333393e+00	1.064278793197289416e-03
8.000000000000000000e+00	3.782674399372901175e-02
8.016666666666667496e+00	2.391720277361029587e-02
8.033333333333333215e+00	7.880070319253835260e-04
8.050000000000000711e+00	3.294840691455187820e-02
8.066666666666666430e+00	2.707748808799639514e-03
8.083333333333332149e+00	1.939656801308706560e-02
8.099999999999999645e+00	-2.022143018351496568e-02
8.116666666666667140e+00	6.373183730550036064e-02
8.133333333333334636e+00	2.557407848458648561e-02
8.150000000000000355e+00	-1.967716360531185718e-02
8.166666666666667851e+00	5.465542783715101466e-02
8.183333333333333570e+00	8.527999111540947308e-02
8.199999999999999289e+00	-1.333336550651912852e-02
8.216666666666666785e+00	-2.369334845379383967e-03
8.233333333333332504e+00	7.989627965740403459e-02
8.250000000000000000e+00	3.126286079106396082e-02
8.266666666666665719e+00	6.500197953590655534e-04
8.283333333333334991e+00	-5.310574197779489164e-03
8.300000000000000711e+00	-9.996069267572873368e-04
8.316666666666666430e+00	-3.034487103173676148e-02
8.333333333333333925e+00	3.460989815907673274e-03
8.349999999999999645e+00	2.611435556128266760e-03
8.366666666666667140e+00	-1.492344968531821893e-02
8.383333333333332860e+00	1.690922074793971448e-03
8.400000000000000355e+00	-4.043680417910158059e-02
8.416666666666666075e+00	8.569357153271811578e-03
8.433333333333333570e+00	-5.123929018007734176e-02
8.450000000000001066e+00	-1.096075474293850965e-01
8.466666666666666785e+00	2.509615512477393617e-02
8.483333333333334281e+00	5.305999499200907653e-03
8.500000000000000000e+00	3.403395959906128226e-02
8.516666666666667496e+00	-8.383957760360737088e-03
8.533333333333333215e+00	4.319570747867725047e-02
8.549999999999998934e+00	-1.060873783936405962e-03
8.566666666666666430e+00	5.032871019515253175e-02
8.583333333333332149e+00	5.167094647276870671e-03
8.600000000000001421e+00	4.792608874195947860e-02
8.616666666666667140e+00	-3.648577043799704905e-02
8.633333333333334636e+00	2.354283389892226127e-03
8.650000000000000355e+00	3.996423041849905822e-02
8.666666666666666075e+00	-5.654073648832201419e-03
8.683333333333333570e+00	2.657493183925593166e-02
8.699999999999999289e+00	1.269045489929489928e-02
8.716666666666666785e+00	2.266416241611317328e-02
8.733333333333332504e+00	1.667851275322149510e-02
8.750000000000001776e+00	3.653897640985265260e-02
8.766666666666667496e+00	-1.960798763761610955e-02
8.783333333333333215e+00	4.329693852492448591e-02
8.800000000000000711e+00	-1.260440410551716579e-02
8.816666666666666430e+00	5.350838810404918988e-02
8.833333333333333925e+00	4.061872073481222895e-02
8.849999999999999645e+00	-1.511677585640308630e-02
8.866666666666667140e+00	-1.021302815295306865e-01
8.883333333333332860e+00	3.558298447557626393e-02
8.900000000000000355e+00	-7.532701118478661931e-03
8.916666666666667851e+00	-8.698565355378995445e-03
8.933333333333333570e+00	3.879809734574587998e-02
8.950000000000001066e+00	2.645362226416229923e-02
8.966666666666666785e+00	-5.211768661250077567e-02
8.983333333333334281e+00	-1.771561915640376683e-02
9.000000000000000000e+00	3.934777242648117984e-02
9.016666666666665719e+00	3.835375977263583147e-02
9.033333333333333215e+00	1.132237723239046256e-02
9.049999999999998934e+00	8.871955725101622614e-02
9.066666666666668206e+00	-2.473788103564976762e-02
9.083333333333333925e+00	-2.371147220565225471e-03
9.100000000000001421e+00	-7.386165324465414350e-02
9.116666666666667140e+00	3.976745587823380529e-02
9.133333333333332860e+00	5.690435827972224481e-05
9.150000000000000355e+00	-4.308381102950949171e-02
9.166666666666666075e+00	-2.210153169880079913e-02
9.183333333333333570e+00	-3.027126933887430357e-02
9.199999999999999289e+00	4.911996013604603278e-02
9.216666666666666785e+00	9.141261417397832101e-02
9.233333333333334281e+00	-3.822753051663974055e-02
9.250000000000000000e+00	-1.918754909992327617e-02
9.266666666666667496e+00	-2.812512336069364349e-02
9.283333333333333215e+00	-7.907799242666111242e-03
9.300000000000000711e+00	6.418141719715904359e-02
9.316666666666666430e+00	-3.704180920092676587e-03
9.333333333333333925e+00	-1.750567979537283325e-02
9.349999999999999645e+00	2.420614821901773128e-02
9.366666666666665364e+00	-2.530405903467674699e-03
9.383333333333334636e+00	7.575946872838224509e-03
9.400000000000000355e+00	3.688555910322674925e-03
9.416666666666667851e+00	1.390176352606321483e-02
9.433333333333333570e+00	-8.295539405164717439e-02
9.450000000000001066e+00	3.177202756596597677e-02
9.466666666666666785e+00	-3.029188470546811084e-03
9.483333333333332504e+00	1.478296574202680666e-02
9.500000000000000000e+00	2.670979511531994255e-02
9.516666666666665719e+00	3.191572273889930339e-02
9.533333333333333215e+00	-2.406248418366922423e-02
9.550000000000000711e+00	-2.605764996764697687e-03
9.566666666666668206e+00	1.345783670664150999e-02
9.583333333333333925e+00	7.753960536078085414e-03
9.599999999999999645e+00	4.474453456534421142e-03
9.616666666666667140e+00	-2.395219890144249190e-03
9.633333333333332860e+00	1.558374608686612268e-02
9.650000000000000355e+00	-4.385299671780112929e-03
9.666666666666666075e+00	3.563583788865247459e-02
9.683333333333333570e+00	-3.714099126659729799e-03
9.700000000000001066e+00	5.803184296962523442e-03
9.716666666666666785e+00	-4.980641384726276072e-02
9.733333333333334281e+00	-1.576563539111596607e-02
9.750000000000000000e+00	3.477682635967183078e-02
9.766666666666667496e+00	2.227967289928913311e-03
9.783333333333333215e+00	-1.554440213447609749e-02
9.800000000000000711e+00	-1.619795017650609015e-02
9.816666666666666430e+00	-1.032148540539667286e-02
9.833333333333332149e+00	2.609085558863673271e-02
9.850000000000001421e+00	1.638679142253214593e-02
9.866666666666667140e+00	1.837248637835324494e-02
9.883333333333334636e+00	5.127077751536066735e-02
9.900000000000000355e+00	-6.859741779291544939e-02
9.916666666666667851e+00	-3.921276928292929259e-02
9.933333333333333570e+00	3.353764621103857285e-02
9.949999999999999289e+00	1.112768899731676232e-02
9.966666666666666785e+00	-4.657058457644866478e-02
9.983333333333332504e+00	1.150440117149941627e-02
1.000000000000000000e+01	-6.412705311701372146e-02
1.001666666666666750e+01	-6.104765246330663003e-02
1.003333333333333321e+01	-4.193416024748466281e-02
1.005000000000000071e+01	-1.275591222640118025e-02
1.006666666666666643e+01	5.473948883615284422e-03
1.008333333333333393e+01	-2.422513031143936832e-02
1.009999999999999964e+01	-5.789401333875055650e-03
1.011666666666666714e+01	1.525459953743220874e-02
1.013333333333333286e+01	-2.789324681722539501e-02
1.014999999999999858e+01	2.388390250391237216e-02
1.016666666666666785e+01	-3.177520733609052322e-02
1.018333333333333357e+01	1.587323709403299157e-02
1.020000000000000107e+01	-7.674142880484910792e-03
1.021666666666666679e+01	3.848202215303195284e-02
1.023333333333333428e+01	3.115387352298963630e-02
1.025000000000000000e+01	-5.248785435235940773e-03
1.026666666666666572e+01	9.453293013765632496e-03
1.028333333333333321e+01	-1.183679511035154105e-02
1.029999999999999893e+01	5.248685975249552452e-03
1.031666666666666643e+01	2.138574506421619947e-02
1.033333333333333393e+01	2.935400964796883866e-02
1.035000000000000142e+01	-8.675676836979284712e-03
1.036666666666666714e+01	2.618311193492247127e-02
1.038333333333333286e+01	-7.935808728302588821e-02
1.040000000000000036e+01	3.090255787865971160e-02
1.041666666666666607e+01	1.611752004868387614e-02
1.043333333333333357e+01	3.842440777102180960e-02
1.044999999999999929e+01	4.700634577304819983e-02
1.046666666666666679e+01	-1.781859265777571005e-02
1.048333333333333428e+01	-3.764562842756580957e-02
1.050000000000000000e+01	-3.441839351903528549e-02
1.051666666666666750e+01	-3.928916451897191547e-02
1.053333333333333321e+01	-3.668537635900041838e-02
1.055000000000000071e+01	4.110660667386419054e-02
1.056666666666666643e+01	8.461769262099763612e-04
1.058333333333333393e+01	9.459011593900499767e-03
1.059999999999999964e+01	1.378305325792243512e-02
1.061666666666666536e+01	4.934890436865474461e-02
1.063333333333333286e+01	2.854963658266959289e-02
1.065000000000000036e+01	-1.495891185975668260e-02
1.066666666666666785e+01	1.224648520596311016e-04
1.068333333333333357e+01	-3.023089308368572328e-02
1.070000000000000107e+01	4.039778099108141951e-02
1.071666666666666679e+01	-3.491229370875623822e-02
1.073333333333333250e+01	1.793157912685243438e-02
1.075000000000000000e+01	4.108047488375127926e-02
1.076666666666666572e+01	-3.030685796861632211e-03
1.078333333333333321e+01	6.299179289665615689e-02
1.080000000000000071e+01	-6.781973480949626820e-02
1.081666666666666821e+01	-1.508149832316442625e-02
1.083333333333333393e+01	8.972093093336991343e-03
1.084999999999999964e+01	2.683878661000317634e-02
1.086666666666666714e+01	1.799803307402214267e-02
1.088333333333333286e+01	2.774987436573273306e-02
1.090000000000000036e+01	8.346058183531131214e-03
1.091666666666666607e+01	-4.214660158890286973e-02
1.093333333333333357e+01	6.154868143233567512e-02
1.095000000000000107e+01	4.376817339195469142e-02
1.096666666666666679e+01	1.125991175436498980e-02
1.098333333333333428e+01	1.469064454678695349e-02
1.100000000000000000e+01	2.471059933439196180e-02
1.101666666666666750e+01	-2.783027234124895929e-02
1.103333333333333321e+01	2.924947402802425406e-02
1.105000000000000071e+01	2.428535331819666257e-03
1.106666666666666643e+01	-1.585538057037632828e-02
1.108333333333333215e+01	7.314445384549639675e-03
1.109999999999999964e+01	-1.397860134720148133e-02
1.111666666666666714e+01	-2.346519599952539073e-02
1.113333333333333464e+01	-8.392306157421132104e-03
1.115000000000000036e+01	-6.187107314346377424e-02
1.116666666666666785e+01	1.192921788043511087e-02
1.118333333333333357e+01	-2.035211978800358784e-02
1.119999999999999929e+01	3.498136846153999079e-03
1.121666666666666679e+01	5.621790797022437058e-02
1.123333333333333250e+01	3.198801743438054314e-04
1.125000000000000000e+01	1.475118965329871856e-02
1.126666666666666750e+01	2.751203676503712232e-03
1.128333333333333499e+01	-3.473470727598424596e-02
1.130000000000000071e+01	-2.367187965972268951e-02
1.131666666666666643e+01	2.685961637831282139e-02
1.133333333333333393e+01	9.719007168574244834e-03
1.134999999999999964e+01	-9.635981319809770740e-03
1.136666666666666714e+01	1.678407641364343394e-02
1.138333333333333286e+01	-1.143664030464227460e-02
1.140000000000000036e+01	-1.751947641961756549e-02
1.141666666666666607e+01	2.126440728240713493e-02
1.143333333333333357e+01	4.636753469422431884e-03
1.145000000000000107e+01	-4.355435034665607746e-02
1.146666666666666679e+01	9.368623150920522141e-03
1.148333333333333428e+01	-1.295112948456690269e-02
1.150000000000000000e+01	6.020249262535754681e-02
1.151666666666666750e+01	1.256123684665391184e-02
1.153333333333333321e+01	5.901234173498451710e-03
1.154999999999999893e+01	-7.442725285343047836e-02
1.156666666666666643e+01	-2.981794803422345083e-02
1.158333333333333393e+01	8.826938388827523449e-03
1.160000000000000142e+01	2.917516206200565856e-02
1.161666666666666714e+01	-2.196962150007367512e-02
1.163333333333333464e+01	-6.297959464330843415e-03
1.165000000000000036e+01	-5.617632319120922924e-02
1.166666666666666607e+01	5.080395151974011203e-02
1.168333333333333357e+01	5.214591207360266822e-02
1.169999999999999929e+01	-1.593192425921933011e-02
1.171666666666666679e+01	-9.553993417281102241e-03
1.173333333333333250e+01	-2.871611237473980366e-02
1.175000000000000178e+01	-1.525895001535896266e-02
1.176666666666666750e+01	-3.983741547299209790e-02
1.178333333333333321e+01	9.811989051328379174e-03
1.180000000000000071e+01	4.259192944109381485e-02
1.181666666666666643e+01	2.087640012634401146e-02
1.183333333333333393e+01	4.013703651213039458e-02
1.184999999999999964e+01	4.218744518620599904e-02
1.186666666666666714e+01	3.996246223879609816e-02
1.188333333333333286e+01	-1.878398813842969278e-02
1.190000000000000036e+01	-1.501418752810890211e-02
1.191666666666666785e+01	-2.724865143601147566e-02
1.193333333333333357e+01	4.807089872584189433e-02
1.195000000000000107e+01	-4.491762830980128296e-04
1.196666666666666679e+01	5.892227907450863639e-02
1.198333333333333428e+01	-1.129903529765987832e-02
1.200000000000000000e+01	2.032789126631977597e-03
1.201666666666666572e+01	2.921890476515897825e-02
1.203333333333333321e+01	5.357034867570124870e-02
1.205000000000000071e+01	3.292353127024093967e-02
1.206666666666666821e+01	5.350853380648090685e-02
1.208333333333333393e+01	4.175224332624770385e-02
1.210000000000000142e+01	7.972618691693335313e-02
1.211666666666666714e+01	9.186520439523228332e-02
1.213333333333333286e+01	7.406353392140911651e-02
1.215000000000000036e+01	1.730175394468960459e-01
1.216666666666666607e+01	1.036208194089884016e-01
1.218333333333333357e+01	1.534040304076266237e-01
1.219999999999999929e+01	1.324911650204535218e-01
1.221666666666666856e+01	1.536886202441729576e-01
1.223333333333333428e+01	1.263846868112391830e-01
1.225000000000000000e+01	1.367728077011125254e-01
1.226666666666666750e+01	1.408188756728185331e-01
1.228333333333333321e+01	1.627726986703011691e-01
1.230000000000000071e+01	1.403935278984463075e-01
1.231666666666666643e+01	1.515177978250460966e-01
1.233333333333333393e+01	8.753737560602266321e-02
1.234999999999999964e+01	6.842867347216675944e-02
1.236666666666666714e+01	7.943590265574963782e-02
1.238333333333333464e+01	6.853864032764033117e-03
1.240000000000000036e+01	3.538634011325703099e-03
1.241666666666666785e+01	-7.722404709643447551e-02
1.243333333333333357e+01	-1.774393521790173789e-01
1.245000000000000107e+01	-1.793519506550284026e-01
1.246666666666666679e+01	-2.532189944693185035e-01
1.248333333333333250e+01	-3.213909897752084688e-01
1.250000000000000000e+01	-2.873433286845651358e-01
1.251666666666666572e+01	-3.645452878979653089e-01
1.253333333333333499e+01	-3.836695986649794055e-01
1.255000000000000071e+01	-4.150510255984606878e-01
1.256666666666666821e+01	-5.023333093257031923e-01
1.258333333333333393e+01	-5.561552696911968852e-01
1.259999999999999964e+01	-5.847651694405994194e-01
1.261666666666666714e+01	-5.510518386612235364e-01
1.263333333333333286e+01	-6.572021257647889803e-01
1.265000000000000036e+01	-5.795847584026579957e-01
1.266666666666666607e+01	-6.006979065526415473e-01
1.268333333333333357e+01	-5.412891844298857169e-01
1.270000000000000107e+01	-6.157305603870146804e-01
1.271666666666666679e+01	-5.525791444853535017e-01
1.273333333333333428e+01	-5.240950533246369059e-01
1.275000000000000000e+01	-4.523307423133105520e-01
1.276666666666666750e+01	-4.391446667551574534e-01
1.278333333333333321e+01	-4.130808665413858716e-01
1.279999999999999893e+01	-3.316689493146529610e-01
1.281666666666666643e+01	-2.380976805419485753e-01
1.283333333333333215e+01	-1.934387147610456270e-01
1.285000000000000142e+01	-1.502188071293807936e-01
1.286666666666666714e+01	-1.100689764304015050e-01
1.288333333333333464e+01	-2.188883573415277561e-02
1.290000000000000036e+01	6.050910469784914758e-02
1.291666666666666607e+01	1.393052130650405118e-01
1.293333333333333357e+01	1.919127873887273017e-01
1.294999999999999929e+01	2.321054545444871664e-01
1.296666666666666679e+01	3.251590802880426900e-01
1.298333333333333250e+01	3.779013680671657327e-01
1.300000000000000178e+01	4.732117382747944578e-01
1.301666666666666750e+01	5.196021524035316919e-01
1.303333333333333321e+01	5.473433757988179771e-01
1.305000000000000071e+01	5.729032933674066408e-01
1.306666666666666643e+01	6.244332329064857801e-01
1.308333333333333393e+01	6.296949918756633569e-01
1.309999999999999964e+01	6.765271108780561704e-01
1.311666666666666714e+01	7.593042777845468994e-01
1.313333333333333286e+01	6.967358830431881200e-01
1.314999999999999858e+01	7.462024587367739326e-01
1.316666666666666785e+01	6.521403000139397443e-01
1.318333333333333357e+01	6.806482938021640727e-01
1.320000000000000107e+01	6.193896329348489438e-01
1.321666666666666679e+01	5.925336654047861362e-01
1.323333333333333428e+01	5.536677765157033138e-01
1.325000000000000000e+01	5.263614729448555796e-01
1.326666666666666572e+01	4.351886667327703462e-01
1.328333333333333321e+01	4.251292067081570147e-01
1.329999999999999893e+01	2.915304125966576843e-01
1.331666666666666821e+01	3.065359195474312015e-01
1.333333333333333393e+01	1.870561662466407038e-01
1.335000000000000142e+01	1.994541642673496873e-01
1.336666666666666714e+01	6.210812207207733887e-02
1.338333333333333286e+01	-3.465788840380824853e-02
1.340000000000000036e+01	-1.031866000861117183e-01
1.341666666666666607e+01	-1.086304625409869051e-01
1.343333333333333357e+01	-2.049827027352232323e-01
1.344999999999999929e+01	-2.382958308866725827e-01
1.346666666666666679e+01	-3.057212678937210604e-01
1.348333333333333428e+01	-3.662726587496900055e-01
1.350000000000000000e+01	-5.228049396246685632e-01
1.351666666666666750e+01	-5.043445394329182374e-01
1.353333333333333321e+01	-5.585628418224527492e-01
1.355000000000000071e+01	-6.121937600292528536e-01
1.356666666666666643e+01	-6.909380774207141140e-01
1.358333333333333393e+01	-6.679965612424263455e-01
1.359999999999999964e+01	-6.899886312407214062e-01
1.361666666666666536e+01	-6.988224849044553100e-01
1.363333333333333464e+01	-6.926593620506705795e-01
1.365000000000000036e+01	-7.027206714822884503e-01
1.366666666666666785e+01	-6.815464393782371122e-01
1.368333333333333357e+01	-7.123923456718092018e-01
1.370000000000000107e+01	-6.086010230275021859e-01
1.371666666666666679e+01	-6.514593845455552978e-01
1.373333333333333250e+01	-5.476646451474737054e-01
1.375000000000000000e+01	-5.262612485964088815e-01
1.376666666666666572e+01	-4.363762191262265389e-01
1.378333333333333321e+01	-4.217882301354251573e-01
1.380000000000000071e+01	-3.437305804661865416e-01
1.381666666666666821e+01	-2.994441523451095155e-01
1.383333333333333393e+01	-2.370727845485253726e-01
1.384999999999999964e+01	-1.312520987174632670e-01
1.386666666666666714e+01	-7.370725021081410422e-02
1.388333333333333286e+01	-5.379926567827261752e-02
1.390000000000000036e+01	5.544102239585690928e-02
1.391666666666666607e+01	1.509852135014686791e-01
1.393333333333333357e+01	2.388971704123549755e-01
1.395000000000000107e+01	2.625461697644532189e-01
1.396666666666666679e+01	3.304435140218518474e-01
1.398333333333333428e+01	4.134507124206385220e-01
1.400000000000000000e+01	4.781714210810518728e-01
1.401666666666666750e+01	5.005857681488331545e-01
1.403333333333333321e+01	5.916718175386307399e-01
1.405000000000000071e+01	6.477323378245773977e-01
1.406666666666666643e+01	6.723563445391654847e-01
1.408333333333333215e+01	6.472338927160459221e-01
1.409999999999999964e+01	7.106222281907852434e-01
1.411666666666666714e+01	7.214201518380547462e-01
1.413333333333333464e+01	7.134559781040852311e-01
1.415000000000000036e+01	7.032734445979341720e-01
1.416666666666666785e+01	6.601222538359254877e-01
1.418333333333333357e+01	6.773663331819501643e-01
1.419999999999999929e+01	6.336212484613701346e-01
1.421666666666666679e+01	5.899914076946726205e-01
1.423333333333333250e+01	6.532450678696114510e-01
1.425000000000000000e+01	5.638740726355337962e-01
1.426666666666666750e+01	4.292377434113595625e-01
1.428333333333333499e+01	4.011701698409566030e-01
1.430000000000000071e+01	3.089173153017639173e-01
1.431666666666666643e+01	2.555009428179857434e-01
1.433333333333333393e+01	2.020563229387892790e-01
1.434999999999999964e+01	1.149618123767358197e-01
1.436666666666666714e+01	6.380804333535095019e-02
1.438333333333333286e+01	-1.937574084826908932e-02
1.440000000000000036e+01	-6.579128808955041208e-02
1.441666666666666785e+01	-1.100432994337670056e-01
1.443333333333333357e+01	-1.882264556812566214e-01
1.445000000000000107e+01	-1.957826738642809705e-01
1.446666666666666679e+01	-3.291900043468475312e-01
1.448333333333333428e+01	-3.713223524856269497e-01
1.450000000000000000e+01	-4.673408260780540502e-01
1.451666666666666750e+01	-5.398946721857998954e-01
1.453333333333333321e+01	-4.893995571425602265e-01
1.454999999999999893e+01	-5.791286056782293246e-01
1.456666666666666643e+01	-6.302187641574615862e-01
1.458333333333333393e+01	-6.809447598495392828e-01
1.460000000000000142e+01	-7.046701687515199986e-01
1.461666666666666714e+01	-6.914049484588842276e-01
1.463333333333333464e+01	-7.015906663697006884e-01
1.465000000000000036e+01	-6.781691265280193059e-01
1.466666666666666607e+01	-6.884134415575142718e-01
1.468333333333333357e+01	-6.594900610822633791e-01
1.469999999999999929e+01	-6.450637280051114697e-01
1.471666666666666679e+01	-5.722055739794047469e-01
1.473333333333333428e+01	-6.071458791464254823e-01
1.475000000000000178e+01	-5.320254188827909791e-01
1.476666666666666750e+01	-4.634594532466228545e-01
1.478333333333333321e+01	-4.144743566313803251e-01
1.480000000000000071e+01	-3.192422058697831355e-01
1.481666666666666643e+01	-3.358068308347527120e-01
1.483333333333333393e+01	-2.014420777285431952e-01
1.484999999999999964e+01	-1.178785701918918377e-01
1.486666666666666714e+01	-5.057349800011819857e-02
1.488333333333333286e+01	4.997848880634175872e-03
1.490000000000000036e+01	4.275717045722246534e-02
1.491666666666666785e+01	1.358171849044725321e-01
1.493333333333333357e+01	2.032867505241393591e-01
1.495000000000000107e+01	2.752392920026598966e-01
1.496666666666666679e+01	3.115054833538803414e-01
1.498333333333333428e+01	3.962999471449725197e-01
1.500000000000000000e+01	4.539352862319590010e-01
1.501666666666666572e+01	5.360581284527531354e-01
1.503333333333333321e+01	5.830795715630283649e-01
1.505000000000000071e+01	6.161771465617313925e-01
1.506666666666666821e+01	5.949160638830941483e-01
1.508333333333333393e+01	6.938929233843846855e-01
1.510000000000000142e+01	6.951911884569362821e-01
1.511666666666666714e+01	6.527282534181370055e-01
1.513333333333333286e+01	6.941604209495547684e-01
1.515000000000000036e+01	6.875940297369915744e-01
1.516666666666666607e+01	6.443127044197037856e-01
1.518333333333333357e+01	7.010272356871655175e-01
1.519999999999999929e+01	5.827159627345340764e-01
1.521666666666666856e+01	5.817393527470557935e-01
1.523333333333333428e+01	6.085315799970529849e-01
1.525000000000000000e+01	5.553023463537233306e-01
1.526666666666666750e+01	4.794663598762263779e-01
1.528333333333333321e+01	4.000892318957355309e-01
1.529999999999999893e+01	3.823088427581562421e-01
1.531666666666666821e+01	2.719309405403302904e-01
1.533333333333333393e+01	2.201863542081977376e-01
1.534999999999999964e+01	1.659193491441673662e-01
1.536666666666666714e+01	9.167371100467518186e-02
1.538333333333333286e+01	2.369383902754323978e-02
1.540000000000000213e+01	-1.359177154728521686e-01
1.541666666666666785e+01	-1.570511265387199429e-01
1.543333333333333357e+01	-1.991182066000011242e-01
1.544999999999999929e+01	-3.332800426998129839e-01
1.546666666666666501e+01	-3.395204357328904243e-01
1.548333333333333428e+01	-4.180808708893938297e-01
1.550000000000000000e+01	-4.941568456602759563e-01
1.551666666666666750e+01	-5.100610223634051144e-01
1.553333333333333321e+01	-5.499667556793618184e-01
1.555000000000000249e+01	-6.368457216956208145e-01
1.556666666666666821e+01	-6.520937071913216476e-01
1.558333333333333393e+01	-6.734570776215244026e-01
1.559999999999999964e+01	-6.489050604693019642e-01
1.561666666666666536e+01	-6.899702998463347337e-01
1.563333333333333464e+01	-7.058379507990870660e-01
1.565000000000000036e+01	-6.604605335194854154e-01
1.566666666666666607e+01	-7.015550537353203442e-01
1.568333333333333357e+01	-6.489315718966944813e-01
1.569999999999999929e+01	-5.990024686424895162e-01
1.571666666666666856e+01	-5.993487655191642727e-01
1.573333333333333428e+01	-5.894291479151354540e-01
1.575000000000000000e+01	-5.368777648263042268e-01
1.576666666666666572e+01	-4.974968119251655940e-01
1.578333333333333499e+01	-4.002109985241391055e-01
1.580000000000000071e+01	-3.378819815087878986e-01
1.581666666666666643e+01	-2.826245033433354426e-01
1.583333333333333393e+01	-2.400732859831875843e-01
1.584999999999999964e+01	-1.112884829358500305e-01
1.586666666666666892e+01	-5.975024499515912274e-02
1.588333333333333464e+01	-1.916795526110784409e-02
1.590000000000000036e+01	8.726495160450015165e-03
1.591666666666666607e+01	1.945269613665453479e-01
1.593333333333333179e+01	2.025170412877635440e-01
1.595000000000000107e+01	3.555338465797163727e-01
1.596666666666666679e+01	4.072259462003371411e-01
1.598333333333333250e+01	4.201292891920749284e-01
1.600000000000000000e+01	4.589023765674108413e-01
1.601666666666666927e+01	5.246245911694640274e-01
1.603333333333333499e+01	5.287583460725312490e-01
1.605000000000000071e+01	5.340984091912115428e-01
1.606666666666666643e+01	6.148615100265965028e-01
1.608333333333333215e+01	6.024856947843654220e-01
1.610000000000000142e+01	6.122436374233120038e-01
1.611666666666666714e+01	5.770839305587259771e-01
1.613333333333333286e+01	5.996299435501326602e-01
1.614999999999999858e+01	5.944611491937420444e-01
1.616666666666666430e+01	6.001522637927863002e-01
1.618333333333333357e+01	5.778920969495244808e-01
1.619999999999999929e+01	4.652843688494759933e-01
1.621666666666666501e+01	4.854813327007782564e-01
1.623333333333333428e+01	4.077018032436657835e-01
1.625000000000000355e+01	3.808776127760067909e-01
1.626666666666666927e+01	3.137971166376961052e-01
1.628333333333333499e+01	2.127946977366099446e-01
1.630000000000000071e+01	2.361005882425331881e-01
1.631666666666666643e+01	1.593140685757385988e-01
1.633333333333333570e+01	7.657797852771984493e-02
1.635000000000000142e+01	4.957744233377975318e-02
1.636666666666666714e+01	1.945479017041833528e-02
1.638333333333333286e+01	2.129177351143512597e-03
1.639999999999999858e+01	-7.111808291848122077e-02
1.641666666666666785e+01	-3.912568924908295387e-02
1.643333333333333357e+01	-5.278784439556025165e-02
1.644999999999999929e+01	-8.377691773378108386e-02
1.646666666666666501e+01	-1.036357838502871553e-01
1.648333333333333428e+01	-1.990619527850054915e-01
1.650000000000000000e+01	-1.130357083453935457e-01
1.651666666666666572e+01	-1.650024926710203510e-01
1.653333333333333144e+01	-1.420765129645066294e-01
1.655000000000000071e+01	-1.559460080031292994e-01
1.656666666666666998e+01	-1.782281841780394283e-01
1.658333333333333570e+01	-9.567142636115394394e-02
1.660000000000000142e+01	-1.153662110916398031e-01
1.661666666666666714e+01	-7.021228965056945659e-02
1.663333333333333286e+01	-8.138067666326906369e-02
1.665000000000000213e+01	-8.970070038125804723e-02
1.666666666666666785e+01	-1.507991040921646819e-02
1.668333333333333357e+01	-6.585038589754302341e-03
1.669999999999999929e+01	1.804251150794018016e-02
1.671666666666666856e+01	-2.914986096436654808e-02
1.673333333333333428e+01	3.796411589539163550e-03
1.675000000000000000e+01	-5.344931006203855473e-02
1.676666666666666572e+01	9.538790343468406610e-03
1.678333333333333144e+01	5.672078868571137425e-03
1.680000000000000071e+01	-1.266805266525225862e-02
1.681666666666666643e+01	7.525242592183109536e-02
1.683333333333333215e+01	-9.232216320402199250e-03
1.684999999999999787e+01	2.918411649765619356e-02
1.686666666666666714e+01	-8.744404093211151363e-03
1.688333333333333641e+01	2.059042621796923836e-02
1.690000000000000213e+01	4.537122397732516743e-02
1.691666666666666785e+01	2.098744488569083671e-03
1.693333333333333357e+01	1.555250838503149935e-02
1.695000000000000284e+01	5.823920743091853119e-02
1.696666666666666856e+01	-6.749581556380504326e-03
1.698333333333333428e+01	3.863069972109806766e-02
1.700000000000000000e+01	-3.194783312270226688e-02
1.701666666666666572e+01	-9.790466394756273949e-03
1.703333333333333499e+01	-1.786244700851857131e-02
1.705000000000000071e+01	5.085602590645763900e-03
1.706666666666666643e+01	1.957879635779281521e-02
1.708333333333333215e+01	8.545889732818383539e-04
1.709999999999999787e+01	-2.209107224212079890e-02
1.711666666666666714e+01	1.965344492010884583e-02
1.713333333333333286e+01	1.194584776126810487e-02
1.714999999999999858e+01	-2.365315566573458761e-02
1.716666666666666430e+01	1.636570609144993860e-02
1.718333333333333357e+01	7.322503408068470332e-02
1.720000000000000284e+01	-2.328520184106169441e-02
1.721666666666666856e+01	4.443729668186332214e-03
1.723333333333333428e+01	-5.547510188524129322e-04
1.725000000000000000e+01	2.429380169074456947e-02
1.726666666666666927e+01	2.319248970068413934e-02
1.728333333333333499e+01	-6.781806136977293342e-02
1.730000000000000071e+01	-5.630787622672941582e-04
1.731666666666666643e+01	3.362401201747006185e-02
1.733333333333333215e+01	-1.577881307228347699e-02
1.735000000000000142e+01	3.784883293281256222e-02
1.736666666666666714e+01	1.540401440559906968e-03
1.738333333333333286e+01	-2.797535170788586351e-02
1.739999999999999858e+01	4.069150295186479971e-03
1.741666666666666430e+01	-1.465407284910591815e-02
1.743333333333333357e+01	-9.448577718658038999e-03
1.744999999999999929e+01	-1.733320075188516871e-03
1.746666666666666501e+01	5.639670983439473706e-02
1.748333333333333428e+01	-4.404768019765890191e-02
1.750000000000000355e+01	5.015610599955117044e-02
1.751666666666666927e+01	3.999023498562057945e-03
1.753333333333333499e+01	-3.965344982692713821e-02
1.755000000000000071e+01	-4.408669940991439412e-02
1.756666666666666643e+01	1.552711330416838877e-02
1.758333333333333570e+01	6.339330287594588560e-03
1.760000000000000142e+01	-1.965883833643930012e-04
1.761666666666666714e+01	-6.767593032227751416e-03
1.763333333333333286e+01	-6.851048430314161247e-03
1.764999999999999858e+01	1.641608131318542108e-02
1.766666666666666785e+01	1.222921435125780797e-02
1.768333333333333357e+01	-5.113702340620085440e-03
1.769999999999999929e+01	4.339919769734752741e-02
1.771666666666666501e+01	-1.402979771303035708e-02
1.773333333333333428e+01	4.503739886938128850e-02
1.775000000000000000e+01	-5.398402410551090581e-03
1.776666666666666572e+01	-4.391798078730914726e-03
1.778333333333333144e+01	-4.577303213768896956e-02
1.780000000000000071e+01	1.019218719732519797e-02
1.781666666666666998e+01	-1.826265347993554986e-02
1.783333333333333570e+01	9.839859820086706288e-03
1.785000000000000142e+01	-4.294938005957843474e-03
1.786666666666666714e+01	-2.349753537354946561e-02
1.788333333333333286e+01	-8.736530159646819366e-03
1.790000000000000213e+01	-1.511876681709026574e-02
1.791666666666666785e+01	2.698800371761280945e-02
1.793333333333333357e+01	2.784214452171245024e-02
1.794999999999999929e+01	-6.477708840923579459e-02
1.796666666666666856e+01	6.744087039251632498e-02
1.798333333333333428e+01	3.778324370565507018e-02
1.800000000000000000e+01	3.249193069796548622e-02
1.801666666666666572e+01	-1.406907810055107316e-02
1.803333333333333144e+01	-5.514457283025035218e-03
1.805000000000000071e+01	2.469192866159724935e-03
1.806666666666666643e+01	-4.297478124650529023e-03
1.808333333333333215e+01	-6.125166637510464154e-03
1.809999999999999787e+01	4.790815361125699140e-03
1.811666666666666714e+01	-1.009385551753557916e-02
1.813333333333333641e+01	-5.468703647708584789e-03
1.815000000000000213e+01	-3.389262731600183737e-03
1.816666666666666785e+01	1.536700735595169544e-02
1.818333333333333357e+01	-2.008881924778555678e-02
1.820000000000000284e+01	4.615690302901288844e-02
1.821666666666666856e+01	3.446599661551814908e-02
1.823333333333333428e+01	4.739348073678501666e-03
1.825000000000000000e+01	7.517095331148027949e-03
1.826666666666666572e+01	2.954461129153506879e-02
1.828333333333333499e+01	4.136893713632904673e-02
1.830000000000000071e+01	-1.706319504027972722e-02
1.831666666666666643e+01	-1.514710063118702467e-02
1.833333333333333215e+01	1.808099287742387373e-02
1.834999999999999787e+01	1.545066992676167976e-02
1.836666666666666714e+01	-3.063062913271158427e-02
1.838333333333333286e+01	-2.464987374915522667e-02
1.839999999999999858e+01	-9.248844962652635546e-03
1.841666666666666430e+01	3.422786317869425804e-02
1.843333333333333357e+01	-4.047842799183147544e-02
1.845000000000000284e+01	1.686703482047255745e-03
1.846666666666666856e+01	-1.209741033549345882e-02
1.848333333333333428e+01	-4.668306388816408428e-03
1.850000000000000000e+01	-4.265900792133103109e-02
1.851666666666666927e+01	-5.140567786396629639e-03
1.853333333333333499e+01	-9.955868361047949880e-03
1.855000000000000071e+01	-2.119300217548473336e-03
1.856666666666666643e+01	-2.091104981731133766e-02
1.858333333333333215e+01	6.583037117841961106e-02
1.860000000000000142e+01	1.889209523687103084e-02
1.861666666666666714e+01	-6.370822165066608589e-02
1.863333333333333286e+01	-4.401194042249281096e-02
1.864999999999999858e+01	-4.306659103106633482e-03
1.866666666666666785e+01	-1.364504543156710992e-02
1.868333333333333357e+01	-2.339254869035494420e-03
1.869999999999999929e+01	-3.291708265990062054e-02
1.871666666666666501e+01	7.067791745588958285e-02
1.873333333333333073e+01	1.073858245021902931e-04
1.875000000000000000e+01	-3.074926538190833614e-02
1.876666666666666927e+01	-6.493021992827359250e-03
1.878333333333333499e+01	2.243003098417150482e-02
1.880000000000000071e+01	-4.603493522732398507e-02
1.881666666666666643e+01	2.990806821671609592e-02
1.883333333333333570e+01	2.326480256589597354e-03
1.885000000000000142e+01	5.691026577958512717e-02
1.886666666666666714e+01	-4.261301528587323542e-03
1.888333333333333286e+01	4.855944809266128648e-02
1.890000000000000213e+01	1.774605270675940275e-02
1.891666666666666785e+01	-5.175068799788394049e-03
1.893333333333333357e+01	4.152749671351693012e-02
1.894999999999999929e+01	7.322323101823609813e-03
1.896666666666666501e+01	2.056423604207029479e-02
1.898333333333333428e+01	4.198218331113562005e-03
1.900000000000000000e+01	8.230969130086435853e-03
1.901666666666666572e+01	-1.960259927443477532e-02
1.903333333333333144e+01	6.398790962283102714e-03
1.904999999999999716e+01	-8.850843481595866216e-03
1.906666666666666643e+01	-4.458657144759941432e-03
1.908333333333333570e+01	-1.578740897593889844e-02
1.910000000000000142e+01	-1.276455834000708028e-02
1.911666666666666714e+01	3.106919524439220176e-02
1.913333333333333641e+01	6.208708049005251528e-02
1.915000000000000213e+01	1.394170762178975273e-02
1.916666666666666785e+01	-2.077254667549238362e-02
1.918333333333333357e+01	-6.177507013897643590e-02
1.919999999999999929e+01	2.289154515875095088e-03
1.921666666666666856e+01	-1.576104388156961134e-02
1.923333333333333428e+01	2.643834323501176656e-02
1.925000000000000000e+01	4.051422257460630776e-03
1.926666666666666572e+01	-1.184228738734581857e-02
1.928333333333333144e+01	8.442295774897473279e-03
1.930000000000000071e+01	2.094734760496644310e-02
1.931666666666666643e+01	1.479981027191420127e-02
1.933333333333333215e+01	3.212322611487797297e-02
1.934999999999999787e+01	-1.499380194735525085e-02
1.936666666666666714e+01	-8.331275266601777252e-02
1.938333333333333641e+01	1.506840051235269588e-02
1.940000000000000213e+01	4.744315065085516654e-03
1.941666666666666785e+01	6.055496335147712156e-03
1.943333333333333357e+01	3.110589529383528742e-02
1.945000000000000284e+01	-1.063444198155289074e-02
1.946666666666666856e+01	1.665430975444758335e-02
1.948333333333333428e+01	-3.075724893713333019e-02
1.950000000000000000e+01	1.777043134772714889e-02
1.951666666666666572e+01	2.981386725800089579e-02
1.953333333333333499e+01	-1.015731575493444144e-02
1.955000000000000071e+01	5.416097644620843088e-02
1.956666666666666643e+01	1.645787423089913049e-02
1.958333333333333215e+01	-2.302723682236900576e-02
1.960000000000000142e+01	1.312951609671321983e-02
1.961666666666666714e+01	-1.305841463135778806e-02
1.963333333333333286e+01	4.828737683270740294e-02
1.964999999999999858e+01	1.212724135517225833e-02
1.966666666666666430e+01	-2.162408028746993366e-02
1.968333333333333357e+01	5.911342729472808533e-02
1.970000000000000284e+01	2.564558490630742399e-02
1.971666666666666856e+01	4.477722427872536659e-02
1.973333333333333428e+01	3.689530227119569572e-02
1.975000000000000000e+01	1.541017512216479556e-02
1.976666666666666927e+01	4.384712314277101897e-02
1.978333333333333499e+01	5.649783311355568993e-02
1.980000000000000071e+01	4.810718352377860683e-03
1.981666666666666643e+01	1.788769056047882430e-02
1.983333333333333570e+01	-5.513073299497670693e-02
1.985000000000000142e+01	1.972436220060291151e-02
1.986666666666666714e+01	1.233661885519356412e-02
1.988333333333333286e+01	2.385999315811133080e-03
1.989999999999999858e+01	7.606680958146749827e-02
1.991666666666666785e+01	1.461967495171556143e-02
1.993333333333333357e+01	-1.637030411495254576e-03
1.994999999999999929e+01	4.128364509996416271e-02
1.996666666666666501e+01	-1.903543576281793714e-02
1.998333333333333073e+01	-2.231836476091497885e-03
2.000000000000000000e+01	-1.926970689671716683e-02
2.001666666666666927e+01	-2.057198866943450288e-03
2.003333333333333499e+01	1.050101205896372160e-02
2.005000000000000071e+01	-4.888853298632132860e-02
2.006666666666666643e+01	-2.326725370622223510e-02
2.008333333333333570e+01	9.272511774737009563e-03
2.010000000000000142e+01	4.698484202734758142e-02
2.011666666666666714e+01	-4.094412028147020183e-02
2.013333333333333286e+01	-5.211061781438074830e-02
2.015000000000000213e+01	-5.260329870198932750e-02
2.016666666666666785e+01	-2.406501048677503560e-03
2.018333333333333357e+01	6.456000499354849070e-03
2.019999999999999929e+01	-2.695176021218664841e-02
2.021666666666666501e+01	-6.951697778871399405e-03
2.023333333333333428e+01	2.100673030153030196e-02
2.025000000000000000e+01	-6.645144945916234280e-02
2.026666666666666572e+01	1.573844200832860696e-02
2.028333333333333144e+01	-1.996902914027410408e-02
2.029999999999999716e+01	2.272383130199302943e-03
2.031666666666666643e+01	-5.859788009439810368e-03
2.033333333333333570e+01	8.452965161247905437e-03
2.035000000000000142e+01	1.166891048661370354e-02
2.036666666666666714e+01	2.678670981472203606e-03
2.038333333333333641e+01	-3.627618755303740894e-02
2.040000000000000213e+01	-3.186145640434734361e-02
2.041666666666666785e+01	-2.049408807081314066e-02
2.043333333333333357e+01	-8.944082050225402036e-02
2.044999999999999929e+01	-3.660572003844526651e-04
2.046666666666666856e+01	-8.753815958082113505e-03
2.048333333333333428e+01	-3.771732890474101957e-02
2.050000000000000000e+01	-4.859593266097422121e-02
2.051666666666666572e+01	-2.343380109345799892e-02
2.053333333333333144e+01	-3.913626210540188666e-02
2.055000000000000071e+01	5.806168771339943746e-02
2.056666666666666643e+01	-3.762744760241962944e-02
2.058333333333333215e+01	5.205649527545766486e-02
2.059999999999999787e+01	3.432571756640842575e-02
2.061666666666666714e+01	5.272593373925391069e-02
2.063333333333333286e+01	2.399904666851265453e-02
2.065000000000000213e+01	-2.058795009347568709e-03
2.066666666666666785e+01	-3.258634309687305150e-03
2.068333333333333357e+01	-7.897797369756404118e-03
2.070000000000000284e+01	1.291398511978071421e-02
2.071666666666666856e+01	-5.696034781694793436e-02
2.073333333333333428e+01	4.028347911974804532e-03
2.075000000000000000e+01	3.672407890772558942e-02
2.076666666666666572e+01	5.286133185821129121e-02
2.078333333333333499e+01	1.660091748038273335e-02
2.080000000000000071e+01	-2.974164263203075281e-02
2.081666666666666643e+01	-1.776721574653072899e-02
2.083333333333333215e+01	-4.624496788892498711e-02
2.085000000000000142e+01	-1.474370519060338482e-02
2.086666666666666714e+01	1.799031306920001461e-02
2.088333333333333286e+01	-5.447671405734293669e-03
2.089999999999999858e+01	-1.321682404214756176e-02
2.091666666666666430e+01	3.574922006258755142e-02
2.093333333333333357e+01	-7.122089891045849108e-02
2.094999999999999929e+01	-3.677286049704225901e-02
2.096666666666666856e+01	4.735952430489175774e-02
2.098333333333333428e+01	3.717687795704947840e-02
2.100000000000000000e+01	-2.069546034591188133e-02
2.101666666666666927e+01	2.190192904208112037e-02
2.103333333333333499e+01	3.985740359510379915e-02
2.105000000000000071e+01	-4.906571574209363934e-02
2.106666666666666643e+01	-2.409577447447973191e-03
2.108333333333333570e+01	4.467776647550320349e-03
2.110000000000000142e+01	2.761496371786207465e-02
2.111666666666666714e+01	1.126887019975243535e-02
2.113333333333333286e+01	-4.005042403971198484e-02
2.114999999999999858e+01	-7.207691777678060414e-03
2.116666666666666785e+01	-4.243712280183688235e-02
2.118333333333333357e+01	2.610558791361992925e-02
2.119999999999999929e+01	-1.169563856356725315e-02
2.121666666666666501e+01	-2.823403809410149345e-02
2.123333333333333073e+01	5.119456593120640803e-03
2.125000000000000000e+01	3.849584457608141996e-02
2.126666666666666572e+01	-1.258986834615907595e-02
2.128333333333333499e+01	3.618906849604359294e-02
2.130000000000000071e+01	4.458817937020807635e-03
2.131666666666666998e+01	-4.405316812927746045e-02
2.133333333333333570e+01	2.720587804966818901e-02
2.135000000000000142e+01	-1.107489307673455853e-02
2.136666666666666714e+01	-2.367330237859657793e-02
2.138333333333333286e+01	-3.389444176447225371e-02
2.140000000000000213e+01	2.597997985007441607e-04
2.141666666666666785e+01	1.966472213420698487e-02
2.143333333333333357e+01	1.977118537382124494e-02
2.144999999999999929e+01	3.522284985562099818e-02
2.146666666666666501e+01	5.197451214944749653e-02
2.148333333333333428e+01	6.145160984705793673e-03
2.150000000000000000e+01	2.473131578206430245e-02
2.151666666666666572e+01	1.104827741134395414e-02
2.153333333333333144e+01	-5.241631834674414375e-02
2.155000000000000071e+01	5.500799277763140233e-02
2.156666666666666643e+01	-4.203055946036027279e-02
2.158333333333333570e+01	-5.780050160321201225e-02
2.160000000000000142e+01	-5.483328250640495671e-02
2.161666666666666714e+01	2.245760343301616765e-02
2.163333333333333641e+01	-1.872596586821503872e-02
2.165000000000000213e+01	4.328498676097831434e-03
2.166666666666666785e+01	5.379639005294024889e-02
2.168333333333333357e+01	1.746005292971021874e-02
2.169999999999999929e+01	7.334944216507134629e-02
2.171666666666666856e+01	6.923200640864739241e-02
2.173333333333333428e+01	-3.950074064846678733e-04
2.175000000000000000e+01	7.694877807788232278e-03
2.176666666666666572e+01	1.012346139482240594e-02
2.178333333333333499e+01	-3.179715739883016133e-04
2.180000000000000071e+01	7.276216385613472337e-02
2.181666666666666643e+01	-9.607478193895790941e-03
2.183333333333333215e+01	-4.334825235046928238e-02
2.184999999999999787e+01	-1.352969528640250545e-02
2.186666666666666714e+01	6.033965646117958256e-03
2.188333333333333286e+01	-1.625192027883650553e-02
2.190000000000000213e+01	3.001226742347747750e-02
2.191666666666666785e+01	-3.298271959550251944e-03
2.193333333333333357e+01	-2.179088001810688610e-02
2.195000000000000284e+01	2.722446486632792290e-02
2.196666666666666856e+01	-2.680816496055590109e-02
2.198333333333333428e+01	-1.879777060048979168e-02
2.200000000000000000e+01	-3.392074835631723323e-02
2.201666666666666927e+01	-6.978127282036059031e-02
2.203333333333333499e+01	2.160046021641072803e-02
2.205000000000000071e+01	-6.139310065129686272e-02
2.206666666666666643e+01	3.143411823839586863e-03
2.208333333333333215e+01	4.266910928261678088e-02
2.210000000000000142e+01	3.212244070299513556e-03
2.211666666666666714e+01	-1.435841285659494176e-02
2.213333333333333286e+01	-1.973448273498565678e-02
2.214999999999999858e+01	-2.085904051527258038e-02
2.216666666666666430e+01	-2.264464749451003747e-02
2.218333333333333357e+01	3.789954707198720917e-03
2.219999999999999929e+01	-1.065510785019408053e-02
2.221666666666666856e+01	-1.295310705698505963e-03
2.223333333333333428e+01	-3.394780321163719250e-02
2.225000000000000355e+01	4.598005639896755870e-02
2.226666666666666927e+01	-5.757637305190486075e-03
2.228333333333333499e+01	1.011883498079469389e-02
2.230000000000000071e+01	-3.366869834368988595e-02
2.231666666666666643e+01	5.576389632200854339e-03
2.233333333333333570e+01	-1.046113782147558083e-02
2.235000000000000142e+01	-1.465541174656687963e-02
2.236666666666666714e+01	1.488545978248695910e-02
2.238333333333333286e+01	-3.209081761782724140e-02
2.239999999999999858e+01	-2.331269135805167422e-03
2.241666666666666785e+01	3.368425974068992024e-02
2.243333333333333357e+01	2.375717450145195531e-02
2.244999999999999929e+01	4.416353548351861780e-02
2.246666666666666501e+01	-2.774221936201900010e-02
2.248333333333333428e+01	-1.401984141825874351e-02
2.250000000000000000e+01	-2.359862015209321373e-02
2.251666666666666572e+01	-2.094687169294522089e-02
2.253333333333333499e+01	-1.597434642869752577e-02
2.255000000000000071e+01	5.558695120128644140e-02
2.256666666666666998e+01	4.912453460341047184e-02
2.258333333333333570e+01	1.467462485818253615e-02
2.260000000000000142e+01	1.108433919911759949e-02
2.261666666666666714e+01	-1.483225206061314361e-02
2.263333333333333286e+01	-6.202291186607063883e-02
2.265000000000000213e+01	1.561078108310451872e-02
2.266666666666666785e+01	-9.034174187800309008e-03
2.268333333333333357e+01	-1.558159733611500994e-02
2.269999999999999929e+01	-2.622291240163165515e-03
2.271666666666666856e+01	-6.420544021827231940e-02
2.273333333333333428e+01	-2.624351531376442007e-03
2.275000000000000000e+01	-7.168712857793978210e-02
2.276666666666666572e+01	-1.170446403638773607e-02
2.278333333333333144e+01	-3.452832623088324115e-02
2.280000000000000071e+01	-4.324933000696463969e-02
2.281666666666666643e+01	-2.806529906939209465e-02
2.283333333333333215e+01	-1.670030599107082125e-02
2.285000000000000142e+01	1.844724549884515369e-02
2.286666666666666714e+01	3.530998311707751053e-02
2.288333333333333641e+01	5.957870782791003378e-02
2.290000000000000213e+01	-7.274949859885404373e-03
2.291666666666666785e+01	-8.688515397629619288e-03
2.293333333333333357e+01	6.721730594649857546e-03
2.294999999999999929e+01	2.506542699778360750e-03
2.296666666666666856e+01	7.558716358229695953e-03
2.298333333333333428e+01	-4.275720837755197373e-02
2.300000000000000000e+01	-3.682071476860521858e-02
2.301666666666666572e+01	-5.079431130475339784e-02
2.303333333333333499e+01	-1.496889848666698927e-03
2.305000000000000071e+01	4.911210592209767391e-03
2.306666666666666643e+01	-5.377265121876097752e-03
2.308333333333333215e+01	1.449662490250392538e-02
2.309999999999999787e+01	7.223018012491616568e-02
2.311666666666666714e+01	6.607621277279642109e-03
2.313333333333333286e+01	4.527411813108953020e-02
2.314999999999999858e+01	7.733879433272430881e-02
2.316666666666666785e+01	-5.489377447290040221e-03
2.318333333333333357e+01	1.548250535154786257e-02
2.320000000000000284e+01	-2.078891198959178371e-02
2.321666666666666856e+01	-4.681137482607702904e-02
2.323333333333333428e+01	8.252484787941868037e-04
2.325000000000000000e+01	1.570286543626700851e-02
2.326666666666666927e+01	2.036349100972620341e-02
2.328333333333333499e+01	3.010465320872220824e-02
2.330000000000000071e+01	-6.303037501010266309e-03
2.331666666666666643e+01	-4.599495906035407609e-03
2.333333333333333215e+01	1.214843114214496020e-02
2.335000000000000142e+01	-5.051704126389650745e-02
2.336666666666666714e+01	-4.588622027909516204e-02
2.338333333333333286e+01	4.317020889820231272e-02
2.339999999999999858e+01	-5.576563714181683590e-02
2.341666666666666430e+01	-1.505927132174171568e-02
2.343333333333333357e+01	1.737354313103835896e-02
2.344999999999999929e+01	6.409150858866353995e-02
2.346666666666666501e+01	-1.372867200029650493e-02
2.348333333333333428e+01	1.488181857527167903e-02
2.350000000000000355e+01	-4.931746867615975638e-02
2.351666666666666927e+01	1.731783897573553263e-02
2.353333333333333499e+01	-4.117353091053370384e-02
2.355000000000000071e+01	2.895587793126458420e-02
2.356666666666666643e+01	-1.594704323377050398e-02
2.358333333333333570e+01	-4.170146108269833646e-02
2.360000000000000142e+01	-1.736254755377782469e-02
2.361666666666666714e+01	1.018304160065169883e-02
2.363333333333333286e+01	-2.189479318792917836e-02
2.364999999999999858e+01	2.313176363894573970e-02
2.366666666666666785e+01	1.015818651260023270e-02
2.368333333333333357e+01	5.146359114951627733e-02
2.369999999999999929e+01	2.789401965387729512e-02
2.371666666666666501e+01	1.554591202768234454e-02
2.373333333333333428e+01	7.064843600823988989e-02
2.375000000000000000e+01	9.263650960433250300e-03
2.376666666666666572e+01	9.842016543727504299e-03
2.378333333333333144e+01	2.568557456742415895e-02
2.380000000000000071e+01	-3.121441752992274929e-02
2.381666666666666998e+01	1.155459519793925784e-02
2.383333333333333570e+01	5.461287163974699876e-02
2.385000000000000142e+01	1.704942026071214201e-02
2.386666666666666714e+01	-5.339706404170010273e-02
2.388333333333333286e+01	7.787579011069459267e-02
2.390000000000000213e+01	-1.485107208287179958e-02
2.391666666666666785e+01	-6.964839390905801231e-03
2.393333333333333357e+01	2.516016421702333555e-02
2.394999999999999929e+01	5.933662132998464289e-02
2.396666666666666856e+01	-2.108825127722190745e-02
2.398333333333333428e+01	-2.585744455013715831e-02
2.400000000000000000e+01	-4.803286152445277596e-02
2.401666666666666572e+01	-5.111437701778857173e-03
2.403333333333333144e+01	-7.415339248482952055e-03
2.405000000000000071e+01	-9.338394622646429069e-03
2.406666666666666643e+01	6.095533205868691219e-03
2.408333333333333215e+01	1.785400726995032411e-02
2.410000000000000142e+01	-4.170019445726197427e-02
2.411666666666666714e+01	2.435708268617663499e-02
2.413333333333333641e+01	2.547992509360480842e-02
2.415000000000000213e+01	-3.984731068275722959e-02
2.416666666666666785e+01	2.916937627676963185e-02
2.418333333333333357e+01	1.324958377096011053e-02
2.420000000000000284e+01	-6.105214714092475209e-02
2.421666666666666856e+01	6.685888758945773488e-03
2.423333333333333428e+01	-3.761463054074890705e-02
2.425000000000000000e+01	-2.274588617616076034e-03
2.426666666666666572e+01	-3.828333200845335238e-02
2.428333333333333499e+01	-2.614036619582579130e-02
2.430000000000000071e+01	-1.452072476063030228e-02
2.431666666666666643e+01	7.925757147861499374e-03
2.433333333333333215e+01	2.388690229920855529e-02
2.434999999999999787e+01	2.735216811962132635e-02
2.436666666666666714e+01	-9.073089122682921615e-02
2.438333333333333286e+01	-4.474976859806516216e-03
2.439999999999999858e+01	3.347808366222999876e-02
2.441666666666666785e+01	-4.618749118127949381e-03
2.443333333333333712e+01	-3.395419910136348446e-02
2.445000000000000284e+01	-5.019953745106975340e-02
2.446666666666666856e+01	3.602841577856197210e-03
2.448333333333333428e+01	3.646570408930819435e-02
2.450000000000000000e+01	-3.962315119061456115e-02
2.451666666666666927e+01	-2.325949096954940329e-02
2.453333333333333499e+01	-5.090586465148051049e-02
2.455000000000000071e+01	2.894536664253474431e-02
2.456666666666666643e+01	-3.734702080956497482e-03
2.458333333333333215e+01	2.546884856829835855e-02
2.460000000000000142e+01	1.452956265474788719e-02
2.461666666666666714e+01	8.519191847862445793e-03
2.463333333333333286e+01	1.629329246131967432e-02
2.464999999999999858e+01	-2.667597552066045506e-03
2.466666666666666785e+01	2.147391722032712669e-02
2.468333333333333357e+01	3.273381826958650116e-03
2.469999999999999929e+01	1.191448013875326742e-02
2.471666666666666501e+01	-2.541831839375583227e-02
2.473333333333333428e+01	-5.607390714898288775e-02
2.475000000000000355e+01	1.512970907525058688e-02
2.476666666666666927e+01	-1.420705130762662041e-02
2.478333333333333499e+01	-7.267105404947706015e-02
2.480000000000000071e+01	6.283265013960645691e-03
2.481666666666666643e+01	-2.154518418708079031e-02
2.483333333333333570e+01	-3.773006256780463835e-02
2.485000000000000142e+01	-5.436022630040707182e-02
2.486666666666666714e+01	1.011980270251291308e-01
2.488333333333333286e+01	4.849331513892807255e-02
2.490000000000000213e+01	5.967828754239934939e-03
2.491666666666666785e+01	3.576748812872697358e-02
2.493333333333333357e+01	-2.679063530258523826e-02
2.494999999999999929e+01	-8.651125641479386064e-03
2.496666666666666501e+01	2.852580471178881374e-02
2.498333333333333428e+01	-4.099745434918657117e-02
2.500000000000000000e+01	-2.744296266509401155e-03
2.501666666666666572e+01	-3.890456694923587894e-02
2.503333333333333144e+01	-4.467850956605917689e-02
2.505000000000000071e+01	3.161980746221881855e-02
2.506666666666666998e+01	-3.909029836301208816e-02
2.508333333333333570e+01	-2.111823970461072786e-02
2.510000000000000142e+01	8.491442086731694830e-03
2.511666666666666714e+01	-8.521368778215777928e-03
2.513333333333333641e+01	2.647671197385876099e-02
2.515000000000000213e+01	-3.223334816724610780e-02
2.516666666666666785e+01	-4.236609976754088930e-02
2.518333333333333357e+01	-2.978068485573210494e-02
2.519999999999999929e+01	1.901943835557122139e-02
2.521666666666666856e+01	-4.964613038130131356e-02
2.523333333333333428e+01	2.400107010871924823e-02
2.525000000000000000e+01	-6.102830480171782257e-02
2.526666666666666572e+01	-1.804324737505515544e-02
2.528333333333333144e+01	2.663632086976471317e-02
2.530000000000000071e+01	-5.613179443870489060e-02
2.531666666666666643e+01	-3.212271612264940707e-02
2.533333333333333215e+01	8.095594556245951437e-03
2.534999999999999787e+01	9.760233190559066893e-03
2.536666666666666714e+01	2.889644653877227604e-02
2.538333333333333641e+01	-4.698318657175194757e-02
2.540000000000000213e+01	-8.498527147159538886e-02
2.541666666666666785e+01	-2.929122247531487297e-02
2.543333333333333357e+01	-1.537123633904604464e-02
2.545000000000000284e+01	2.655302317602481824e-02
2.546666666666666856e+01	6.414478831075325072e-02
2.548333333333333428e+01	2.960178482319456711e-02
2.550000000000000000e+01	-1.961879695006821332e-03
2.551666666666666572e+01	-3.784420415355440291e-03
2.553333333333333499e+01	7.531787541652712990e-03
2.555000000000000071e+01	1.492650001789559006e-02
2.556666666666666643e+01	-2.160484734135363627e-02
2.558333333333333215e+01	1.441993229226756421e-02
2.559999999999999787e+01	-1.135291585677390865e-02
2.561666666666666714e+01	-6.243507005383831104e-03
2.563333333333333286e+01	-5.653370380748463930e-02
2.564999999999999858e+01	-2.261340094111735297e-02
2.566666666666666430e+01	-7.772228358574860552e-02
2.568333333333333357e+01	3.706755992526510057e-02
2.570000000000000284e+01	-2.730873410509670682e-02
2.571666666666666856e+01	-2.019729786587598844e-02
2.573333333333333428e+01	-1.667169314905518965e-02
2.575000000000000000e+01	-5.320322846931382910e-02
2.576666666666666927e+01	7.957687787172809321e-03
2.578333333333333499e+01	2.700900494154057085e-02
2.580000000000000071e+01	1.767698435741769242e-02
2.581666666666666643e+01	-5.136382080993166094e-02
2.583333333333333215e+01	2.568842776832367530e-02
2.585000000000000142e+01	-1.879168502997164564e-02
2.586666666666666714e+01	-1.427149754490126751e-02
2.588333333333333286e+01	5.242685996716014811e-03
2.589999999999999858e+01	-1.978145762114848563e-02
2.591666666666666785e+01	-1.714847376934949808e-04
2.593333333333333357e+01	2.941790437424749924e-02
2.594999999999999929e+01	-3.329418528045476749e-02
2.596666666666666501e+01	1.779698722961274571e-02
2.598333333333333073e+01	-4.677768305138919891e-02
2.600000000000000355e+01	2.418254477469544000e-02
2.601666666666666927e+01	-1.363863858569592732e-02
2.603333333333333499e+01	4.279449886771789779e-02
2.605000000000000071e+01	-6.077290516198238790e-02
2.606666666666666643e+01	-9.575182663506440553e-03
2.608333333333333570e+01	-1.825963778753611835e-02
2.610000000000000142e+01	-6.256107221701069643e-02
2.611666666666666714e+01	-3.111785111757023499e-03
2.613333333333333286e+01	1.945671050633886873e-02
2.615000000000000213e+01	-5.062193517944079540e-03
2.616666666666666785e+01	-1.561052075937046854e-02
2.618333333333333357e+01	3.016952025295064482e-02
2.619999999999999929e+01	-3.676310923549459125e-02
2.621666666666666501e+01	1.226300585275898712e-02
2.623333333333333428e+01	-2.832598891633324872e-02
2.625000000000000000e+01	-1.318970696334065447e-02
2.626666666666666572e+01	9.874828375488894309e-04
2.628333333333333144e+01	5.417298304055018221e-03
2.629999999999999716e+01	6.600294928044152243e-02
2.631666666666666998e+01	4.305383846575264184e-02
2.633333333333333570e+01	-9.994485970546569328e-03
2.635000000000000142e+01	-1.912978394643208638e-02
2.636666666666666714e+01	2.736592622706544246e-03
2.638333333333333641e+01	-5.697024628818883607e-02
2.640000000000000213e+01	1.366355938944682422e-02
2.641666666666666785e+01	1.513627326309028263e-02
2.643333333333333357e+01	1.698192386891474517e-02
2.644999999999999929e+01	2.782841833138901752e-02
2.646666666666666856e+01	-2.950531847923777706e-02
2.648333333333333428e+01	1.656757637021721852e-02
2.650000000000000000e+01	-4.308434324233142987e-02
2.651666666666666572e+01	3.342723755254964346e-02
2.653333333333333144e+01	-2.191075105506193679e-02
2.655000000000000071e+01	6.824506359762776142e-02
2.656666666666666643e+01	1.739862361122457290e-02
2.658333333333333215e+01	1.185469573171868234e-02
2.659999999999999787e+01	1.163870041403486030e-02
2.661666666666666714e+01	-7.221428531197974718e-03
2.663333333333333641e+01	2.813222501881503662e-02
2.665000000000000213e+01	2.751515064881003558e-02
2.666666666666666785e+01	8.017647598897302986e-04
2.668333333333333357e+01	-8.385405859129644451e-03
2.670000000000000284e+01	1.250053645902768698e-02
2.671666666666666856e+01	4.342625011253239964e-02
2.673333333333333428e+01	-4.785343686835675375e-02
2.675000000000000000e+01	-2.382511762853658718e-02
2.676666666666666572e+01	-1.078996291737420454e-02
2.678333333333333499e+01	-2.450866314141449294e-03
2.680000000000000071e+01	5.227523045858543244e-02
2.681666666666666643e+01	-1.391266573153746022e-02
2.683333333333333215e+01	-2.789477750871461117e-02
2.685000000000000142e+01	3.078521890246627840e-02
2.686666666666666714e+01	-4.036525981281903486e-02
2.688333333333333286e+01	2.780409775608884762e-02
2.689999999999999858e+01	9.791048382829034211e-03
2.691666666666666430e+01	-6.122310254060766947e-03
2.693333333333333357e+01	-1.676600607043116434e-02
2.695000000000000284e+01	-2.872092069874130488e-03
2.696666666666666856e+01	9.378889265598069902e-02
2.698333333333333428e+01	-3.551932581308299419e-02
2.700000000000000000e+01	3.576376304591949440e-02
2.701666666666666927e+01	4.492763293217932191e-02
2.703333333333333499e+01	-1.527325359053893945e-02
2.705000000000000071e+01	3.833393401196333317e-02
2.706666666666666643e+01	-2.702666316164180696e-02
2.708333333333333570e+01	4.404051558504503555e-02
2.710000000000000142e+01	-3.062935758936709274e-02
2.711666666666666714e+01	-5.206690554427387263e-02
2.713333333333333286e+01	-2.996931768009139865e-02
2.714999999999999858e+01	-1.021744863506661959e-02
2.716666666666666785e+01	-4.203970125213010722e-02
2.718333333333333357e+01	-5.523381145493656136e-02
2.719999999999999929e+01	7.184759530914552536e-03
2.721666666666666501e+01	-2.674711436237466478e-03
2.723333333333333073e+01	1.065915291130938893e-02
2.725000000000000000e+01	1.807024387409861092e-03
2.726666666666666927e+01	6.978297702502438138e-02
2.728333333333333499e+01	1.287376399951826317e-02
2.730000000000000071e+01	-2.283095211637611172e-02
2.731666666666666998e+01	-9.402803899634513312e-04
2.733333333333333570e+01	2.746643324062518834e-02
2.735000000000000142e+01	-2.971754044809406248e-02
2.736666666666666714e+01	-9.226291530089109072e-03
2.738333333333333286e+01	-5.356146596334776522e-02
2.740000000000000213e+01	4.003429434422657585e-02
2.741666666666666785e+01	-3.867606773523980801e-02
2.743333333333333357e+01	-8.084169824391296277e-02
2.744999999999999929e+01	-1.575571895886191884e-02
2.746666666666666501e+01	3.430268934941666653e-02
2.748333333333333428e+01	-1.577941282505126303e-02
2.750000000000000000e+01	2.856517648769731424e-02
2.751666666666666572e+01	3.872654337253815266e-03
2.753333333333333144e+01	-5.394938628709770173e-02
2.755000000000000071e+01	-9.594853564572826399e-03
2.756666666666666643e+01	-9.343050143200892430e-03
2.758333333333333570e+01	5.279453531250840985e-03
2.760000000000000142e+01	-1.446181754217358041e-02
2.761666666666666714e+01	1.018438871171553281e-03
2.763333333333333641e+01	-2.126047761555263302e-02
2.765000000000000213e+01	8.155588122491362613e-03
2.766666666666666785e+01	3.343865234844225348e-02
2.768333333333333357e+01	-2.903212785723316772e-02
2.769999999999999929e+01	-2.572395010149656353e-02
2.771666666666666856e+01	-1.318858220078385039e-02
2.773333333333333428e+01	-5.062882851221849750e-02
2.775000000000000000e+01	1.382891497135033815e-02
2.776666666666666572e+01	-2.994183072801389831e-02
2.778333333333333499e+01	1.242716494739807588e-02
2.780000000000000071e+01	-4.997591141982626883e-02
2.781666666666666643e+01	-1.555279368503116079e-02
2.783333333333333215e+01	1.836646958551283945e-02
2.784999999999999787e+01	-4.705220500817051954e-02
2.786666666666666714e+01	2.213364651652297010e-02
2.788333333333333286e+01	-4.927547077311018875e-02
2.790000000000000213e+01	3.724921948483969712e-03
2.791666666666666785e+01	-3.822985057548173443e-02
2.793333333333333357e+01	9.537349022748976834e-03
2.795000000000000284e+01	-6.496413252853509845e-02
2.796666666666666856e+01	1.484924104998700846e-02
2.798333333333333428e+01	-3.203644776595346993e-02
2.800000000000000000e+01	-9.880258222227881332e-03
2.801666666666666927e+01	-1.747933684440638514e-04
2.803333333333333499e+01	1.621230472222674399e-02
2.805000000000000071e+01	1.614330228257618641e-02
2.806666666666666643e+01	7.325157783779607731e-03
2.808333333333333215e+01	-3.011511233732672675e-03
2.810000000000000142e+01	4.939432282745823827e-02
2.811666666666666714e+01	3.852896151523212825e-02
2.813333333333333286e+01	-8.181999453908817346e-03
2.814999999999999858e+01	-2.129387542324417525e-03
2.816666666666666430e+01	1.592565037029383332e-02
2.818333333333333357e+01	4.041944595585057753e-02
2.819999999999999929e+01	-3.322361644499340766e-02
2.821666666666666856e+01	2.661304297755087700e-02
2.823333333333333428e+01	-1.274323698290865878e-02
2.825000000000000355e+01	-2.957181011376665627e-02
2.826666666666666927e+01	-1.123228296705003869e-02
2.828333333333333499e+01	-6.181730715581083835e-03
2.830000000000000071e+01	-1.038573544321309133e-02
2.831666666666666643e+01	1.636143511576703194e-02
2.833333333333333570e+01	1.674078128948807212e-03
2.835000000000000142e+01	-4.791816856317374605e-03
2.836666666666666714e+01	4.542139878032632611e-02
2.838333333333333286e+01	-1.358059406641086604e-02
2.839999999999999858e+01	-7.504445413402174858e-02
2.841666666666666785e+01	6.081725609006028398e-03
2.843333333333333357e+01	1.913160833019191681e-02
2.844999999999999929e+01	-4.155809648019503227e-02
2.846666666666666501e+01	-6.584429251204174105e-02
2.848333333333333073e+01	1.378062555127240220e-02
2.850000000000000000e+01	2.594717396916551566e-02
2.851666666666666927e+01	-1.597200627629455708e-02
2.853333333333333499e+01	-2.093747676435082829e-03
2.855000000000000071e+01	1.962369496884303066e-02
2.856666666666666998e+01	-6.554229757695648195e-02
2.858333333333333570e+01	1.468872689172796321e-02
2.860000000000000142e+01	-1.254128946832942793e-02
2.861666666666666714e+01	-1.307739128348686664e-02
2.863333333333333286e+01	3.714245038273646105e-02
2.865000000000000213e+01	-5.952216591027717843e-03
2.866666666666666785e+01	-2.600729617274748651e-04
2.868333333333333357e+01	-2.661176321546093737e-02
2.869999999999999929e+01	6.697821361127893891e-02
2.871666666666666501e+01	2.092945083024697756e-02
2.873333333333333428e+01	-1.115764956957580357e-02
2.875000000000000000e+01	-4.389166377892339543e-02
2.876666666666666572e+01	-4.336946835581512172e-02
2.878333333333333144e+01	3.512837135829113139e-02
2.880000000000000071e+01	-1.087890568676301746e-02
2.881666666666666643e+01	-3.984701024096393152e-02
2.883333333333333570e+01	-3.105363138920787941e-02
2.885000000000000142e+01	1.702423086120520568e-02
2.886666666666666714e+01	1.671782576927957620e-02
2.888333333333333641e+01	-2.614546131584055341e-02
2.890000000000000213e+01	3.610522738153476401e-03
2.891666666666666785e+01	2.329640049398591650e-02
2.893333333333333357e+01	2.073633276216354984e-03
2.894999999999999929e+01	6.650650299033900037e-02
2.896666666666666856e+01	-5.591672355064987443e-02
2.898333333333333428e+01	5.068672845189419948e-03
2.900000000000000000e+01	1.893729353950445934e-02
2.901666666666666572e+01	-3.655775425837393816e-02
2.903333333333333499e+01	-2.471387060986527523e-02
2.905000000000000071e+01	-9.312706872220447366e-03
2.906666666666666643e+01	1.174228386984148449e-02
2.908333333333333215e+01	-3.285968114102836429e-02
2.909999999999999787e+01	1.834982196116137498e-02
2.911666666666666714e+01	2.333302698573012229e-02
2.913333333333333286e+01	4.632107690515612462e-03
2.915000000000000213e+01	-1.250649813162726248e-02
2.916666666666666785e+01	-2.137267888779989175e-02
2.918333333333333357e+01	1.382083542850210539e-02
2.920000000000000284e+01	-8.927039568872429526e-03
2.921666666666666856e+01	-8.337218317003097789e-03
2.923333333333333428e+01	2.085616378161563381e-02
2.925000000000000000e+01	-9.921079775352831601e-03
2.926666666666666927e+01	4.834929259099791238e-02
2.928333333333333499e+01	1.655621797511248883e-02
2.930000000000000071e+01	7.066061382875041784e-03
2.931666666666666643e+01	4.163183465627238317e-02
2.933333333333333215e+01	-4.693292637935377737e-02
2.935000000000000142e+01	-2.887267072157760628e-02
2.936666666666666714e+01	-4.474549287623506150e-02
2.938333333333333286e+01	-2.943585849692564871e-03
2.939999999999999858e+01	-3.425839693488711563e-02
2.941666666666666430e+01	-2.766275810568942159e-04
2.943333333333333357e+01	-2.358394389343072481e-02
2.944999999999999929e+01	3.749365223602629110e-02
2.946666666666666856e+01	-4.490335512260522355e-02
2.948333333333333428e+01	1.651777518791079993e-02
2.950000000000000355e+01	3.398736468483716522e-02
2.951666666666666927e+01	9.024603167336046894e-03
2.953333333333333499e+01	3.521945426566473747e-02
2.955000000000000071e+01	8.433862041735998294e-02
2.956666666666666643e+01	-5.652010242214407232e-03
2.958333333333333570e+01	-3.786592396800170929e-02
2.960000000000000142e+01	1.176952058669398019e-02
2.961666666666666714e+01	-5.937020518728779866e-02
2.963333333333333286e+01	2.791555879987260916e-02
2.964999999999999858e+01	2.693446751376439574e-02
2.966666666666666785e+01	5.204337752855010824e-03
2.968333333333333357e+01	2.517677783245271181e-02
2.969999999999999929e+01	-1.024131140983791308e-02
2.971666666666666501e+01	1.956938887895318113e-02
2.973333333333333428e+01	-3.251834243979913330e-02
2.975000000000000000e+01	-2.518347341689734439e-02
2.976666666666666572e+01	4.927935741641049396e-03
2.978333333333333499e+01	3.751315577063916301e-02
2.980000000000000071e+01	-1.035318874612634749e-02
2.981666666666666998e+01	1.677476967824247794e-02
2.983333333333333570e+01	-1.351997402287404872e-02
2.985000000000000142e+01	3.214327779390269667e-03
2.986666666666666714e+01	-4.585246923354377620e-03
2.988333333333333286e+01	1.128018095192533272e-02
2.990000000000000213e+01	-2.034836377603930699e-02
2.991666666666666785e+01	-1.350188227037000567e-02
2.993333333333333357e+01	1.692548471204075727e-02
2.994999999999999929e+01	2.901961001672369658e-02
2.996666666666666856e+01	-2.747114812738888929e-03
2.998333333333333428e+01	-2.047010813294646361e-02
3.000000000000000000e+01	-4.505879617042223700e-02
3.001666666666666572e+01	-5.589859805192567282e-02
3.003333333333333144e+01	-3.160876690626502478e-02
3.005000000000000071e+01	3.013558178399805207e-02
3.006666666666666643e+01	3.269046388144836168e-02
3.008333333333333215e+01	-3.348428304060687560e-02
3.010000000000000142e+01	3.172651665232492646e-02
3.011666666666666714e+01	-2.927150940227914167e-02
3.013333333333333641e+01	-7.346492356977703253e-02
3.015000000000000213e+01	1.792518978703110458e-02
3.016666666666666785e+01	-4.572128732037758492e-03
3.018333333333333357e+01	-8.930080765103931562e-03
3.020000000000000284e+01	-2.457501228500038465e-02
3.021666666666666856e+01	-3.121087362760469747e-02
3.023333333333333428e+01	7.166217536970057728e-03
3.025000000000000000e+01	-4.687622476570330737e-03
3.026666666666666572e+01	2.899170037431283639e-02
3.028333333333333499e+01	-1.448354396596443668e-02
3.030000000000000071e+01	3.135108094105515386e-02
3.031666666666666643e+01	1.332512853852646853e-02
3.033333333333333215e+01	-2.754259417703464052e-02
3.034999999999999787e+01	-4.154550722173259297e-02
3.036666666666666714e+01	5.772473285402337801e-04
3.038333333333333286e+01	4.094075996740229734e-02
3.039999999999999858e+01	1.620442702795321308e-02
3.041666666666666785e+01	-4.237496743298935220e-02
3.043333333333333712e+01	1.486635005315037296e-03
3.045000000000000284e+01	8.547108757010180025e-02
3.046666666666666856e+01	1.649628553946048612e-02
3.048333333333333428e+01	-4.643530492207312982e-02
3.050000000000000000e+01	-4.322674385771757555e-02
3.051666666666666927e+01	9.751517675803747509e-03
3.053333333333333499e+01	1.178981681030342489e-02
3.055000000000000426e+01	-4.218791681289978113e-02
3.056666666666666643e+01	4.925202501595866283e-02
3.058333333333333570e+01	-1.015570537861703281e-02
3.059999999999999787e+01	-7.904676341935159460e-05
3.061666666666666714e+01	3.897415552901430102e-02
3.063333333333333641e+01	2.054041833095759939e-02
3.064999999999999858e+01	6.326219066884616014e-03
3.066666666666666785e+01	-6.044454136955746543e-02
3.068333333333333002e+01	3.600262806361354678e-02
3.069999999999999929e+01	-3.137119031943587377e-03
3.071666666666666856e+01	-5.965296099464357897e-03
3.073333333333333428e+01	-9.908028119657611224e-03
3.075000000000000355e+01	3.326432949472325068e-02
3.076666666666666572e+01	-3.001201404586895799e-02
3.078333333333333499e+01	3.421392003807230409e-02
3.080000000000000426e+01	-2.013427473895577566e-02
3.081666666666666643e+01	-2.218197291226439369e-02
3.083333333333333570e+01	-1.511084241256280269e-02
3.084999999999999787e+01	-2.627828058227256805e-02
3.086666666666666714e+01	3.174299671940400414e-02
3.088333333333333641e+01	8.068247033479630792e-02
3.089999999999999858e+01	-1.309362288778532016e-02
3.091666666666666785e+01	-4.380633789819792651e-02
